rowId,0,2,3,4,label
1,5.147719641,4.988260706,4.945444087,4.409964346,0
4,5.16619147,5.316269063,4.523350689,4.952096128,0
10,5.305884676,5.345064448,4.646395575,4.900003421,0
16,5.466935935,5.448468282,4.822464446,4.874357913,0
21,5.002831232,4.897140034,4.752677894,4.456178943,0
24,5.109621493,5.33675062,4.39942966,5.042257683,0
36,5.008603679,4.849154723,4.823931787,4.364734683,0
37,5.008603679,5.018015412,4.646404896,4.631912375,0
47,5.795388144,5.447766936,5.602828589,4.387977982,0
48,5.579498643,5.634585389,4.887251122,4.97854619,0
49,5.294917028,5.076529648,5.064057658,4.410671551,0
55,5.475594605,5.39952977,5.04883966,4.696625981,0
58,5.664353607,5.618419467,5.018892333,4.888444761,0
59,4.864869759,4.908441138,4.467486562,4.653695452,0
60,4.720558595,4.737216688,4.392198148,4.553223584,0
62,5.419601873,5.38278056,4.844334743,4.80913466,0
65,5.431146767,5.56591039,4.80851406,4.973097557,0
75,5.633759641,5.549236387,5.101305736,4.784957964,0
76,4.71247717,4.707140168,4.491262271,4.459505959,0
77,5.252200923,5.220208367,4.86475634,4.663579151,0
80,5.65973565,5.310987111,5.441170813,4.37228489,0
88,5.339364866,5.345990539,4.815789512,4.797195198,0
94,4.805990804,4.881834616,4.385295523,4.684208367,0
100,5.427683299,5.193063156,5.183044056,4.436105184,0
105,5.456545531,5.315112106,5.12952208,4.575816942,0
110,4.781746529,4.900167537,4.393645516,4.694472869,0
113,5.29895774,5.24068905,4.854615447,4.687040053,0
114,5.139060971,5.307114846,4.649179794,4.868385318,0
118,4.848706909,4.997475264,4.532919027,4.68746094,0
128,5.442114415,5.453613813,4.885082068,4.840495077,0
130,4.759233987,4.728364171,4.478769904,4.487241589,0
132,5.713419403,5.467580379,5.337566191,4.572959487,0
139,5.44269166,5.820785572,4.468403982,5.349574303,0
141,5.020725816,4.899422467,4.774225962,4.443875856,0
142,5.531010092,5.710555427,4.847507767,5.058125429,0
143,5.54313223,5.266340623,5.339105433,4.399175882,0
153,5.392471375,5.192815673,5.13143415,4.469421153,0
156,4.927212182,4.847722299,4.631126979,4.492767527,0
158,4.688232895,4.687754354,4.441039814,4.475797456,0
162,5.524083156,5.758969242,4.647522045,5.207090986,0
163,5.196785436,5.357532129,4.548006536,4.969160684,0
167,5.571417218,5.472310524,5.072193275,4.741280145,0
170,5.222761446,5.458113966,4.543266308,5.048487964,0
171,5.658003916,5.639723049,5.075028092,4.871451785,0
174,4.881609854,4.844561873,4.636129518,4.486603099,0
175,5.445577883,5.401163328,4.934289903,4.768675056,0
181,5.234306339,5.453760728,4.589539461,5.017834753,0
182,5.180622586,5.039614574,4.931044977,4.465366889,0
184,5.757867242,5.718814162,5.06729859,4.936340045,0
191,5.620483014,5.816796999,4.679511931,5.229652849,0
195,5.02361204,5.217688946,4.504251296,4.886265881,0
196,4.822730899,4.894980905,4.496674919,4.62305942,0
197,5.416138405,5.384763915,4.875552344,4.7915805,0
201,5.259705104,5.558110766,4.490905422,5.152848031,0
204,5.226802158,5.308117017,4.662985044,4.860732037,0
205,5.038043156,4.89596034,4.855355775,4.386457634,0
208,4.6714928,4.808058686,4.34505684,4.646803777,0
215,4.868910472,4.754185397,4.686100317,4.370535487,0
229,4.974546244,5.180567491,4.398015581,4.922089996,0
230,5.745167859,5.423371138,5.501897669,4.431409568,0
233,5.351487004,5.278844158,4.950779507,4.658265088,0
236,5.060555698,4.953419935,4.776429635,4.49071749,0
237,5.50849755,5.370915406,5.16584608,4.599853342,0
238,5.351487004,5.625153081,4.455709224,5.221134887,0
240,5.536782538,5.197976071,5.319235087,4.351383672,0
243,5.109044249,5.232627076,4.542984024,4.874337871,0
245,4.938757075,4.937158693,4.46904844,4.677296649,0
249,5.275867954,5.341382822,4.719901077,4.852317149,0
252,5.825404866,5.757806163,5.108386785,4.941648382,0
255,5.255087147,5.500315365,4.409642456,5.157852871,0
259,5.736509189,5.489604545,5.292918829,4.619113958,0
262,5.386698928,5.217843732,5.057533186,4.538793154,0
263,5.566222016,5.324301304,5.220980532,4.52551086,0
264,5.491757455,5.309838024,5.026631156,4.636376073,0
268,5.167345959,5.454738414,4.447179475,5.102493275,0
272,5.313966101,5.191002845,4.910092101,4.610198013,0
275,5.47501736,5.810586332,4.544978649,5.300321871,0
278,5.040929379,5.097647837,4.671308406,4.683532657,0
280,5.340519356,5.416109329,4.674117924,4.938573326,0
290,5.099808334,5.179435894,4.545175714,4.83030788,0
291,4.968196553,5.05702053,4.453297832,4.787912766,0
300,5.713419403,5.338784696,5.426844936,4.406010294,0
301,5.22333869,5.197949836,4.72497685,4.733140123,0
305,5.562758548,5.560179822,4.925541784,4.899221773,0
310,5.383812705,5.356015754,4.882493584,4.764165547,0
322,4.958960638,5.019909569,4.505889072,4.723680174,0
326,5.816746196,5.483119287,5.513876067,4.47509884,0
330,5.460586244,5.252660017,5.157496087,4.504592463,0
332,4.901236173,5.021364729,4.420184139,4.779380488,0
338,5.158110044,5.126746672,4.833052732,4.604795192,0
340,5.576035175,5.448707894,5.286382373,4.589242395,0
343,5.4005528,5.67130545,4.485502094,5.236862338,0
344,5.554099878,5.842290289,4.635576935,5.271818909,0
349,5.490025721,5.33618832,5.078651171,4.625653462,0
353,5.032270709,5.246837627,4.448625511,4.943297574,0
354,5.840990472,5.787485662,5.193845386,4.914030142,0
355,5.367649854,5.153632158,5.045550793,4.490895007,0
368,5.007449189,5.330497104,4.407345576,5.032777692,0
370,5.505611327,5.33875234,5.178048174,4.565071425,0
371,5.003985721,5.14466071,4.409979332,4.886151354,0
380,4.965310329,5.058811497,4.618730482,4.684362979,0
381,4.976855222,4.935358981,4.663763986,4.548923087,0
383,5.051319783,5.218440138,4.38706512,4.958569779,0
384,5.202557883,5.44772671,4.404008774,5.122589939,0
388,5.006871945,5.071709429,4.589157314,4.714054161,0
398,5.66839432,5.444314429,5.4225521,4.49983672,0
401,5.825404866,5.510885391,5.545899242,4.478503162,0
404,5.688597883,5.595506813,5.151217947,4.791334267,0
406,5.26663204,5.578577456,4.399445639,5.220095552,0
409,5.315697835,5.465331177,4.560777192,5.043569019,0
416,5.24065603,5.303984152,4.710571081,4.828240664,0
426,4.952033702,5.031779969,4.612862452,4.665239796,0
429,5.227956648,5.422856061,4.616500178,4.978282777,0
430,5.129825056,5.020879384,4.893053908,4.473733103,0
431,5.335901398,5.638448909,4.398176695,5.263146335,0
433,4.963578595,5.026814584,4.599400735,4.669666273,0
436,5.461740733,5.453266638,4.838382826,4.868494119,0
444,4.707281968,4.6854212,4.49848313,4.434705089,0
447,5.736509189,5.549544209,5.265646535,4.684987152,0
453,5.163305246,5.162022067,4.745325213,4.690490185,0
470,5.233729094,5.461785098,4.499202154,5.077188485,0
488,4.726908287,4.803350403,4.378627247,4.620642896,0
493,5.09057242,4.935911662,4.896360084,4.395342083,0
494,4.52775888,4.611832412,4.365622243,4.457470237,0
501,4.694005341,4.839148746,4.382121168,4.649509482,0
502,5.510806529,5.5762924,4.878355204,4.939647019,0
504,4.93933432,4.832479844,4.749797805,4.399470789,0
505,5.184663299,5.049735109,4.904940431,4.491427558,0
506,5.663776363,5.295376494,5.414072949,4.37609292,0
507,5.455391042,5.169906518,5.275093705,4.355251829,0
509,4.853324866,4.791520229,4.633728779,4.440282565,0
511,5.459431755,5.349875047,4.993347027,4.690401427,0
519,5.241233275,5.151908528,4.976824135,4.533885663,0
526,5.568530995,5.315509127,5.362958371,4.426885743,0
529,4.982050424,5.098716471,4.490137132,4.798996138,0
530,4.715363393,4.791169556,4.504147437,4.52675348,0
531,5.102117313,4.920975281,4.858618011,4.407018133,0
532,5.443268904,5.378317135,4.926045101,4.755324045,0
533,5.438073702,5.563768751,4.822356593,4.9632883,0
546,5.158687289,5.032599371,4.920677724,4.465959568,0
549,5.449041351,5.751235204,4.470780754,5.300791433,0
550,4.748266339,4.732609846,4.521201608,4.462497982,0
552,5.262591327,5.134435235,5.066957719,4.460138722,0
560,5.129825056,5.376739546,4.357767577,5.097084727,0
561,5.130402301,5.373082406,4.396110169,5.071668273,0
564,5.241810519,5.237827701,4.767231461,4.739484931,0
565,5.227379403,5.41642677,4.502720042,5.041109547,0
569,5.191590234,5.071254692,4.869263552,4.533550671,0
582,5.440959926,5.340054464,5.070382401,4.634074076,0
583,5.095767622,5.1146524,4.737683592,4.655550793,0
586,5.610669854,5.595045954,4.95604702,4.907862852,0
587,4.878146386,4.836818216,4.65690397,4.465770598,0
588,5.660890139,5.624332804,5.035493786,4.883119245,0
592,5.050742538,4.910611636,4.857129366,4.398608972,0
597,5.386121683,5.325617419,4.981146265,4.678023897,0
603,5.520042443,5.806205985,4.550226188,5.294403677,0
605,5.390739641,5.384989535,4.854986942,4.804373191,0
608,5.495220923,5.446706174,4.924766837,4.810906969,0
609,4.919130757,5.149482677,4.462389484,4.85754818,0
610,5.176581873,5.370178207,4.483930894,5.017239211,0
611,4.647248524,4.55862374,4.418710141,4.371400167,0
614,5.020725816,4.9010123,4.794198835,4.431985067,0
615,5.012067146,4.927325866,4.702978726,4.516036595,0
618,5.134443013,5.146465668,4.688008392,4.713776433,0
623,5.319738548,5.333140703,4.782184486,4.807554185,0
624,5.305884676,5.078617068,5.088649592,4.396312701,0
635,5.576035175,5.521768486,5.177897712,4.716338979,0
637,5.230842871,5.445306981,4.443630961,5.097580057,0
639,4.741339403,4.719057791,4.557893109,4.425273772,0
645,5.459431755,5.344946391,4.935987597,4.722048161,0
655,4.59471926,4.589387614,4.432107945,4.391038722,0
657,5.669548809,5.44348803,5.188005318,4.646288404,0
666,5.070946101,4.936970676,4.842667674,4.432108184,0
670,5.342828334,5.5355654,4.577004486,5.086356389,0
672,5.322047527,5.58178598,4.355187082,5.247604991,0
674,5.326665484,5.081067404,5.021057392,4.443005449,0
679,5.200248904,5.430822714,4.395805249,5.114905163,0
680,5.504456838,5.290854478,5.187873497,4.518000737,0
682,5.414983916,5.410025464,4.862087964,4.819983251,0
691,5.427106054,5.439615765,4.799960344,4.881031987,0
692,5.180622586,5.053488443,4.898337399,4.499052208,0
698,5.596238738,5.697079453,4.93559746,4.997048062,0
699,5.560449569,5.37389831,5.073649963,4.660114703,0
702,5.341673845,5.442235753,4.639592814,4.979313522,0
703,5.505034082,5.649320636,4.675425481,5.112677608,0
710,5.304730187,5.354118099,4.766923879,4.833677844,0
713,5.798274368,5.763775468,5.035697509,4.988438478,0
716,5.426528809,5.636788242,4.636003023,5.126280579,0
717,5.477903584,5.194878608,5.258873068,4.388212763,0
718,5.089995175,5.143641923,4.502873168,4.827653712,0
724,5.843876695,5.495644685,5.481088598,4.506436351,0
727,5.661467384,5.745135599,4.885308427,5.061647141,0
729,5.682825436,5.637678479,5.013495662,4.906422672,0
743,5.287412847,5.535194614,4.428783127,5.172100057,0
747,5.63491413,5.409320621,5.263709167,4.570494289,0
748,5.200248904,5.170843977,4.756356897,4.690876715,0
749,5.429415033,5.342174241,4.953329378,4.709000647,0
752,5.625678215,5.290174121,5.423790418,4.36516416,0
758,5.135020258,5.109535728,4.70956578,4.669165217,0
763,4.915090044,4.776776237,4.747916361,4.349393762,0
764,5.68455717,5.707693204,4.860406249,5.048568133,0
765,5.292030804,5.293260215,4.75730228,4.790798852,0
773,5.724387052,5.565893775,5.26590352,4.698046119,0
778,4.840625484,4.812933123,4.621669158,4.467794866,0
780,5.531587337,5.71564499,4.688837932,5.152876663,0
784,4.964733085,4.974110496,4.792842011,4.498241928,0
789,5.472131137,5.461477275,4.94183166,4.812241211,0
793,5.251623679,5.13584842,4.885935576,4.578617132,0
797,5.028229997,5.199491571,4.606758742,4.808267117,0
801,5.249891945,5.176942707,4.900927215,4.604108028,0
803,5.620483014,5.740648563,4.898597046,5.050704065,0
804,5.489448477,5.674410783,4.662100912,5.138512086,0
808,4.702086766,4.718683507,4.500444466,4.463829361,0
812,5.532164581,5.66703354,4.674248413,5.126211863,0
826,5.557563346,5.295022323,5.33582855,4.42649635,0
827,5.667817075,5.3271679,5.473842439,4.365370309,0
830,4.550271422,4.577100953,4.369110838,4.422923101,0
838,4.949147479,5.11148935,4.365614254,4.887056119,0
851,5.240078785,5.024788379,5.022785712,4.391525463,0
852,5.540246006,5.747185416,4.598311548,5.226537709,0
856,5.260282348,5.675321133,4.380974725,5.298540973,0
861,4.952610947,5.079652471,4.490913411,4.782844937,0
862,4.75461603,4.839042932,4.410728981,4.63069266,0
863,5.234306339,5.281316357,4.645511443,4.85012109,0
871,4.935870852,5.134622377,4.34833106,4.916223339,0
872,5.126361588,5.189583538,4.609838559,4.798306112,0
878,5.345714557,5.417402707,4.662497706,4.946550147,0
879,5.80231508,5.699250825,5.155741137,4.869318715,0
887,5.792501921,5.757012121,5.10078511,4.94549077,0
888,5.667239831,5.623390098,5.127342374,4.827547774,0
892,5.181777075,5.333000784,4.5570649,4.944711985,0
893,5.02245755,4.953620194,4.891456078,4.41463992,0
894,5.331860686,5.362865676,4.865824223,4.779970303,0
908,5.087108952,5.112761741,4.791345377,4.619615014,0
911,5.01379888,5.258942392,4.384540549,4.991593703,0
913,5.464049712,5.57837982,4.792381304,4.99203177,0
919,5.08191375,5.126372388,4.513773031,4.806795442,0
924,5.053628762,4.975779907,4.737378673,4.536136123,0
933,5.107889759,5.313054418,4.453671991,4.991642377,0
934,4.885650567,4.793059341,4.756836246,4.358427096,0
935,5.649922491,5.612864672,4.962654047,4.917586213,0
936,4.676110757,4.720201631,4.449324562,4.499664929,0
940,4.767892657,4.884168644,4.383804215,4.687174622,0
941,5.03977489,4.886769393,4.769013041,4.43593912,0
942,5.16503698,5.345801647,4.605593657,4.925319663,0
943,5.501570614,5.242248275,5.116169549,4.522155212,0
946,5.366495365,5.613823119,4.536751156,5.16672873,0
950,5.192744724,5.27372049,4.662801294,4.833411568,0
951,5.145410662,5.359857412,4.425422358,5.044281951,0
956,5.457122776,5.143253647,5.233359719,4.358822215,0
958,5.429415033,5.352117253,4.996241763,4.690441511,0
959,5.066905389,5.202607398,4.558385773,4.840801437,0
961,5.125207099,5.062525479,4.766816025,4.592383304,0
964,5.023034795,5.232030671,4.46675156,4.920609731,0
965,4.723444819,4.825733112,4.44053916,4.599483992,0
969,5.259705104,5.431916707,4.466842104,5.073950228,0
977,4.751729807,4.727640089,4.555596228,4.434705089,0
985,5.48367603,5.695496617,4.576971198,5.202137684,0
987,5.069214367,5.126130152,4.773609465,4.642320036,0
990,5.072100591,5.012907484,4.790619696,4.533848441,0
994,5.399975555,5.470133905,4.797499685,4.906270923,0
999,5.075564059,5.080218269,4.734563829,4.62831622,0
1003,5.364763631,5.211570976,4.979375337,4.583464497,0
1005,5.1898585,5.188869076,4.798177432,4.679478393,0
1012,5.062864676,5.281549847,4.420527673,4.987327564,0
1014,4.845243441,4.941300303,4.34601687,4.759879366,0
1015,5.234306339,5.467945918,4.464739626,5.101983629,0
1020,5.435187479,5.287024188,5.081073215,4.58278306,0
1023,4.745380116,4.671579687,4.549073088,4.387396757,0
1029,5.001676743,5.083425919,4.616007514,4.706790272,0
1031,5.330128952,5.149783504,5.148284598,4.420555251,0
1039,5.002253987,5.03157009,4.551591001,4.704302168,0
1043,5.092304154,5.188205334,4.506846438,4.861121429,0
1044,5.128670567,5.114821178,4.900446534,4.551147778,0
1047,5.689175128,5.590839631,5.215786253,4.748572666,0
1049,5.485407764,5.52406666,4.86575099,4.907084066,0
1051,5.361300163,5.358255336,4.841161719,4.791440205,0
1054,5.825404866,5.836415429,5.052430782,5.032293815,0
1055,5.127516078,5.268879283,4.578758104,4.881183735,0
1065,5.107312515,5.021422446,4.863328946,4.493735282,0
1078,4.862560781,4.80921302,4.553905192,4.509729008,0
1081,4.887382301,4.891530146,4.579513079,4.565775767,0
1084,5.092881398,5.141446939,4.591910907,4.770161047,0
1091,5.814437218,5.716757349,5.195609656,4.859142972,0
1097,4.951456458,4.896804228,4.669367043,4.511172051,0
1098,5.253355413,5.294847424,4.878542949,4.716774183,0
1104,5.396512087,5.684833894,4.49543527,5.240764853,0
1109,5.126938833,5.346224029,4.428970872,5.03182139,0
1111,5.667817075,5.449903329,5.315948884,4.571716867,0
1112,5.370536078,5.475469202,4.679770247,4.980733659,0
1116,4.915667289,5.088389554,4.401400317,4.846146995,0
1118,5.52581489,5.511015691,4.926033117,4.860780711,0
1119,4.900081683,5.015268622,4.415016491,4.777602453,0
1122,5.345137313,5.557370068,4.537946866,5.125095222,0
1129,5.494066434,5.194652114,5.240749683,4.399865908,0
1131,5.24065603,5.479460399,4.478265256,5.102584897,0
1132,4.883341588,4.935780488,4.524618301,4.640121113,0
1133,5.245273987,5.231897747,4.961663392,4.611993228,0
1134,5.040352135,5.065205807,4.610646794,4.694910936,0
1136,5.247005721,5.197022871,4.782617232,4.696102019,0
1139,5.499261636,5.299054621,5.188238334,4.524797928,0
1140,5.319161303,5.623473175,4.401613361,5.250671457,0
1150,4.809454272,4.831227567,4.484854973,4.575092557,0
1151,5.165614225,5.249620271,4.694984251,4.794097236,0
1159,5.406902491,5.5363026,4.607859913,5.068873809,0
1161,5.323779261,5.513941752,4.509208563,5.10995186,0
1164,5.431146767,5.397237718,4.938762495,4.762765452,0
1165,5.378040258,5.730806992,4.380012032,5.337268353,0
1172,5.271249997,5.498967768,4.538673878,5.081669363,0
1173,4.920862491,4.85979121,4.689748695,4.46453084,0
1185,5.640686577,5.557630668,5.075186543,4.807390983,0
1187,5.040352135,5.120855196,4.528849887,4.7928403,0
1194,5.321470282,5.390901999,4.767078336,4.862716221,0
1195,5.611824344,5.421087831,5.263975472,4.580200471,0
1199,5.304152942,5.332612508,4.785782266,4.804917195,0
1200,5.437496458,5.721837292,4.533688649,5.245151245,0
1209,5.350332515,5.257489855,5.02214658,4.595203537,0
1220,5.098653845,5.032265314,4.722119397,4.595217853,0
1230,5.664353607,5.508052026,5.297954656,4.631193716,0
1233,5.423065341,5.593175408,4.551918556,5.143084585,0
1239,5.370536078,5.336385081,4.868953307,4.756638245,0
1242,5.20717584,5.089386479,4.937534829,4.50495895,0
1245,5.259705104,5.392751556,4.530130814,5.006860182,0
1248,5.310502633,5.19599359,4.998673127,4.557798946,0
1252,5.812128239,5.749135541,5.044155355,4.972622269,0
1255,4.960692372,5.018449161,4.775887705,4.54830464,0
1256,4.641476078,4.670672835,4.44206642,4.459494506,0
1265,4.801950092,4.733499208,4.62701523,4.391608495,0
1266,4.945106766,5.037814862,4.412237598,4.797996888,0
1276,5.259705104,5.224013297,4.842892701,4.680554949,0
1277,5.647613512,5.427369331,5.498788559,4.436852474,0
1281,5.674744011,5.474641929,5.201331219,4.663616373,0
1290,4.891423013,4.929985207,4.576240191,4.601511124,0
1293,5.203712372,5.071128764,4.993553414,4.452247796,0
1294,4.711899926,4.668571423,4.528505022,4.398671962,0
1297,5.544863964,5.355201599,5.160185768,4.590233056,0
1300,5.293185294,5.165890835,5.003369415,4.528849328,0
1301,5.334746909,5.456287145,4.62494604,4.998734475,0
1311,4.949724724,4.913757196,4.606168876,4.567768541,0
1312,5.094035888,4.994397914,4.910446286,4.438679183,0
1320,5.212371042,5.248380237,4.726101988,4.773760065,0
1323,5.180045341,5.373382358,4.484988125,5.019045878,0
1340,5.120589142,4.99067956,4.90508823,4.438896785,0
1343,5.02245755,4.919946,4.826328531,4.427644486,0
1344,4.961269617,5.073647311,4.546685664,4.742631566,0
1347,4.891423013,4.839161864,4.645419567,4.475554086,0
1349,5.320315793,5.673784645,4.401135344,5.28616058,0
1356,5.04727907,4.951939414,4.783040656,4.485036939,0
1357,5.283949379,5.403873389,4.726883593,4.897263357,0
1358,5.120011897,5.23182429,4.672406914,4.793684938,0
1364,5.480212562,5.60394307,4.753834989,5.033782668,0
1366,5.23199736,5.19445885,4.843549143,4.655427676,0
1367,5.282217645,5.238370762,4.942095302,4.629865201,0
1376,5.260282348,5.657556634,4.435703062,5.255347031,0
1378,5.092304154,5.337056694,4.52489659,4.967265258,0
1379,5.350332515,5.632860009,4.390310046,5.263670297,0
1383,5.607206386,5.791703353,4.739742129,5.178155684,0
1392,5.085954462,5.026931767,4.776104743,4.555554213,0
1393,5.248737455,5.11712285,4.912519471,4.545335522,0
1408,5.120011897,5.255977853,4.628923305,4.840074189,0
1417,4.523140923,4.521331758,4.371415708,4.369000822,0
1418,5.296071517,5.537303897,4.43806785,5.168269121,0
1423,5.159841778,5.209141628,4.690899132,4.763681669,0
1425,5.138483726,5.233066073,4.701241086,4.776763541,0
1427,4.978009712,4.798136661,4.766690862,4.356431459,0
1430,5.171386671,5.110809867,4.812089204,4.604637717,0
1440,5.609515365,5.463044371,5.246592414,4.625979865,0
1445,4.920862491,4.976323844,4.557668081,4.653515072,0
1447,5.756135508,5.488593629,5.55914392,4.451102524,0
1448,5.660890139,5.413311818,5.263787727,4.573798399,0
1452,5.272981731,5.232258039,4.919727015,4.638898535,0
1459,5.679939213,5.612343473,5.100367011,4.835100845,0
1463,5.099231089,5.278276611,4.418150901,4.986233829,0
1465,5.7948109,5.714858819,5.202716005,4.853473874,0
1466,5.020148572,5.070935501,4.591969494,4.711617594,0
1470,4.81407223,4.852169983,4.392082306,4.654270951,0
1472,5.244696743,5.358853491,4.624996638,4.923753504,0
1475,5.247005721,5.210827655,4.76026226,4.721615821,0
1489,4.899504439,5.045542778,4.357706327,4.838648325,0
1492,4.950301968,5.036715621,4.392533693,4.809518327,0
1500,4.987822871,4.959960286,4.712670896,4.538443846,0
1505,4.932407384,4.778821681,4.750484872,4.34954551,0
1520,4.902967907,4.931344173,4.566219134,4.609227395,0
1526,5.780379783,5.600454708,5.379691644,4.656320989,0
1527,5.283949379,5.194627628,4.958009688,4.582679985,0
1531,5.331283441,5.269306911,4.801116107,4.744129009,0
1532,5.170232182,5.451646198,4.45375854,5.0963403,0
1533,5.392471375,5.32674202,5.016968279,4.656521411,0
1537,4.927789427,5.013583469,4.455858355,4.750261942,0
1542,5.434610234,5.680132607,4.652471323,5.148149552,0
1552,5.432301256,5.446025816,4.867388765,4.845245093,0
1555,5.203712372,5.336880045,4.532572831,4.962503789,0
1557,5.208330329,5.262132551,4.740300038,4.776116462,0
1569,4.954342681,4.888557736,4.76254183,4.441874493,0
1574,5.323202016,5.196992263,4.937480237,4.597809031,0
1576,5.736509189,5.383000058,5.474377712,4.41401002,0
1577,4.84755242,4.837566784,4.606168876,4.500291965,0
1594,5.010912657,4.867465782,4.82430195,4.381295319,0
1598,5.252778168,5.329975904,4.808546016,4.788774584,0
1602,5.514847242,5.769922296,4.492054528,5.301804998,0
1605,4.945106766,5.094356237,4.40070393,4.851418111,0
1606,5.084799973,5.024768265,4.673911538,4.619941417,0
1611,4.788673465,4.958748235,4.355737002,4.768265621,0
1616,5.161573512,5.030309068,4.86961108,4.497454553,0
1617,4.872951184,4.878631339,4.531784568,4.585829484,0
1619,5.698988287,5.514413105,5.2353863,4.675060505,0
3811,5.147719641,4.988260706,4.945444087,4.409964346,0
3814,5.16619147,5.316269063,4.523350689,4.952096128,0
3820,5.305884676,5.345064448,4.646395575,4.900003421,0
3826,5.466935935,5.448468282,4.822464446,4.874357913,0
3831,5.002831232,4.897140034,4.752677894,4.456178943,0
3834,5.109621493,5.33675062,4.39942966,5.042257683,0
3846,5.008603679,4.849154723,4.823931787,4.364734683,0
3847,5.008603679,5.018015412,4.646404896,4.631912375,0
3857,5.795388144,5.447766936,5.602828589,4.387977982,0
3858,5.579498643,5.634585389,4.887251122,4.97854619,0
3859,5.294917028,5.076529648,5.064057658,4.410671551,0
3865,5.475594605,5.39952977,5.04883966,4.696625981,0
3868,5.664353607,5.618419467,5.018892333,4.888444761,0
3869,4.864869759,4.908441138,4.467486562,4.653695452,0
3870,4.720558595,4.737216688,4.392198148,4.553223584,0
3872,5.419601873,5.38278056,4.844334743,4.80913466,0
3875,5.431146767,5.56591039,4.80851406,4.973097557,0
3885,5.633759641,5.549236387,5.101305736,4.784957964,0
3886,4.71247717,4.707140168,4.491262271,4.459505959,0
3887,5.252200923,5.220208367,4.86475634,4.663579151,0
3890,5.65973565,5.310987111,5.441170813,4.37228489,0
3898,5.339364866,5.345990539,4.815789512,4.797195198,0
3904,4.805990804,4.881834616,4.385295523,4.684208367,0
3910,5.427683299,5.193063156,5.183044056,4.436105184,0
3915,5.456545531,5.315112106,5.12952208,4.575816942,0
3920,4.781746529,4.900167537,4.393645516,4.694472869,0
3923,5.29895774,5.24068905,4.854615447,4.687040053,0
3924,5.139060971,5.307114846,4.649179794,4.868385318,0
3928,4.848706909,4.997475264,4.532919027,4.68746094,0
3938,5.442114415,5.453613813,4.885082068,4.840495077,0
3940,4.759233987,4.728364171,4.478769904,4.487241589,0
3942,5.713419403,5.467580379,5.337566191,4.572959487,0
3949,5.44269166,5.820785572,4.468403982,5.349574303,0
3951,5.020725816,4.899422467,4.774225962,4.443875856,0
3952,5.531010092,5.710555427,4.847507767,5.058125429,0
3953,5.54313223,5.266340623,5.339105433,4.399175882,0
3963,5.392471375,5.192815673,5.13143415,4.469421153,0
3966,4.927212182,4.847722299,4.631126979,4.492767527,0
3968,4.688232895,4.687754354,4.441039814,4.475797456,0
3972,5.524083156,5.758969242,4.647522045,5.207090986,0
3973,5.196785436,5.357532129,4.548006536,4.969160684,0
3977,5.571417218,5.472310524,5.072193275,4.741280145,0
3980,5.222761446,5.458113966,4.543266308,5.048487964,0
3981,5.658003916,5.639723049,5.075028092,4.871451785,0
3984,4.881609854,4.844561873,4.636129518,4.486603099,0
3985,5.445577883,5.401163328,4.934289903,4.768675056,0
3991,5.234306339,5.453760728,4.589539461,5.017834753,0
3992,5.180622586,5.039614574,4.931044977,4.465366889,0
3994,5.757867242,5.718814162,5.06729859,4.936340045,0
4001,5.620483014,5.816796999,4.679511931,5.229652849,0
4005,5.02361204,5.217688946,4.504251296,4.886265881,0
4006,4.822730899,4.894980905,4.496674919,4.62305942,0
4007,5.416138405,5.384763915,4.875552344,4.7915805,0
4011,5.259705104,5.558110766,4.490905422,5.152848031,0
4014,5.226802158,5.308117017,4.662985044,4.860732037,0
4015,5.038043156,4.89596034,4.855355775,4.386457634,0
4018,4.6714928,4.808058686,4.34505684,4.646803777,0
4025,4.868910472,4.754185397,4.686100317,4.370535487,0
4039,4.974546244,5.180567491,4.398015581,4.922089996,0
4040,5.745167859,5.423371138,5.501897669,4.431409568,0
4043,5.351487004,5.278844158,4.950779507,4.658265088,0
4046,5.060555698,4.953419935,4.776429635,4.49071749,0
4047,5.50849755,5.370915406,5.16584608,4.599853342,0
4048,5.351487004,5.625153081,4.455709224,5.221134887,0
4050,5.536782538,5.197976071,5.319235087,4.351383672,0
4053,5.109044249,5.232627076,4.542984024,4.874337871,0
4055,4.938757075,4.937158693,4.46904844,4.677296649,0
4059,5.275867954,5.341382822,4.719901077,4.852317149,0
4062,5.825404866,5.757806163,5.108386785,4.941648382,0
4065,5.255087147,5.500315365,4.409642456,5.157852871,0
4069,5.736509189,5.489604545,5.292918829,4.619113958,0
4072,5.386698928,5.217843732,5.057533186,4.538793154,0
4073,5.566222016,5.324301304,5.220980532,4.52551086,0
4074,5.491757455,5.309838024,5.026631156,4.636376073,0
4078,5.167345959,5.454738414,4.447179475,5.102493275,0
4082,5.313966101,5.191002845,4.910092101,4.610198013,0
4085,5.47501736,5.810586332,4.544978649,5.300321871,0
4088,5.040929379,5.097647837,4.671308406,4.683532657,0
4090,5.340519356,5.416109329,4.674117924,4.938573326,0
4100,5.099808334,5.179435894,4.545175714,4.83030788,0
4101,4.968196553,5.05702053,4.453297832,4.787912766,0
4110,5.713419403,5.338784696,5.426844936,4.406010294,0
4111,5.22333869,5.197949836,4.72497685,4.733140123,0
4115,5.562758548,5.560179822,4.925541784,4.899221773,0
4120,5.383812705,5.356015754,4.882493584,4.764165547,0
4132,4.958960638,5.019909569,4.505889072,4.723680174,0
4136,5.816746196,5.483119287,5.513876067,4.47509884,0
4140,5.460586244,5.252660017,5.157496087,4.504592463,0
4142,4.901236173,5.021364729,4.420184139,4.779380488,0
4148,5.158110044,5.126746672,4.833052732,4.604795192,0
4150,5.576035175,5.448707894,5.286382373,4.589242395,0
4153,5.4005528,5.67130545,4.485502094,5.236862338,0
4154,5.554099878,5.842290289,4.635576935,5.271818909,0
4159,5.490025721,5.33618832,5.078651171,4.625653462,0
4163,5.032270709,5.246837627,4.448625511,4.943297574,0
4164,5.840990472,5.787485662,5.193845386,4.914030142,0
4165,5.367649854,5.153632158,5.045550793,4.490895007,0
4178,5.007449189,5.330497104,4.407345576,5.032777692,0
4180,5.505611327,5.33875234,5.178048174,4.565071425,0
4181,5.003985721,5.14466071,4.409979332,4.886151354,0
4190,4.965310329,5.058811497,4.618730482,4.684362979,0
4191,4.976855222,4.935358981,4.663763986,4.548923087,0
4193,5.051319783,5.218440138,4.38706512,4.958569779,0
4194,5.202557883,5.44772671,4.404008774,5.122589939,0
4198,5.006871945,5.071709429,4.589157314,4.714054161,0
4208,5.66839432,5.444314429,5.4225521,4.49983672,0
4211,5.825404866,5.510885391,5.545899242,4.478503162,0
4214,5.688597883,5.595506813,5.151217947,4.791334267,0
4216,5.26663204,5.578577456,4.399445639,5.220095552,0
4219,5.315697835,5.465331177,4.560777192,5.043569019,0
4226,5.24065603,5.303984152,4.710571081,4.828240664,0
4236,4.952033702,5.031779969,4.612862452,4.665239796,0
4239,5.227956648,5.422856061,4.616500178,4.978282777,0
4240,5.129825056,5.020879384,4.893053908,4.473733103,0
4241,5.335901398,5.638448909,4.398176695,5.263146335,0
4243,4.963578595,5.026814584,4.599400735,4.669666273,0
4246,5.461740733,5.453266638,4.838382826,4.868494119,0
4254,4.707281968,4.6854212,4.49848313,4.434705089,0
4257,5.736509189,5.549544209,5.265646535,4.684987152,0
4263,5.163305246,5.162022067,4.745325213,4.690490185,0
4280,5.233729094,5.461785098,4.499202154,5.077188485,0
4298,4.726908287,4.803350403,4.378627247,4.620642896,0
4303,5.09057242,4.935911662,4.896360084,4.395342083,0
4304,4.52775888,4.611832412,4.365622243,4.457470237,0
4311,4.694005341,4.839148746,4.382121168,4.649509482,0
4312,5.510806529,5.5762924,4.878355204,4.939647019,0
4314,4.93933432,4.832479844,4.749797805,4.399470789,0
4315,5.184663299,5.049735109,4.904940431,4.491427558,0
4316,5.663776363,5.295376494,5.414072949,4.37609292,0
4317,5.455391042,5.169906518,5.275093705,4.355251829,0
4319,4.853324866,4.791520229,4.633728779,4.440282565,0
4321,5.459431755,5.349875047,4.993347027,4.690401427,0
4329,5.241233275,5.151908528,4.976824135,4.533885663,0
4336,5.568530995,5.315509127,5.362958371,4.426885743,0
4339,4.982050424,5.098716471,4.490137132,4.798996138,0
4340,4.715363393,4.791169556,4.504147437,4.52675348,0
4341,5.102117313,4.920975281,4.858618011,4.407018133,0
4342,5.443268904,5.378317135,4.926045101,4.755324045,0
4343,5.438073702,5.563768751,4.822356593,4.9632883,0
4356,5.158687289,5.032599371,4.920677724,4.465959568,0
4359,5.449041351,5.751235204,4.470780754,5.300791433,0
4360,4.748266339,4.732609846,4.521201608,4.462497982,0
4362,5.262591327,5.134435235,5.066957719,4.460138722,0
4370,5.129825056,5.376739546,4.357767577,5.097084727,0
4371,5.130402301,5.373082406,4.396110169,5.071668273,0
4374,5.241810519,5.237827701,4.767231461,4.739484931,0
4375,5.227379403,5.41642677,4.502720042,5.041109547,0
4379,5.191590234,5.071254692,4.869263552,4.533550671,0
4392,5.440959926,5.340054464,5.070382401,4.634074076,0
4393,5.095767622,5.1146524,4.737683592,4.655550793,0
4396,5.610669854,5.595045954,4.95604702,4.907862852,0
4397,4.878146386,4.836818216,4.65690397,4.465770598,0
4398,5.660890139,5.624332804,5.035493786,4.883119245,0
4402,5.050742538,4.910611636,4.857129366,4.398608972,0
4407,5.386121683,5.325617419,4.981146265,4.678023897,0
4413,5.520042443,5.806205985,4.550226188,5.294403677,0
4415,5.390739641,5.384989535,4.854986942,4.804373191,0
4418,5.495220923,5.446706174,4.924766837,4.810906969,0
4419,4.919130757,5.149482677,4.462389484,4.85754818,0
4420,5.176581873,5.370178207,4.483930894,5.017239211,0
4421,4.647248524,4.55862374,4.418710141,4.371400167,0
4424,5.020725816,4.9010123,4.794198835,4.431985067,0
4425,5.012067146,4.927325866,4.702978726,4.516036595,0
4428,5.134443013,5.146465668,4.688008392,4.713776433,0
4433,5.319738548,5.333140703,4.782184486,4.807554185,0
4434,5.305884676,5.078617068,5.088649592,4.396312701,0
4445,5.576035175,5.521768486,5.177897712,4.716338979,0
4447,5.230842871,5.445306981,4.443630961,5.097580057,0
4449,4.741339403,4.719057791,4.557893109,4.425273772,0
4455,5.459431755,5.344946391,4.935987597,4.722048161,0
4465,4.59471926,4.589387614,4.432107945,4.391038722,0
4467,5.669548809,5.44348803,5.188005318,4.646288404,0
4476,5.070946101,4.936970676,4.842667674,4.432108184,0
4480,5.342828334,5.5355654,4.577004486,5.086356389,0
4482,5.322047527,5.58178598,4.355187082,5.247604991,0
4484,5.326665484,5.081067404,5.021057392,4.443005449,0
4489,5.200248904,5.430822714,4.395805249,5.114905163,0
4490,5.504456838,5.290854478,5.187873497,4.518000737,0
4492,5.414983916,5.410025464,4.862087964,4.819983251,0
4501,5.427106054,5.439615765,4.799960344,4.881031987,0
4502,5.180622586,5.053488443,4.898337399,4.499052208,0
4508,5.596238738,5.697079453,4.93559746,4.997048062,0
4509,5.560449569,5.37389831,5.073649963,4.660114703,0
4512,5.341673845,5.442235753,4.639592814,4.979313522,0
4513,5.505034082,5.649320636,4.675425481,5.112677608,0
4520,5.304730187,5.354118099,4.766923879,4.833677844,0
4523,5.798274368,5.763775468,5.035697509,4.988438478,0
4526,5.426528809,5.636788242,4.636003023,5.126280579,0
4527,5.477903584,5.194878608,5.258873068,4.388212763,0
4528,5.089995175,5.143641923,4.502873168,4.827653712,0
4534,5.843876695,5.495644685,5.481088598,4.506436351,0
4537,5.661467384,5.745135599,4.885308427,5.061647141,0
4539,5.682825436,5.637678479,5.013495662,4.906422672,0
4553,5.287412847,5.535194614,4.428783127,5.172100057,0
4557,5.63491413,5.409320621,5.263709167,4.570494289,0
4558,5.200248904,5.170843977,4.756356897,4.690876715,0
4559,5.429415033,5.342174241,4.953329378,4.709000647,0
4562,5.625678215,5.290174121,5.423790418,4.36516416,0
4568,5.135020258,5.109535728,4.70956578,4.669165217,0
4573,4.915090044,4.776776237,4.747916361,4.349393762,0
4574,5.68455717,5.707693204,4.860406249,5.048568133,0
4575,5.292030804,5.293260215,4.75730228,4.790798852,0
4583,5.724387052,5.565893775,5.26590352,4.698046119,0
4588,4.840625484,4.812933123,4.621669158,4.467794866,0
4590,5.531587337,5.71564499,4.688837932,5.152876663,0
4594,4.964733085,4.974110496,4.792842011,4.498241928,0
4599,5.472131137,5.461477275,4.94183166,4.812241211,0
4603,5.251623679,5.13584842,4.885935576,4.578617132,0
4607,5.028229997,5.199491571,4.606758742,4.808267117,0
4611,5.249891945,5.176942707,4.900927215,4.604108028,0
4613,5.620483014,5.740648563,4.898597046,5.050704065,0
4614,5.489448477,5.674410783,4.662100912,5.138512086,0
4618,4.702086766,4.718683507,4.500444466,4.463829361,0
4622,5.532164581,5.66703354,4.674248413,5.126211863,0
4636,5.557563346,5.295022323,5.33582855,4.42649635,0
4637,5.667817075,5.3271679,5.473842439,4.365370309,0
4640,4.550271422,4.577100953,4.369110838,4.422923101,0
4648,4.949147479,5.11148935,4.365614254,4.887056119,0
4661,5.240078785,5.024788379,5.022785712,4.391525463,0
4662,5.540246006,5.747185416,4.598311548,5.226537709,0
4666,5.260282348,5.675321133,4.380974725,5.298540973,0
4671,4.952610947,5.079652471,4.490913411,4.782844937,0
4672,4.75461603,4.839042932,4.410728981,4.63069266,0
4673,5.234306339,5.281316357,4.645511443,4.85012109,0
4681,4.935870852,5.134622377,4.34833106,4.916223339,0
4682,5.126361588,5.189583538,4.609838559,4.798306112,0
4688,5.345714557,5.417402707,4.662497706,4.946550147,0
4689,5.80231508,5.699250825,5.155741137,4.869318715,0
4697,5.792501921,5.757012121,5.10078511,4.94549077,0
4698,5.667239831,5.623390098,5.127342374,4.827547774,0
4702,5.181777075,5.333000784,4.5570649,4.944711985,0
4703,5.02245755,4.953620194,4.891456078,4.41463992,0
4704,5.331860686,5.362865676,4.865824223,4.779970303,0
4718,5.087108952,5.112761741,4.791345377,4.619615014,0
4721,5.01379888,5.258942392,4.384540549,4.991593703,0
4723,5.464049712,5.57837982,4.792381304,4.99203177,0
4729,5.08191375,5.126372388,4.513773031,4.806795442,0
4734,5.053628762,4.975779907,4.737378673,4.536136123,0
4743,5.107889759,5.313054418,4.453671991,4.991642377,0
4744,4.885650567,4.793059341,4.756836246,4.358427096,0
4745,5.649922491,5.612864672,4.962654047,4.917586213,0
4746,4.676110757,4.720201631,4.449324562,4.499664929,0
4750,4.767892657,4.884168644,4.383804215,4.687174622,0
4751,5.03977489,4.886769393,4.769013041,4.43593912,0
4752,5.16503698,5.345801647,4.605593657,4.925319663,0
4753,5.501570614,5.242248275,5.116169549,4.522155212,0
4756,5.366495365,5.613823119,4.536751156,5.16672873,0
4760,5.192744724,5.27372049,4.662801294,4.833411568,0
4761,5.145410662,5.359857412,4.425422358,5.044281951,0
4766,5.457122776,5.143253647,5.233359719,4.358822215,0
4768,5.429415033,5.352117253,4.996241763,4.690441511,0
4769,5.066905389,5.202607398,4.558385773,4.840801437,0
4771,5.125207099,5.062525479,4.766816025,4.592383304,0
4774,5.023034795,5.232030671,4.46675156,4.920609731,0
4775,4.723444819,4.825733112,4.44053916,4.599483992,0
4779,5.259705104,5.431916707,4.466842104,5.073950228,0
4787,4.751729807,4.727640089,4.555596228,4.434705089,0
4795,5.48367603,5.695496617,4.576971198,5.202137684,0
4797,5.069214367,5.126130152,4.773609465,4.642320036,0
4800,5.072100591,5.012907484,4.790619696,4.533848441,0
4804,5.399975555,5.470133905,4.797499685,4.906270923,0
4809,5.075564059,5.080218269,4.734563829,4.62831622,0
4813,5.364763631,5.211570976,4.979375337,4.583464497,0
4815,5.1898585,5.188869076,4.798177432,4.679478393,0
4822,5.062864676,5.281549847,4.420527673,4.987327564,0
4824,4.845243441,4.941300303,4.34601687,4.759879366,0
4825,5.234306339,5.467945918,4.464739626,5.101983629,0
4830,5.435187479,5.287024188,5.081073215,4.58278306,0
4833,4.745380116,4.671579687,4.549073088,4.387396757,0
4839,5.001676743,5.083425919,4.616007514,4.706790272,0
4841,5.330128952,5.149783504,5.148284598,4.420555251,0
4849,5.002253987,5.03157009,4.551591001,4.704302168,0
4853,5.092304154,5.188205334,4.506846438,4.861121429,0
4854,5.128670567,5.114821178,4.900446534,4.551147778,0
4857,5.689175128,5.590839631,5.215786253,4.748572666,0
4859,5.485407764,5.52406666,4.86575099,4.907084066,0
4861,5.361300163,5.358255336,4.841161719,4.791440205,0
4864,5.825404866,5.836415429,5.052430782,5.032293815,0
4865,5.127516078,5.268879283,4.578758104,4.881183735,0
4875,5.107312515,5.021422446,4.863328946,4.493735282,0
4888,4.862560781,4.80921302,4.553905192,4.509729008,0
4891,4.887382301,4.891530146,4.579513079,4.565775767,0
4894,5.092881398,5.141446939,4.591910907,4.770161047,0
4901,5.814437218,5.716757349,5.195609656,4.859142972,0
4907,4.951456458,4.896804228,4.669367043,4.511172051,0
4908,5.253355413,5.294847424,4.878542949,4.716774183,0
4914,5.396512087,5.684833894,4.49543527,5.240764853,0
4919,5.126938833,5.346224029,4.428970872,5.03182139,0
4921,5.667817075,5.449903329,5.315948884,4.571716867,0
4922,5.370536078,5.475469202,4.679770247,4.980733659,0
4926,4.915667289,5.088389554,4.401400317,4.846146995,0
4928,5.52581489,5.511015691,4.926033117,4.860780711,0
4929,4.900081683,5.015268622,4.415016491,4.777602453,0
4932,5.345137313,5.557370068,4.537946866,5.125095222,0
4939,5.494066434,5.194652114,5.240749683,4.399865908,0
4941,5.24065603,5.479460399,4.478265256,5.102584897,0
4942,4.883341588,4.935780488,4.524618301,4.640121113,0
4943,5.245273987,5.231897747,4.961663392,4.611993228,0
4944,5.040352135,5.065205807,4.610646794,4.694910936,0
4946,5.247005721,5.197022871,4.782617232,4.696102019,0
4949,5.499261636,5.299054621,5.188238334,4.524797928,0
4950,5.319161303,5.623473175,4.401613361,5.250671457,0
4960,4.809454272,4.831227567,4.484854973,4.575092557,0
4961,5.165614225,5.249620271,4.694984251,4.794097236,0
4969,5.406902491,5.5363026,4.607859913,5.068873809,0
4971,5.323779261,5.513941752,4.509208563,5.10995186,0
4974,5.431146767,5.397237718,4.938762495,4.762765452,0
4975,5.378040258,5.730806992,4.380012032,5.337268353,0
4982,5.271249997,5.498967768,4.538673878,5.081669363,0
4983,4.920862491,4.85979121,4.689748695,4.46453084,0
4995,5.640686577,5.557630668,5.075186543,4.807390983,0
4997,5.040352135,5.120855196,4.528849887,4.7928403,0
5004,5.321470282,5.390901999,4.767078336,4.862716221,0
5005,5.611824344,5.421087831,5.263975472,4.580200471,0
5009,5.304152942,5.332612508,4.785782266,4.804917195,0
5010,5.437496458,5.721837292,4.533688649,5.245151245,0
5019,5.350332515,5.257489855,5.02214658,4.595203537,0
5030,5.098653845,5.032265314,4.722119397,4.595217853,0
5040,5.664353607,5.508052026,5.297954656,4.631193716,0
5043,5.423065341,5.593175408,4.551918556,5.143084585,0
5049,5.370536078,5.336385081,4.868953307,4.756638245,0
5052,5.20717584,5.089386479,4.937534829,4.50495895,0
5055,5.259705104,5.392751556,4.530130814,5.006860182,0
5058,5.310502633,5.19599359,4.998673127,4.557798946,0
5062,5.812128239,5.749135541,5.044155355,4.972622269,0
5065,4.960692372,5.018449161,4.775887705,4.54830464,0
5066,4.641476078,4.670672835,4.44206642,4.459494506,0
5075,4.801950092,4.733499208,4.62701523,4.391608495,0
5076,4.945106766,5.037814862,4.412237598,4.797996888,0
5086,5.259705104,5.224013297,4.842892701,4.680554949,0
5087,5.647613512,5.427369331,5.498788559,4.436852474,0
5091,5.674744011,5.474641929,5.201331219,4.663616373,0
5100,4.891423013,4.929985207,4.576240191,4.601511124,0
5103,5.203712372,5.071128764,4.993553414,4.452247796,0
5104,4.711899926,4.668571423,4.528505022,4.398671962,0
5107,5.544863964,5.355201599,5.160185768,4.590233056,0
5110,5.293185294,5.165890835,5.003369415,4.528849328,0
5111,5.334746909,5.456287145,4.62494604,4.998734475,0
5121,4.949724724,4.913757196,4.606168876,4.567768541,0
5122,5.094035888,4.994397914,4.910446286,4.438679183,0
5130,5.212371042,5.248380237,4.726101988,4.773760065,0
5133,5.180045341,5.373382358,4.484988125,5.019045878,0
5150,5.120589142,4.99067956,4.90508823,4.438896785,0
5153,5.02245755,4.919946,4.826328531,4.427644486,0
5154,4.961269617,5.073647311,4.546685664,4.742631566,0
5157,4.891423013,4.839161864,4.645419567,4.475554086,0
5159,5.320315793,5.673784645,4.401135344,5.28616058,0
5166,5.04727907,4.951939414,4.783040656,4.485036939,0
5167,5.283949379,5.403873389,4.726883593,4.897263357,0
5168,5.120011897,5.23182429,4.672406914,4.793684938,0
5174,5.480212562,5.60394307,4.753834989,5.033782668,0
5176,5.23199736,5.19445885,4.843549143,4.655427676,0
5177,5.282217645,5.238370762,4.942095302,4.629865201,0
5186,5.260282348,5.657556634,4.435703062,5.255347031,0
5188,5.092304154,5.337056694,4.52489659,4.967265258,0
5189,5.350332515,5.632860009,4.390310046,5.263670297,0
5193,5.607206386,5.791703353,4.739742129,5.178155684,0
5202,5.085954462,5.026931767,4.776104743,4.555554213,0
5203,5.248737455,5.11712285,4.912519471,4.545335522,0
5218,5.120011897,5.255977853,4.628923305,4.840074189,0
5227,4.523140923,4.521331758,4.371415708,4.369000822,0
5228,5.296071517,5.537303897,4.43806785,5.168269121,0
5233,5.159841778,5.209141628,4.690899132,4.763681669,0
5235,5.138483726,5.233066073,4.701241086,4.776763541,0
5237,4.978009712,4.798136661,4.766690862,4.356431459,0
5240,5.171386671,5.110809867,4.812089204,4.604637717,0
5250,5.609515365,5.463044371,5.246592414,4.625979865,0
5255,4.920862491,4.976323844,4.557668081,4.653515072,0
5257,5.756135508,5.488593629,5.55914392,4.451102524,0
5258,5.660890139,5.413311818,5.263787727,4.573798399,0
5262,5.272981731,5.232258039,4.919727015,4.638898535,0
5269,5.679939213,5.612343473,5.100367011,4.835100845,0
5273,5.099231089,5.278276611,4.418150901,4.986233829,0
5275,5.7948109,5.714858819,5.202716005,4.853473874,0
5276,5.020148572,5.070935501,4.591969494,4.711617594,0
5280,4.81407223,4.852169983,4.392082306,4.654270951,0
5282,5.244696743,5.358853491,4.624996638,4.923753504,0
5285,5.247005721,5.210827655,4.76026226,4.721615821,0
5299,4.899504439,5.045542778,4.357706327,4.838648325,0
5302,4.950301968,5.036715621,4.392533693,4.809518327,0
5310,4.987822871,4.959960286,4.712670896,4.538443846,0
5315,4.932407384,4.778821681,4.750484872,4.34954551,0
5330,4.902967907,4.931344173,4.566219134,4.609227395,0
5336,5.780379783,5.600454708,5.379691644,4.656320989,0
5337,5.283949379,5.194627628,4.958009688,4.582679985,0
5341,5.331283441,5.269306911,4.801116107,4.744129009,0
5342,5.170232182,5.451646198,4.45375854,5.0963403,0
5343,5.392471375,5.32674202,5.016968279,4.656521411,0
5347,4.927789427,5.013583469,4.455858355,4.750261942,0
5352,5.434610234,5.680132607,4.652471323,5.148149552,0
5362,5.432301256,5.446025816,4.867388765,4.845245093,0
5365,5.203712372,5.336880045,4.532572831,4.962503789,0
5367,5.208330329,5.262132551,4.740300038,4.776116462,0
5379,4.954342681,4.888557736,4.76254183,4.441874493,0
5384,5.323202016,5.196992263,4.937480237,4.597809031,0
5386,5.736509189,5.383000058,5.474377712,4.41401002,0
5387,4.84755242,4.837566784,4.606168876,4.500291965,0
5404,5.010912657,4.867465782,4.82430195,4.381295319,0
5408,5.252778168,5.329975904,4.808546016,4.788774584,0
5412,5.514847242,5.769922296,4.492054528,5.301804998,0
5415,4.945106766,5.094356237,4.40070393,4.851418111,0
5416,5.084799973,5.024768265,4.673911538,4.619941417,0
5421,4.788673465,4.958748235,4.355737002,4.768265621,0
5426,5.161573512,5.030309068,4.86961108,4.497454553,0
5427,4.872951184,4.878631339,4.531784568,4.585829484,0
5429,5.698988287,5.514413105,5.2353863,4.675060505,0
7621,5.147719641,4.988260706,4.945444087,4.409964346,0
7624,5.16619147,5.316269063,4.523350689,4.952096128,0
7630,5.305884676,5.345064448,4.646395575,4.900003421,0
7636,5.466935935,5.448468282,4.822464446,4.874357913,0
7641,5.002831232,4.897140034,4.752677894,4.456178943,0
7644,5.109621493,5.33675062,4.39942966,5.042257683,0
7656,5.008603679,4.849154723,4.823931787,4.364734683,0
7657,5.008603679,5.018015412,4.646404896,4.631912375,0
7667,5.795388144,5.447766936,5.602828589,4.387977982,0
7668,5.579498643,5.634585389,4.887251122,4.97854619,0
7669,5.294917028,5.076529648,5.064057658,4.410671551,0
7675,5.475594605,5.39952977,5.04883966,4.696625981,0
7678,5.664353607,5.618419467,5.018892333,4.888444761,0
7679,4.864869759,4.908441138,4.467486562,4.653695452,0
7680,4.720558595,4.737216688,4.392198148,4.553223584,0
7682,5.419601873,5.38278056,4.844334743,4.80913466,0
7685,5.431146767,5.56591039,4.80851406,4.973097557,0
7695,5.633759641,5.549236387,5.101305736,4.784957964,0
7696,4.71247717,4.707140168,4.491262271,4.459505959,0
7697,5.252200923,5.220208367,4.86475634,4.663579151,0
7700,5.65973565,5.310987111,5.441170813,4.37228489,0
7708,5.339364866,5.345990539,4.815789512,4.797195198,0
7714,4.805990804,4.881834616,4.385295523,4.684208367,0
7720,5.427683299,5.193063156,5.183044056,4.436105184,0
7725,5.456545531,5.315112106,5.12952208,4.575816942,0
7730,4.781746529,4.900167537,4.393645516,4.694472869,0
7733,5.29895774,5.24068905,4.854615447,4.687040053,0
7734,5.139060971,5.307114846,4.649179794,4.868385318,0
7738,4.848706909,4.997475264,4.532919027,4.68746094,0
7748,5.442114415,5.453613813,4.885082068,4.840495077,0
7750,4.759233987,4.728364171,4.478769904,4.487241589,0
7752,5.713419403,5.467580379,5.337566191,4.572959487,0
7759,5.44269166,5.820785572,4.468403982,5.349574303,0
7761,5.020725816,4.899422467,4.774225962,4.443875856,0
7762,5.531010092,5.710555427,4.847507767,5.058125429,0
7763,5.54313223,5.266340623,5.339105433,4.399175882,0
7773,5.392471375,5.192815673,5.13143415,4.469421153,0
7776,4.927212182,4.847722299,4.631126979,4.492767527,0
7778,4.688232895,4.687754354,4.441039814,4.475797456,0
7782,5.524083156,5.758969242,4.647522045,5.207090986,0
7783,5.196785436,5.357532129,4.548006536,4.969160684,0
7787,5.571417218,5.472310524,5.072193275,4.741280145,0
7790,5.222761446,5.458113966,4.543266308,5.048487964,0
7791,5.658003916,5.639723049,5.075028092,4.871451785,0
7794,4.881609854,4.844561873,4.636129518,4.486603099,0
7795,5.445577883,5.401163328,4.934289903,4.768675056,0
7801,5.234306339,5.453760728,4.589539461,5.017834753,0
7802,5.180622586,5.039614574,4.931044977,4.465366889,0
7804,5.757867242,5.718814162,5.06729859,4.936340045,0
7811,5.620483014,5.816796999,4.679511931,5.229652849,0
7815,5.02361204,5.217688946,4.504251296,4.886265881,0
7816,4.822730899,4.894980905,4.496674919,4.62305942,0
7817,5.416138405,5.384763915,4.875552344,4.7915805,0
7821,5.259705104,5.558110766,4.490905422,5.152848031,0
7824,5.226802158,5.308117017,4.662985044,4.860732037,0
7825,5.038043156,4.89596034,4.855355775,4.386457634,0
7828,4.6714928,4.808058686,4.34505684,4.646803777,0
7835,4.868910472,4.754185397,4.686100317,4.370535487,0
7849,4.974546244,5.180567491,4.398015581,4.922089996,0
7850,5.745167859,5.423371138,5.501897669,4.431409568,0
7853,5.351487004,5.278844158,4.950779507,4.658265088,0
7856,5.060555698,4.953419935,4.776429635,4.49071749,0
7857,5.50849755,5.370915406,5.16584608,4.599853342,0
7858,5.351487004,5.625153081,4.455709224,5.221134887,0
7860,5.536782538,5.197976071,5.319235087,4.351383672,0
7863,5.109044249,5.232627076,4.542984024,4.874337871,0
7865,4.938757075,4.937158693,4.46904844,4.677296649,0
7869,5.275867954,5.341382822,4.719901077,4.852317149,0
7872,5.825404866,5.757806163,5.108386785,4.941648382,0
7875,5.255087147,5.500315365,4.409642456,5.157852871,0
7879,5.736509189,5.489604545,5.292918829,4.619113958,0
7882,5.386698928,5.217843732,5.057533186,4.538793154,0
7883,5.566222016,5.324301304,5.220980532,4.52551086,0
7884,5.491757455,5.309838024,5.026631156,4.636376073,0
7888,5.167345959,5.454738414,4.447179475,5.102493275,0
7892,5.313966101,5.191002845,4.910092101,4.610198013,0
7895,5.47501736,5.810586332,4.544978649,5.300321871,0
7898,5.040929379,5.097647837,4.671308406,4.683532657,0
7900,5.340519356,5.416109329,4.674117924,4.938573326,0
7910,5.099808334,5.179435894,4.545175714,4.83030788,0
7911,4.968196553,5.05702053,4.453297832,4.787912766,0
7920,5.713419403,5.338784696,5.426844936,4.406010294,0
7921,5.22333869,5.197949836,4.72497685,4.733140123,0
7925,5.562758548,5.560179822,4.925541784,4.899221773,0
7930,5.383812705,5.356015754,4.882493584,4.764165547,0
7942,4.958960638,5.019909569,4.505889072,4.723680174,0
7946,5.816746196,5.483119287,5.513876067,4.47509884,0
7950,5.460586244,5.252660017,5.157496087,4.504592463,0
7952,4.901236173,5.021364729,4.420184139,4.779380488,0
7958,5.158110044,5.126746672,4.833052732,4.604795192,0
7960,5.576035175,5.448707894,5.286382373,4.589242395,0
7963,5.4005528,5.67130545,4.485502094,5.236862338,0
7964,5.554099878,5.842290289,4.635576935,5.271818909,0
7969,5.490025721,5.33618832,5.078651171,4.625653462,0
7973,5.032270709,5.246837627,4.448625511,4.943297574,0
7974,5.840990472,5.787485662,5.193845386,4.914030142,0
7975,5.367649854,5.153632158,5.045550793,4.490895007,0
7988,5.007449189,5.330497104,4.407345576,5.032777692,0
7990,5.505611327,5.33875234,5.178048174,4.565071425,0
7991,5.003985721,5.14466071,4.409979332,4.886151354,0
8000,4.965310329,5.058811497,4.618730482,4.684362979,0
8001,4.976855222,4.935358981,4.663763986,4.548923087,0
8003,5.051319783,5.218440138,4.38706512,4.958569779,0
8004,5.202557883,5.44772671,4.404008774,5.122589939,0
8008,5.006871945,5.071709429,4.589157314,4.714054161,0
8018,5.66839432,5.444314429,5.4225521,4.49983672,0
8021,5.825404866,5.510885391,5.545899242,4.478503162,0
8024,5.688597883,5.595506813,5.151217947,4.791334267,0
8026,5.26663204,5.578577456,4.399445639,5.220095552,0
8029,5.315697835,5.465331177,4.560777192,5.043569019,0
8036,5.24065603,5.303984152,4.710571081,4.828240664,0
8046,4.952033702,5.031779969,4.612862452,4.665239796,0
8049,5.227956648,5.422856061,4.616500178,4.978282777,0
8050,5.129825056,5.020879384,4.893053908,4.473733103,0
8051,5.335901398,5.638448909,4.398176695,5.263146335,0
8053,4.963578595,5.026814584,4.599400735,4.669666273,0
8056,5.461740733,5.453266638,4.838382826,4.868494119,0
8064,4.707281968,4.6854212,4.49848313,4.434705089,0
8067,5.736509189,5.549544209,5.265646535,4.684987152,0
8073,5.163305246,5.162022067,4.745325213,4.690490185,0
8090,5.233729094,5.461785098,4.499202154,5.077188485,0
8108,4.726908287,4.803350403,4.378627247,4.620642896,0
8113,5.09057242,4.935911662,4.896360084,4.395342083,0
8114,4.52775888,4.611832412,4.365622243,4.457470237,0
8121,4.694005341,4.839148746,4.382121168,4.649509482,0
8122,5.510806529,5.5762924,4.878355204,4.939647019,0
8124,4.93933432,4.832479844,4.749797805,4.399470789,0
8125,5.184663299,5.049735109,4.904940431,4.491427558,0
8126,5.663776363,5.295376494,5.414072949,4.37609292,0
8127,5.455391042,5.169906518,5.275093705,4.355251829,0
8129,4.853324866,4.791520229,4.633728779,4.440282565,0
8131,5.459431755,5.349875047,4.993347027,4.690401427,0
8139,5.241233275,5.151908528,4.976824135,4.533885663,0
8146,5.568530995,5.315509127,5.362958371,4.426885743,0
8149,4.982050424,5.098716471,4.490137132,4.798996138,0
8150,4.715363393,4.791169556,4.504147437,4.52675348,0
8151,5.102117313,4.920975281,4.858618011,4.407018133,0
8152,5.443268904,5.378317135,4.926045101,4.755324045,0
8153,5.438073702,5.563768751,4.822356593,4.9632883,0
8166,5.158687289,5.032599371,4.920677724,4.465959568,0
8169,5.449041351,5.751235204,4.470780754,5.300791433,0
8170,4.748266339,4.732609846,4.521201608,4.462497982,0
8172,5.262591327,5.134435235,5.066957719,4.460138722,0
8180,5.129825056,5.376739546,4.357767577,5.097084727,0
8181,5.130402301,5.373082406,4.396110169,5.071668273,0
8184,5.241810519,5.237827701,4.767231461,4.739484931,0
8185,5.227379403,5.41642677,4.502720042,5.041109547,0
8189,5.191590234,5.071254692,4.869263552,4.533550671,0
8202,5.440959926,5.340054464,5.070382401,4.634074076,0
8203,5.095767622,5.1146524,4.737683592,4.655550793,0
8206,5.610669854,5.595045954,4.95604702,4.907862852,0
8207,4.878146386,4.836818216,4.65690397,4.465770598,0
8208,5.660890139,5.624332804,5.035493786,4.883119245,0
8212,5.050742538,4.910611636,4.857129366,4.398608972,0
8217,5.386121683,5.325617419,4.981146265,4.678023897,0
8223,5.520042443,5.806205985,4.550226188,5.294403677,0
8225,5.390739641,5.384989535,4.854986942,4.804373191,0
8228,5.495220923,5.446706174,4.924766837,4.810906969,0
8229,4.919130757,5.149482677,4.462389484,4.85754818,0
8230,5.176581873,5.370178207,4.483930894,5.017239211,0
8231,4.647248524,4.55862374,4.418710141,4.371400167,0
8234,5.020725816,4.9010123,4.794198835,4.431985067,0
8235,5.012067146,4.927325866,4.702978726,4.516036595,0
8238,5.134443013,5.146465668,4.688008392,4.713776433,0
8243,5.319738548,5.333140703,4.782184486,4.807554185,0
8244,5.305884676,5.078617068,5.088649592,4.396312701,0
8255,5.576035175,5.521768486,5.177897712,4.716338979,0
8257,5.230842871,5.445306981,4.443630961,5.097580057,0
8259,4.741339403,4.719057791,4.557893109,4.425273772,0
8265,5.459431755,5.344946391,4.935987597,4.722048161,0
8275,4.59471926,4.589387614,4.432107945,4.391038722,0
8277,5.669548809,5.44348803,5.188005318,4.646288404,0
8286,5.070946101,4.936970676,4.842667674,4.432108184,0
8290,5.342828334,5.5355654,4.577004486,5.086356389,0
8292,5.322047527,5.58178598,4.355187082,5.247604991,0
8294,5.326665484,5.081067404,5.021057392,4.443005449,0
8299,5.200248904,5.430822714,4.395805249,5.114905163,0
8300,5.504456838,5.290854478,5.187873497,4.518000737,0
8302,5.414983916,5.410025464,4.862087964,4.819983251,0
8311,5.427106054,5.439615765,4.799960344,4.881031987,0
8312,5.180622586,5.053488443,4.898337399,4.499052208,0
8318,5.596238738,5.697079453,4.93559746,4.997048062,0
8319,5.560449569,5.37389831,5.073649963,4.660114703,0
8322,5.341673845,5.442235753,4.639592814,4.979313522,0
8323,5.505034082,5.649320636,4.675425481,5.112677608,0
8330,5.304730187,5.354118099,4.766923879,4.833677844,0
8333,5.798274368,5.763775468,5.035697509,4.988438478,0
8336,5.426528809,5.636788242,4.636003023,5.126280579,0
8337,5.477903584,5.194878608,5.258873068,4.388212763,0
8338,5.089995175,5.143641923,4.502873168,4.827653712,0
8344,5.843876695,5.495644685,5.481088598,4.506436351,0
8347,5.661467384,5.745135599,4.885308427,5.061647141,0
8349,5.682825436,5.637678479,5.013495662,4.906422672,0
8363,5.287412847,5.535194614,4.428783127,5.172100057,0
8367,5.63491413,5.409320621,5.263709167,4.570494289,0
8368,5.200248904,5.170843977,4.756356897,4.690876715,0
8369,5.429415033,5.342174241,4.953329378,4.709000647,0
8372,5.625678215,5.290174121,5.423790418,4.36516416,0
8378,5.135020258,5.109535728,4.70956578,4.669165217,0
8383,4.915090044,4.776776237,4.747916361,4.349393762,0
8384,5.68455717,5.707693204,4.860406249,5.048568133,0
8385,5.292030804,5.293260215,4.75730228,4.790798852,0
8393,5.724387052,5.565893775,5.26590352,4.698046119,0
8398,4.840625484,4.812933123,4.621669158,4.467794866,0
8400,5.531587337,5.71564499,4.688837932,5.152876663,0
8404,4.964733085,4.974110496,4.792842011,4.498241928,0
8409,5.472131137,5.461477275,4.94183166,4.812241211,0
8413,5.251623679,5.13584842,4.885935576,4.578617132,0
8417,5.028229997,5.199491571,4.606758742,4.808267117,0
8421,5.249891945,5.176942707,4.900927215,4.604108028,0
8423,5.620483014,5.740648563,4.898597046,5.050704065,0
8424,5.489448477,5.674410783,4.662100912,5.138512086,0
8428,4.702086766,4.718683507,4.500444466,4.463829361,0
8432,5.532164581,5.66703354,4.674248413,5.126211863,0
8446,5.557563346,5.295022323,5.33582855,4.42649635,0
8447,5.667817075,5.3271679,5.473842439,4.365370309,0
8450,4.550271422,4.577100953,4.369110838,4.422923101,0
8458,4.949147479,5.11148935,4.365614254,4.887056119,0
8471,5.240078785,5.024788379,5.022785712,4.391525463,0
8472,5.540246006,5.747185416,4.598311548,5.226537709,0
8476,5.260282348,5.675321133,4.380974725,5.298540973,0
8481,4.952610947,5.079652471,4.490913411,4.782844937,0
8482,4.75461603,4.839042932,4.410728981,4.63069266,0
8483,5.234306339,5.281316357,4.645511443,4.85012109,0
8491,4.935870852,5.134622377,4.34833106,4.916223339,0
8492,5.126361588,5.189583538,4.609838559,4.798306112,0
8498,5.345714557,5.417402707,4.662497706,4.946550147,0
8499,5.80231508,5.699250825,5.155741137,4.869318715,0
8507,5.792501921,5.757012121,5.10078511,4.94549077,0
8508,5.667239831,5.623390098,5.127342374,4.827547774,0
8512,5.181777075,5.333000784,4.5570649,4.944711985,0
8513,5.02245755,4.953620194,4.891456078,4.41463992,0
8514,5.331860686,5.362865676,4.865824223,4.779970303,0
8528,5.087108952,5.112761741,4.791345377,4.619615014,0
8531,5.01379888,5.258942392,4.384540549,4.991593703,0
8533,5.464049712,5.57837982,4.792381304,4.99203177,0
8539,5.08191375,5.126372388,4.513773031,4.806795442,0
8544,5.053628762,4.975779907,4.737378673,4.536136123,0
8553,5.107889759,5.313054418,4.453671991,4.991642377,0
8554,4.885650567,4.793059341,4.756836246,4.358427096,0
8555,5.649922491,5.612864672,4.962654047,4.917586213,0
8556,4.676110757,4.720201631,4.449324562,4.499664929,0
8560,4.767892657,4.884168644,4.383804215,4.687174622,0
8561,5.03977489,4.886769393,4.769013041,4.43593912,0
8562,5.16503698,5.345801647,4.605593657,4.925319663,0
8563,5.501570614,5.242248275,5.116169549,4.522155212,0
8566,5.366495365,5.613823119,4.536751156,5.16672873,0
8570,5.192744724,5.27372049,4.662801294,4.833411568,0
8571,5.145410662,5.359857412,4.425422358,5.044281951,0
8576,5.457122776,5.143253647,5.233359719,4.358822215,0
8578,5.429415033,5.352117253,4.996241763,4.690441511,0
8579,5.066905389,5.202607398,4.558385773,4.840801437,0
8581,5.125207099,5.062525479,4.766816025,4.592383304,0
8584,5.023034795,5.232030671,4.46675156,4.920609731,0
8585,4.723444819,4.825733112,4.44053916,4.599483992,0
8589,5.259705104,5.431916707,4.466842104,5.073950228,0
8597,4.751729807,4.727640089,4.555596228,4.434705089,0
8605,5.48367603,5.695496617,4.576971198,5.202137684,0
8607,5.069214367,5.126130152,4.773609465,4.642320036,0
8610,5.072100591,5.012907484,4.790619696,4.533848441,0
8614,5.399975555,5.470133905,4.797499685,4.906270923,0
8619,5.075564059,5.080218269,4.734563829,4.62831622,0
8623,5.364763631,5.211570976,4.979375337,4.583464497,0
8625,5.1898585,5.188869076,4.798177432,4.679478393,0
8632,5.062864676,5.281549847,4.420527673,4.987327564,0
8634,4.845243441,4.941300303,4.34601687,4.759879366,0
8635,5.234306339,5.467945918,4.464739626,5.101983629,0
8640,5.435187479,5.287024188,5.081073215,4.58278306,0
8643,4.745380116,4.671579687,4.549073088,4.387396757,0
8649,5.001676743,5.083425919,4.616007514,4.706790272,0
8651,5.330128952,5.149783504,5.148284598,4.420555251,0
8659,5.002253987,5.03157009,4.551591001,4.704302168,0
8663,5.092304154,5.188205334,4.506846438,4.861121429,0
8664,5.128670567,5.114821178,4.900446534,4.551147778,0
8667,5.689175128,5.590839631,5.215786253,4.748572666,0
8669,5.485407764,5.52406666,4.86575099,4.907084066,0
8671,5.361300163,5.358255336,4.841161719,4.791440205,0
8674,5.825404866,5.836415429,5.052430782,5.032293815,0
8675,5.127516078,5.268879283,4.578758104,4.881183735,0
8685,5.107312515,5.021422446,4.863328946,4.493735282,0
8698,4.862560781,4.80921302,4.553905192,4.509729008,0
8701,4.887382301,4.891530146,4.579513079,4.565775767,0
8704,5.092881398,5.141446939,4.591910907,4.770161047,0
8711,5.814437218,5.716757349,5.195609656,4.859142972,0
8717,4.951456458,4.896804228,4.669367043,4.511172051,0
8718,5.253355413,5.294847424,4.878542949,4.716774183,0
8724,5.396512087,5.684833894,4.49543527,5.240764853,0
8729,5.126938833,5.346224029,4.428970872,5.03182139,0
8731,5.667817075,5.449903329,5.315948884,4.571716867,0
8732,5.370536078,5.475469202,4.679770247,4.980733659,0
8736,4.915667289,5.088389554,4.401400317,4.846146995,0
8738,5.52581489,5.511015691,4.926033117,4.860780711,0
8739,4.900081683,5.015268622,4.415016491,4.777602453,0
8742,5.345137313,5.557370068,4.537946866,5.125095222,0
8749,5.494066434,5.194652114,5.240749683,4.399865908,0
8751,5.24065603,5.479460399,4.478265256,5.102584897,0
8752,4.883341588,4.935780488,4.524618301,4.640121113,0
8753,5.245273987,5.231897747,4.961663392,4.611993228,0
8754,5.040352135,5.065205807,4.610646794,4.694910936,0
8756,5.247005721,5.197022871,4.782617232,4.696102019,0
8759,5.499261636,5.299054621,5.188238334,4.524797928,0
8760,5.319161303,5.623473175,4.401613361,5.250671457,0
8770,4.809454272,4.831227567,4.484854973,4.575092557,0
8771,5.165614225,5.249620271,4.694984251,4.794097236,0
8779,5.406902491,5.5363026,4.607859913,5.068873809,0
8781,5.323779261,5.513941752,4.509208563,5.10995186,0
8784,5.431146767,5.397237718,4.938762495,4.762765452,0
8785,5.378040258,5.730806992,4.380012032,5.337268353,0
8792,5.271249997,5.498967768,4.538673878,5.081669363,0
8793,4.920862491,4.85979121,4.689748695,4.46453084,0
8805,5.640686577,5.557630668,5.075186543,4.807390983,0
8807,5.040352135,5.120855196,4.528849887,4.7928403,0
8814,5.321470282,5.390901999,4.767078336,4.862716221,0
8815,5.611824344,5.421087831,5.263975472,4.580200471,0
8819,5.304152942,5.332612508,4.785782266,4.804917195,0
8820,5.437496458,5.721837292,4.533688649,5.245151245,0
8829,5.350332515,5.257489855,5.02214658,4.595203537,0
8840,5.098653845,5.032265314,4.722119397,4.595217853,0
8850,5.664353607,5.508052026,5.297954656,4.631193716,0
8853,5.423065341,5.593175408,4.551918556,5.143084585,0
8859,5.370536078,5.336385081,4.868953307,4.756638245,0
8862,5.20717584,5.089386479,4.937534829,4.50495895,0
8865,5.259705104,5.392751556,4.530130814,5.006860182,0
8868,5.310502633,5.19599359,4.998673127,4.557798946,0
8872,5.812128239,5.749135541,5.044155355,4.972622269,0
8875,4.960692372,5.018449161,4.775887705,4.54830464,0
8876,4.641476078,4.670672835,4.44206642,4.459494506,0
8885,4.801950092,4.733499208,4.62701523,4.391608495,0
8886,4.945106766,5.037814862,4.412237598,4.797996888,0
8896,5.259705104,5.224013297,4.842892701,4.680554949,0
8897,5.647613512,5.427369331,5.498788559,4.436852474,0
8901,5.674744011,5.474641929,5.201331219,4.663616373,0
8910,4.891423013,4.929985207,4.576240191,4.601511124,0
8913,5.203712372,5.071128764,4.993553414,4.452247796,0
8914,4.711899926,4.668571423,4.528505022,4.398671962,0
8917,5.544863964,5.355201599,5.160185768,4.590233056,0
8920,5.293185294,5.165890835,5.003369415,4.528849328,0
8921,5.334746909,5.456287145,4.62494604,4.998734475,0
8931,4.949724724,4.913757196,4.606168876,4.567768541,0
8932,5.094035888,4.994397914,4.910446286,4.438679183,0
8940,5.212371042,5.248380237,4.726101988,4.773760065,0
8943,5.180045341,5.373382358,4.484988125,5.019045878,0
8960,5.120589142,4.99067956,4.90508823,4.438896785,0
8963,5.02245755,4.919946,4.826328531,4.427644486,0
8964,4.961269617,5.073647311,4.546685664,4.742631566,0
8967,4.891423013,4.839161864,4.645419567,4.475554086,0
8969,5.320315793,5.673784645,4.401135344,5.28616058,0
8976,5.04727907,4.951939414,4.783040656,4.485036939,0
8977,5.283949379,5.403873389,4.726883593,4.897263357,0
8978,5.120011897,5.23182429,4.672406914,4.793684938,0
8984,5.480212562,5.60394307,4.753834989,5.033782668,0
8986,5.23199736,5.19445885,4.843549143,4.655427676,0
8987,5.282217645,5.238370762,4.942095302,4.629865201,0
8996,5.260282348,5.657556634,4.435703062,5.255347031,0
8998,5.092304154,5.337056694,4.52489659,4.967265258,0
8999,5.350332515,5.632860009,4.390310046,5.263670297,0
9003,5.607206386,5.791703353,4.739742129,5.178155684,0
9012,5.085954462,5.026931767,4.776104743,4.555554213,0
9013,5.248737455,5.11712285,4.912519471,4.545335522,0
9028,5.120011897,5.255977853,4.628923305,4.840074189,0
9037,4.523140923,4.521331758,4.371415708,4.369000822,0
9038,5.296071517,5.537303897,4.43806785,5.168269121,0
9043,5.159841778,5.209141628,4.690899132,4.763681669,0
9045,5.138483726,5.233066073,4.701241086,4.776763541,0
9047,4.978009712,4.798136661,4.766690862,4.356431459,0
9050,5.171386671,5.110809867,4.812089204,4.604637717,0
9060,5.609515365,5.463044371,5.246592414,4.625979865,0
9065,4.920862491,4.976323844,4.557668081,4.653515072,0
9067,5.756135508,5.488593629,5.55914392,4.451102524,0
9068,5.660890139,5.413311818,5.263787727,4.573798399,0
9072,5.272981731,5.232258039,4.919727015,4.638898535,0
9079,5.679939213,5.612343473,5.100367011,4.835100845,0
9083,5.099231089,5.278276611,4.418150901,4.986233829,0
9085,5.7948109,5.714858819,5.202716005,4.853473874,0
9086,5.020148572,5.070935501,4.591969494,4.711617594,0
9090,4.81407223,4.852169983,4.392082306,4.654270951,0
9092,5.244696743,5.358853491,4.624996638,4.923753504,0
9095,5.247005721,5.210827655,4.76026226,4.721615821,0
9109,4.899504439,5.045542778,4.357706327,4.838648325,0
9112,4.950301968,5.036715621,4.392533693,4.809518327,0
9120,4.987822871,4.959960286,4.712670896,4.538443846,0
9125,4.932407384,4.778821681,4.750484872,4.34954551,0
9140,4.902967907,4.931344173,4.566219134,4.609227395,0
9146,5.780379783,5.600454708,5.379691644,4.656320989,0
9147,5.283949379,5.194627628,4.958009688,4.582679985,0
9151,5.331283441,5.269306911,4.801116107,4.744129009,0
9152,5.170232182,5.451646198,4.45375854,5.0963403,0
9153,5.392471375,5.32674202,5.016968279,4.656521411,0
9157,4.927789427,5.013583469,4.455858355,4.750261942,0
9162,5.434610234,5.680132607,4.652471323,5.148149552,0
9172,5.432301256,5.446025816,4.867388765,4.845245093,0
9175,5.203712372,5.336880045,4.532572831,4.962503789,0
9177,5.208330329,5.262132551,4.740300038,4.776116462,0
9189,4.954342681,4.888557736,4.76254183,4.441874493,0
9194,5.323202016,5.196992263,4.937480237,4.597809031,0
9196,5.736509189,5.383000058,5.474377712,4.41401002,0
9197,4.84755242,4.837566784,4.606168876,4.500291965,0
9214,5.010912657,4.867465782,4.82430195,4.381295319,0
9218,5.252778168,5.329975904,4.808546016,4.788774584,0
9222,5.514847242,5.769922296,4.492054528,5.301804998,0
9225,4.945106766,5.094356237,4.40070393,4.851418111,0
9226,5.084799973,5.024768265,4.673911538,4.619941417,0
9231,4.788673465,4.958748235,4.355737002,4.768265621,0
9236,5.161573512,5.030309068,4.86961108,4.497454553,0
9237,4.872951184,4.878631339,4.531784568,4.585829484,0
9239,5.698988287,5.514413105,5.2353863,4.675060505,0
11431,5.147719641,4.988260706,4.945444087,4.409964346,0
11434,5.16619147,5.316269063,4.523350689,4.952096128,0
11440,5.305884676,5.345064448,4.646395575,4.900003421,0
11446,5.466935935,5.448468282,4.822464446,4.874357913,0
11451,5.002831232,4.897140034,4.752677894,4.456178943,0
11454,5.109621493,5.33675062,4.39942966,5.042257683,0
11466,5.008603679,4.849154723,4.823931787,4.364734683,0
11467,5.008603679,5.018015412,4.646404896,4.631912375,0
11477,5.795388144,5.447766936,5.602828589,4.387977982,0
11478,5.579498643,5.634585389,4.887251122,4.97854619,0
11479,5.294917028,5.076529648,5.064057658,4.410671551,0
11485,5.475594605,5.39952977,5.04883966,4.696625981,0
11488,5.664353607,5.618419467,5.018892333,4.888444761,0
11489,4.864869759,4.908441138,4.467486562,4.653695452,0
11490,4.720558595,4.737216688,4.392198148,4.553223584,0
11492,5.419601873,5.38278056,4.844334743,4.80913466,0
11495,5.431146767,5.56591039,4.80851406,4.973097557,0
11505,5.633759641,5.549236387,5.101305736,4.784957964,0
11506,4.71247717,4.707140168,4.491262271,4.459505959,0
11507,5.252200923,5.220208367,4.86475634,4.663579151,0
11510,5.65973565,5.310987111,5.441170813,4.37228489,0
11518,5.339364866,5.345990539,4.815789512,4.797195198,0
11524,4.805990804,4.881834616,4.385295523,4.684208367,0
11530,5.427683299,5.193063156,5.183044056,4.436105184,0
11535,5.456545531,5.315112106,5.12952208,4.575816942,0
11540,4.781746529,4.900167537,4.393645516,4.694472869,0
11543,5.29895774,5.24068905,4.854615447,4.687040053,0
11544,5.139060971,5.307114846,4.649179794,4.868385318,0
11548,4.848706909,4.997475264,4.532919027,4.68746094,0
11558,5.442114415,5.453613813,4.885082068,4.840495077,0
11560,4.759233987,4.728364171,4.478769904,4.487241589,0
11562,5.713419403,5.467580379,5.337566191,4.572959487,0
11569,5.44269166,5.820785572,4.468403982,5.349574303,0
11571,5.020725816,4.899422467,4.774225962,4.443875856,0
11572,5.531010092,5.710555427,4.847507767,5.058125429,0
11573,5.54313223,5.266340623,5.339105433,4.399175882,0
11583,5.392471375,5.192815673,5.13143415,4.469421153,0
11586,4.927212182,4.847722299,4.631126979,4.492767527,0
11588,4.688232895,4.687754354,4.441039814,4.475797456,0
11592,5.524083156,5.758969242,4.647522045,5.207090986,0
11593,5.196785436,5.357532129,4.548006536,4.969160684,0
11597,5.571417218,5.472310524,5.072193275,4.741280145,0
11600,5.222761446,5.458113966,4.543266308,5.048487964,0
11601,5.658003916,5.639723049,5.075028092,4.871451785,0
11604,4.881609854,4.844561873,4.636129518,4.486603099,0
11605,5.445577883,5.401163328,4.934289903,4.768675056,0
11611,5.234306339,5.453760728,4.589539461,5.017834753,0
11612,5.180622586,5.039614574,4.931044977,4.465366889,0
11614,5.757867242,5.718814162,5.06729859,4.936340045,0
11621,5.620483014,5.816796999,4.679511931,5.229652849,0
11625,5.02361204,5.217688946,4.504251296,4.886265881,0
11626,4.822730899,4.894980905,4.496674919,4.62305942,0
11627,5.416138405,5.384763915,4.875552344,4.7915805,0
11631,5.259705104,5.558110766,4.490905422,5.152848031,0
11634,5.226802158,5.308117017,4.662985044,4.860732037,0
11635,5.038043156,4.89596034,4.855355775,4.386457634,0
11638,4.6714928,4.808058686,4.34505684,4.646803777,0
11645,4.868910472,4.754185397,4.686100317,4.370535487,0
11659,4.974546244,5.180567491,4.398015581,4.922089996,0
11660,5.745167859,5.423371138,5.501897669,4.431409568,0
11663,5.351487004,5.278844158,4.950779507,4.658265088,0
11666,5.060555698,4.953419935,4.776429635,4.49071749,0
11667,5.50849755,5.370915406,5.16584608,4.599853342,0
11668,5.351487004,5.625153081,4.455709224,5.221134887,0
11670,5.536782538,5.197976071,5.319235087,4.351383672,0
11673,5.109044249,5.232627076,4.542984024,4.874337871,0
11675,4.938757075,4.937158693,4.46904844,4.677296649,0
11679,5.275867954,5.341382822,4.719901077,4.852317149,0
11682,5.825404866,5.757806163,5.108386785,4.941648382,0
11685,5.255087147,5.500315365,4.409642456,5.157852871,0
11689,5.736509189,5.489604545,5.292918829,4.619113958,0
11692,5.386698928,5.217843732,5.057533186,4.538793154,0
11693,5.566222016,5.324301304,5.220980532,4.52551086,0
11694,5.491757455,5.309838024,5.026631156,4.636376073,0
11698,5.167345959,5.454738414,4.447179475,5.102493275,0
11702,5.313966101,5.191002845,4.910092101,4.610198013,0
11705,5.47501736,5.810586332,4.544978649,5.300321871,0
11708,5.040929379,5.097647837,4.671308406,4.683532657,0
11710,5.340519356,5.416109329,4.674117924,4.938573326,0
11720,5.099808334,5.179435894,4.545175714,4.83030788,0
11721,4.968196553,5.05702053,4.453297832,4.787912766,0
11730,5.713419403,5.338784696,5.426844936,4.406010294,0
11731,5.22333869,5.197949836,4.72497685,4.733140123,0
11735,5.562758548,5.560179822,4.925541784,4.899221773,0
11740,5.383812705,5.356015754,4.882493584,4.764165547,0
11752,4.958960638,5.019909569,4.505889072,4.723680174,0
11756,5.816746196,5.483119287,5.513876067,4.47509884,0
11760,5.460586244,5.252660017,5.157496087,4.504592463,0
11762,4.901236173,5.021364729,4.420184139,4.779380488,0
11768,5.158110044,5.126746672,4.833052732,4.604795192,0
11770,5.576035175,5.448707894,5.286382373,4.589242395,0
11773,5.4005528,5.67130545,4.485502094,5.236862338,0
11774,5.554099878,5.842290289,4.635576935,5.271818909,0
11779,5.490025721,5.33618832,5.078651171,4.625653462,0
11783,5.032270709,5.246837627,4.448625511,4.943297574,0
11784,5.840990472,5.787485662,5.193845386,4.914030142,0
11785,5.367649854,5.153632158,5.045550793,4.490895007,0
11798,5.007449189,5.330497104,4.407345576,5.032777692,0
11800,5.505611327,5.33875234,5.178048174,4.565071425,0
11801,5.003985721,5.14466071,4.409979332,4.886151354,0
11810,4.965310329,5.058811497,4.618730482,4.684362979,0
11811,4.976855222,4.935358981,4.663763986,4.548923087,0
11813,5.051319783,5.218440138,4.38706512,4.958569779,0
11814,5.202557883,5.44772671,4.404008774,5.122589939,0
11818,5.006871945,5.071709429,4.589157314,4.714054161,0
11828,5.66839432,5.444314429,5.4225521,4.49983672,0
11831,5.825404866,5.510885391,5.545899242,4.478503162,0
11834,5.688597883,5.595506813,5.151217947,4.791334267,0
11836,5.26663204,5.578577456,4.399445639,5.220095552,0
11839,5.315697835,5.465331177,4.560777192,5.043569019,0
11846,5.24065603,5.303984152,4.710571081,4.828240664,0
11856,4.952033702,5.031779969,4.612862452,4.665239796,0
11859,5.227956648,5.422856061,4.616500178,4.978282777,0
11860,5.129825056,5.020879384,4.893053908,4.473733103,0
11861,5.335901398,5.638448909,4.398176695,5.263146335,0
11863,4.963578595,5.026814584,4.599400735,4.669666273,0
11866,5.461740733,5.453266638,4.838382826,4.868494119,0
11874,4.707281968,4.6854212,4.49848313,4.434705089,0
11877,5.736509189,5.549544209,5.265646535,4.684987152,0
11883,5.163305246,5.162022067,4.745325213,4.690490185,0
11900,5.233729094,5.461785098,4.499202154,5.077188485,0
11918,4.726908287,4.803350403,4.378627247,4.620642896,0
11923,5.09057242,4.935911662,4.896360084,4.395342083,0
11924,4.52775888,4.611832412,4.365622243,4.457470237,0
11931,4.694005341,4.839148746,4.382121168,4.649509482,0
11932,5.510806529,5.5762924,4.878355204,4.939647019,0
11934,4.93933432,4.832479844,4.749797805,4.399470789,0
11935,5.184663299,5.049735109,4.904940431,4.491427558,0
11936,5.663776363,5.295376494,5.414072949,4.37609292,0
11937,5.455391042,5.169906518,5.275093705,4.355251829,0
11939,4.853324866,4.791520229,4.633728779,4.440282565,0
11941,5.459431755,5.349875047,4.993347027,4.690401427,0
11949,5.241233275,5.151908528,4.976824135,4.533885663,0
11956,5.568530995,5.315509127,5.362958371,4.426885743,0
11959,4.982050424,5.098716471,4.490137132,4.798996138,0
11960,4.715363393,4.791169556,4.504147437,4.52675348,0
11961,5.102117313,4.920975281,4.858618011,4.407018133,0
11962,5.443268904,5.378317135,4.926045101,4.755324045,0
11963,5.438073702,5.563768751,4.822356593,4.9632883,0
11976,5.158687289,5.032599371,4.920677724,4.465959568,0
11979,5.449041351,5.751235204,4.470780754,5.300791433,0
11980,4.748266339,4.732609846,4.521201608,4.462497982,0
11982,5.262591327,5.134435235,5.066957719,4.460138722,0
11990,5.129825056,5.376739546,4.357767577,5.097084727,0
11991,5.130402301,5.373082406,4.396110169,5.071668273,0
11994,5.241810519,5.237827701,4.767231461,4.739484931,0
11995,5.227379403,5.41642677,4.502720042,5.041109547,0
11999,5.191590234,5.071254692,4.869263552,4.533550671,0
12012,5.440959926,5.340054464,5.070382401,4.634074076,0
12013,5.095767622,5.1146524,4.737683592,4.655550793,0
12016,5.610669854,5.595045954,4.95604702,4.907862852,0
12017,4.878146386,4.836818216,4.65690397,4.465770598,0
12018,5.660890139,5.624332804,5.035493786,4.883119245,0
12022,5.050742538,4.910611636,4.857129366,4.398608972,0
12027,5.386121683,5.325617419,4.981146265,4.678023897,0
12033,5.520042443,5.806205985,4.550226188,5.294403677,0
12035,5.390739641,5.384989535,4.854986942,4.804373191,0
12038,5.495220923,5.446706174,4.924766837,4.810906969,0
12039,4.919130757,5.149482677,4.462389484,4.85754818,0
12040,5.176581873,5.370178207,4.483930894,5.017239211,0
12041,4.647248524,4.55862374,4.418710141,4.371400167,0
12044,5.020725816,4.9010123,4.794198835,4.431985067,0
12045,5.012067146,4.927325866,4.702978726,4.516036595,0
12048,5.134443013,5.146465668,4.688008392,4.713776433,0
12053,5.319738548,5.333140703,4.782184486,4.807554185,0
12054,5.305884676,5.078617068,5.088649592,4.396312701,0
12065,5.576035175,5.521768486,5.177897712,4.716338979,0
12067,5.230842871,5.445306981,4.443630961,5.097580057,0
12069,4.741339403,4.719057791,4.557893109,4.425273772,0
12075,5.459431755,5.344946391,4.935987597,4.722048161,0
12085,4.59471926,4.589387614,4.432107945,4.391038722,0
12087,5.669548809,5.44348803,5.188005318,4.646288404,0
12096,5.070946101,4.936970676,4.842667674,4.432108184,0
12100,5.342828334,5.5355654,4.577004486,5.086356389,0
12102,5.322047527,5.58178598,4.355187082,5.247604991,0
12104,5.326665484,5.081067404,5.021057392,4.443005449,0
12109,5.200248904,5.430822714,4.395805249,5.114905163,0
12110,5.504456838,5.290854478,5.187873497,4.518000737,0
12112,5.414983916,5.410025464,4.862087964,4.819983251,0
12121,5.427106054,5.439615765,4.799960344,4.881031987,0
12122,5.180622586,5.053488443,4.898337399,4.499052208,0
12128,5.596238738,5.697079453,4.93559746,4.997048062,0
12129,5.560449569,5.37389831,5.073649963,4.660114703,0
12132,5.341673845,5.442235753,4.639592814,4.979313522,0
12133,5.505034082,5.649320636,4.675425481,5.112677608,0
12140,5.304730187,5.354118099,4.766923879,4.833677844,0
12143,5.798274368,5.763775468,5.035697509,4.988438478,0
12146,5.426528809,5.636788242,4.636003023,5.126280579,0
12147,5.477903584,5.194878608,5.258873068,4.388212763,0
12148,5.089995175,5.143641923,4.502873168,4.827653712,0
12154,5.843876695,5.495644685,5.481088598,4.506436351,0
12157,5.661467384,5.745135599,4.885308427,5.061647141,0
12159,5.682825436,5.637678479,5.013495662,4.906422672,0
12173,5.287412847,5.535194614,4.428783127,5.172100057,0
12177,5.63491413,5.409320621,5.263709167,4.570494289,0
12178,5.200248904,5.170843977,4.756356897,4.690876715,0
12179,5.429415033,5.342174241,4.953329378,4.709000647,0
12182,5.625678215,5.290174121,5.423790418,4.36516416,0
12188,5.135020258,5.109535728,4.70956578,4.669165217,0
12193,4.915090044,4.776776237,4.747916361,4.349393762,0
12194,5.68455717,5.707693204,4.860406249,5.048568133,0
12195,5.292030804,5.293260215,4.75730228,4.790798852,0
12203,5.724387052,5.565893775,5.26590352,4.698046119,0
12208,4.840625484,4.812933123,4.621669158,4.467794866,0
12210,5.531587337,5.71564499,4.688837932,5.152876663,0
12214,4.964733085,4.974110496,4.792842011,4.498241928,0
12219,5.472131137,5.461477275,4.94183166,4.812241211,0
12223,5.251623679,5.13584842,4.885935576,4.578617132,0
12227,5.028229997,5.199491571,4.606758742,4.808267117,0
12231,5.249891945,5.176942707,4.900927215,4.604108028,0
12233,5.620483014,5.740648563,4.898597046,5.050704065,0
12234,5.489448477,5.674410783,4.662100912,5.138512086,0
12238,4.702086766,4.718683507,4.500444466,4.463829361,0
12242,5.532164581,5.66703354,4.674248413,5.126211863,0
12256,5.557563346,5.295022323,5.33582855,4.42649635,0
12257,5.667817075,5.3271679,5.473842439,4.365370309,0
12260,4.550271422,4.577100953,4.369110838,4.422923101,0
12268,4.949147479,5.11148935,4.365614254,4.887056119,0
12281,5.240078785,5.024788379,5.022785712,4.391525463,0
12282,5.540246006,5.747185416,4.598311548,5.226537709,0
12286,5.260282348,5.675321133,4.380974725,5.298540973,0
12291,4.952610947,5.079652471,4.490913411,4.782844937,0
12292,4.75461603,4.839042932,4.410728981,4.63069266,0
12293,5.234306339,5.281316357,4.645511443,4.85012109,0
12301,4.935870852,5.134622377,4.34833106,4.916223339,0
12302,5.126361588,5.189583538,4.609838559,4.798306112,0
12308,5.345714557,5.417402707,4.662497706,4.946550147,0
12309,5.80231508,5.699250825,5.155741137,4.869318715,0
12317,5.792501921,5.757012121,5.10078511,4.94549077,0
12318,5.667239831,5.623390098,5.127342374,4.827547774,0
12322,5.181777075,5.333000784,4.5570649,4.944711985,0
12323,5.02245755,4.953620194,4.891456078,4.41463992,0
12324,5.331860686,5.362865676,4.865824223,4.779970303,0
12338,5.087108952,5.112761741,4.791345377,4.619615014,0
12341,5.01379888,5.258942392,4.384540549,4.991593703,0
12343,5.464049712,5.57837982,4.792381304,4.99203177,0
12349,5.08191375,5.126372388,4.513773031,4.806795442,0
12354,5.053628762,4.975779907,4.737378673,4.536136123,0
12363,5.107889759,5.313054418,4.453671991,4.991642377,0
12364,4.885650567,4.793059341,4.756836246,4.358427096,0
12365,5.649922491,5.612864672,4.962654047,4.917586213,0
12366,4.676110757,4.720201631,4.449324562,4.499664929,0
12370,4.767892657,4.884168644,4.383804215,4.687174622,0
12371,5.03977489,4.886769393,4.769013041,4.43593912,0
12372,5.16503698,5.345801647,4.605593657,4.925319663,0
12373,5.501570614,5.242248275,5.116169549,4.522155212,0
12376,5.366495365,5.613823119,4.536751156,5.16672873,0
12380,5.192744724,5.27372049,4.662801294,4.833411568,0
12381,5.145410662,5.359857412,4.425422358,5.044281951,0
12386,5.457122776,5.143253647,5.233359719,4.358822215,0
12388,5.429415033,5.352117253,4.996241763,4.690441511,0
12389,5.066905389,5.202607398,4.558385773,4.840801437,0
12391,5.125207099,5.062525479,4.766816025,4.592383304,0
12394,5.023034795,5.232030671,4.46675156,4.920609731,0
12395,4.723444819,4.825733112,4.44053916,4.599483992,0
12399,5.259705104,5.431916707,4.466842104,5.073950228,0
12407,4.751729807,4.727640089,4.555596228,4.434705089,0
12415,5.48367603,5.695496617,4.576971198,5.202137684,0
12417,5.069214367,5.126130152,4.773609465,4.642320036,0
12420,5.072100591,5.012907484,4.790619696,4.533848441,0
12424,5.399975555,5.470133905,4.797499685,4.906270923,0
12429,5.075564059,5.080218269,4.734563829,4.62831622,0
12433,5.364763631,5.211570976,4.979375337,4.583464497,0
12435,5.1898585,5.188869076,4.798177432,4.679478393,0
12442,5.062864676,5.281549847,4.420527673,4.987327564,0
12444,4.845243441,4.941300303,4.34601687,4.759879366,0
12445,5.234306339,5.467945918,4.464739626,5.101983629,0
12450,5.435187479,5.287024188,5.081073215,4.58278306,0
12453,4.745380116,4.671579687,4.549073088,4.387396757,0
12459,5.001676743,5.083425919,4.616007514,4.706790272,0
12461,5.330128952,5.149783504,5.148284598,4.420555251,0
12469,5.002253987,5.03157009,4.551591001,4.704302168,0
12473,5.092304154,5.188205334,4.506846438,4.861121429,0
12474,5.128670567,5.114821178,4.900446534,4.551147778,0
12477,5.689175128,5.590839631,5.215786253,4.748572666,0
12479,5.485407764,5.52406666,4.86575099,4.907084066,0
12481,5.361300163,5.358255336,4.841161719,4.791440205,0
12484,5.825404866,5.836415429,5.052430782,5.032293815,0
12485,5.127516078,5.268879283,4.578758104,4.881183735,0
12495,5.107312515,5.021422446,4.863328946,4.493735282,0
12508,4.862560781,4.80921302,4.553905192,4.509729008,0
12511,4.887382301,4.891530146,4.579513079,4.565775767,0
12514,5.092881398,5.141446939,4.591910907,4.770161047,0
12521,5.814437218,5.716757349,5.195609656,4.859142972,0
12527,4.951456458,4.896804228,4.669367043,4.511172051,0
12528,5.253355413,5.294847424,4.878542949,4.716774183,0
12534,5.396512087,5.684833894,4.49543527,5.240764853,0
12539,5.126938833,5.346224029,4.428970872,5.03182139,0
12541,5.667817075,5.449903329,5.315948884,4.571716867,0
12542,5.370536078,5.475469202,4.679770247,4.980733659,0
12546,4.915667289,5.088389554,4.401400317,4.846146995,0
12548,5.52581489,5.511015691,4.926033117,4.860780711,0
12549,4.900081683,5.015268622,4.415016491,4.777602453,0
12552,5.345137313,5.557370068,4.537946866,5.125095222,0
12559,5.494066434,5.194652114,5.240749683,4.399865908,0
12561,5.24065603,5.479460399,4.478265256,5.102584897,0
12562,4.883341588,4.935780488,4.524618301,4.640121113,0
12563,5.245273987,5.231897747,4.961663392,4.611993228,0
12564,5.040352135,5.065205807,4.610646794,4.694910936,0
12566,5.247005721,5.197022871,4.782617232,4.696102019,0
12569,5.499261636,5.299054621,5.188238334,4.524797928,0
12570,5.319161303,5.623473175,4.401613361,5.250671457,0
12580,4.809454272,4.831227567,4.484854973,4.575092557,0
12581,5.165614225,5.249620271,4.694984251,4.794097236,0
12589,5.406902491,5.5363026,4.607859913,5.068873809,0
12591,5.323779261,5.513941752,4.509208563,5.10995186,0
12594,5.431146767,5.397237718,4.938762495,4.762765452,0
12595,5.378040258,5.730806992,4.380012032,5.337268353,0
12602,5.271249997,5.498967768,4.538673878,5.081669363,0
12603,4.920862491,4.85979121,4.689748695,4.46453084,0
12615,5.640686577,5.557630668,5.075186543,4.807390983,0
12617,5.040352135,5.120855196,4.528849887,4.7928403,0
12624,5.321470282,5.390901999,4.767078336,4.862716221,0
12625,5.611824344,5.421087831,5.263975472,4.580200471,0
12629,5.304152942,5.332612508,4.785782266,4.804917195,0
12630,5.437496458,5.721837292,4.533688649,5.245151245,0
12639,5.350332515,5.257489855,5.02214658,4.595203537,0
12650,5.098653845,5.032265314,4.722119397,4.595217853,0
12660,5.664353607,5.508052026,5.297954656,4.631193716,0
12663,5.423065341,5.593175408,4.551918556,5.143084585,0
12669,5.370536078,5.336385081,4.868953307,4.756638245,0
12672,5.20717584,5.089386479,4.937534829,4.50495895,0
12675,5.259705104,5.392751556,4.530130814,5.006860182,0
12678,5.310502633,5.19599359,4.998673127,4.557798946,0
12682,5.812128239,5.749135541,5.044155355,4.972622269,0
12685,4.960692372,5.018449161,4.775887705,4.54830464,0
12686,4.641476078,4.670672835,4.44206642,4.459494506,0
12695,4.801950092,4.733499208,4.62701523,4.391608495,0
12696,4.945106766,5.037814862,4.412237598,4.797996888,0
12706,5.259705104,5.224013297,4.842892701,4.680554949,0
12707,5.647613512,5.427369331,5.498788559,4.436852474,0
12711,5.674744011,5.474641929,5.201331219,4.663616373,0
12720,4.891423013,4.929985207,4.576240191,4.601511124,0
12723,5.203712372,5.071128764,4.993553414,4.452247796,0
12724,4.711899926,4.668571423,4.528505022,4.398671962,0
12727,5.544863964,5.355201599,5.160185768,4.590233056,0
12730,5.293185294,5.165890835,5.003369415,4.528849328,0
12731,5.334746909,5.456287145,4.62494604,4.998734475,0
12741,4.949724724,4.913757196,4.606168876,4.567768541,0
12742,5.094035888,4.994397914,4.910446286,4.438679183,0
12750,5.212371042,5.248380237,4.726101988,4.773760065,0
12753,5.180045341,5.373382358,4.484988125,5.019045878,0
12770,5.120589142,4.99067956,4.90508823,4.438896785,0
12773,5.02245755,4.919946,4.826328531,4.427644486,0
12774,4.961269617,5.073647311,4.546685664,4.742631566,0
12777,4.891423013,4.839161864,4.645419567,4.475554086,0
12779,5.320315793,5.673784645,4.401135344,5.28616058,0
12786,5.04727907,4.951939414,4.783040656,4.485036939,0
12787,5.283949379,5.403873389,4.726883593,4.897263357,0
12788,5.120011897,5.23182429,4.672406914,4.793684938,0
12794,5.480212562,5.60394307,4.753834989,5.033782668,0
12796,5.23199736,5.19445885,4.843549143,4.655427676,0
12797,5.282217645,5.238370762,4.942095302,4.629865201,0
12806,5.260282348,5.657556634,4.435703062,5.255347031,0
12808,5.092304154,5.337056694,4.52489659,4.967265258,0
12809,5.350332515,5.632860009,4.390310046,5.263670297,0
12813,5.607206386,5.791703353,4.739742129,5.178155684,0
12822,5.085954462,5.026931767,4.776104743,4.555554213,0
12823,5.248737455,5.11712285,4.912519471,4.545335522,0
12838,5.120011897,5.255977853,4.628923305,4.840074189,0
12847,4.523140923,4.521331758,4.371415708,4.369000822,0
12848,5.296071517,5.537303897,4.43806785,5.168269121,0
12853,5.159841778,5.209141628,4.690899132,4.763681669,0
12855,5.138483726,5.233066073,4.701241086,4.776763541,0
12857,4.978009712,4.798136661,4.766690862,4.356431459,0
12860,5.171386671,5.110809867,4.812089204,4.604637717,0
12870,5.609515365,5.463044371,5.246592414,4.625979865,0
12875,4.920862491,4.976323844,4.557668081,4.653515072,0
12877,5.756135508,5.488593629,5.55914392,4.451102524,0
12878,5.660890139,5.413311818,5.263787727,4.573798399,0
12882,5.272981731,5.232258039,4.919727015,4.638898535,0
12889,5.679939213,5.612343473,5.100367011,4.835100845,0
12893,5.099231089,5.278276611,4.418150901,4.986233829,0
12895,5.7948109,5.714858819,5.202716005,4.853473874,0
12896,5.020148572,5.070935501,4.591969494,4.711617594,0
12900,4.81407223,4.852169983,4.392082306,4.654270951,0
12902,5.244696743,5.358853491,4.624996638,4.923753504,0
12905,5.247005721,5.210827655,4.76026226,4.721615821,0
12919,4.899504439,5.045542778,4.357706327,4.838648325,0
12922,4.950301968,5.036715621,4.392533693,4.809518327,0
12930,4.987822871,4.959960286,4.712670896,4.538443846,0
12935,4.932407384,4.778821681,4.750484872,4.34954551,0
12950,4.902967907,4.931344173,4.566219134,4.609227395,0
12956,5.780379783,5.600454708,5.379691644,4.656320989,0
12957,5.283949379,5.194627628,4.958009688,4.582679985,0
12961,5.331283441,5.269306911,4.801116107,4.744129009,0
12962,5.170232182,5.451646198,4.45375854,5.0963403,0
12963,5.392471375,5.32674202,5.016968279,4.656521411,0
12967,4.927789427,5.013583469,4.455858355,4.750261942,0
12972,5.434610234,5.680132607,4.652471323,5.148149552,0
12982,5.432301256,5.446025816,4.867388765,4.845245093,0
12985,5.203712372,5.336880045,4.532572831,4.962503789,0
12987,5.208330329,5.262132551,4.740300038,4.776116462,0
12999,4.954342681,4.888557736,4.76254183,4.441874493,0
13004,5.323202016,5.196992263,4.937480237,4.597809031,0
13006,5.736509189,5.383000058,5.474377712,4.41401002,0
13007,4.84755242,4.837566784,4.606168876,4.500291965,0
13024,5.010912657,4.867465782,4.82430195,4.381295319,0
13028,5.252778168,5.329975904,4.808546016,4.788774584,0
13032,5.514847242,5.769922296,4.492054528,5.301804998,0
13035,4.945106766,5.094356237,4.40070393,4.851418111,0
13036,5.084799973,5.024768265,4.673911538,4.619941417,0
13041,4.788673465,4.958748235,4.355737002,4.768265621,0
13046,5.161573512,5.030309068,4.86961108,4.497454553,0
13047,4.872951184,4.878631339,4.531784568,4.585829484,0
13049,5.698988287,5.514413105,5.2353863,4.675060505,0
15241,5.147719641,4.988260706,4.945444087,4.409964346,0
15244,5.16619147,5.316269063,4.523350689,4.952096128,0
15250,5.305884676,5.345064448,4.646395575,4.900003421,0
15256,5.466935935,5.448468282,4.822464446,4.874357913,0
15261,5.002831232,4.897140034,4.752677894,4.456178943,0
15264,5.109621493,5.33675062,4.39942966,5.042257683,0
15276,5.008603679,4.849154723,4.823931787,4.364734683,0
15277,5.008603679,5.018015412,4.646404896,4.631912375,0
15287,5.795388144,5.447766936,5.602828589,4.387977982,0
15288,5.579498643,5.634585389,4.887251122,4.97854619,0
15289,5.294917028,5.076529648,5.064057658,4.410671551,0
15295,5.475594605,5.39952977,5.04883966,4.696625981,0
15298,5.664353607,5.618419467,5.018892333,4.888444761,0
15299,4.864869759,4.908441138,4.467486562,4.653695452,0
15300,4.720558595,4.737216688,4.392198148,4.553223584,0
15302,5.419601873,5.38278056,4.844334743,4.80913466,0
15305,5.431146767,5.56591039,4.80851406,4.973097557,0
15315,5.633759641,5.549236387,5.101305736,4.784957964,0
15316,4.71247717,4.707140168,4.491262271,4.459505959,0
15317,5.252200923,5.220208367,4.86475634,4.663579151,0
15320,5.65973565,5.310987111,5.441170813,4.37228489,0
15328,5.339364866,5.345990539,4.815789512,4.797195198,0
15334,4.805990804,4.881834616,4.385295523,4.684208367,0
15340,5.427683299,5.193063156,5.183044056,4.436105184,0
15345,5.456545531,5.315112106,5.12952208,4.575816942,0
15350,4.781746529,4.900167537,4.393645516,4.694472869,0
15353,5.29895774,5.24068905,4.854615447,4.687040053,0
15354,5.139060971,5.307114846,4.649179794,4.868385318,0
15358,4.848706909,4.997475264,4.532919027,4.68746094,0
15368,5.442114415,5.453613813,4.885082068,4.840495077,0
15370,4.759233987,4.728364171,4.478769904,4.487241589,0
15372,5.713419403,5.467580379,5.337566191,4.572959487,0
15379,5.44269166,5.820785572,4.468403982,5.349574303,0
15381,5.020725816,4.899422467,4.774225962,4.443875856,0
15382,5.531010092,5.710555427,4.847507767,5.058125429,0
15383,5.54313223,5.266340623,5.339105433,4.399175882,0
15393,5.392471375,5.192815673,5.13143415,4.469421153,0
15396,4.927212182,4.847722299,4.631126979,4.492767527,0
15398,4.688232895,4.687754354,4.441039814,4.475797456,0
15402,5.524083156,5.758969242,4.647522045,5.207090986,0
15403,5.196785436,5.357532129,4.548006536,4.969160684,0
15407,5.571417218,5.472310524,5.072193275,4.741280145,0
15410,5.222761446,5.458113966,4.543266308,5.048487964,0
15411,5.658003916,5.639723049,5.075028092,4.871451785,0
15414,4.881609854,4.844561873,4.636129518,4.486603099,0
15415,5.445577883,5.401163328,4.934289903,4.768675056,0
15421,5.234306339,5.453760728,4.589539461,5.017834753,0
15422,5.180622586,5.039614574,4.931044977,4.465366889,0
15424,5.757867242,5.718814162,5.06729859,4.936340045,0
15431,5.620483014,5.816796999,4.679511931,5.229652849,0
15435,5.02361204,5.217688946,4.504251296,4.886265881,0
15436,4.822730899,4.894980905,4.496674919,4.62305942,0
15437,5.416138405,5.384763915,4.875552344,4.7915805,0
15441,5.259705104,5.558110766,4.490905422,5.152848031,0
15444,5.226802158,5.308117017,4.662985044,4.860732037,0
15445,5.038043156,4.89596034,4.855355775,4.386457634,0
15448,4.6714928,4.808058686,4.34505684,4.646803777,0
15455,4.868910472,4.754185397,4.686100317,4.370535487,0
15469,4.974546244,5.180567491,4.398015581,4.922089996,0
15470,5.745167859,5.423371138,5.501897669,4.431409568,0
15473,5.351487004,5.278844158,4.950779507,4.658265088,0
15476,5.060555698,4.953419935,4.776429635,4.49071749,0
15477,5.50849755,5.370915406,5.16584608,4.599853342,0
15478,5.351487004,5.625153081,4.455709224,5.221134887,0
15480,5.536782538,5.197976071,5.319235087,4.351383672,0
15483,5.109044249,5.232627076,4.542984024,4.874337871,0
15485,4.938757075,4.937158693,4.46904844,4.677296649,0
15489,5.275867954,5.341382822,4.719901077,4.852317149,0
15492,5.825404866,5.757806163,5.108386785,4.941648382,0
15495,5.255087147,5.500315365,4.409642456,5.157852871,0
15499,5.736509189,5.489604545,5.292918829,4.619113958,0
15502,5.386698928,5.217843732,5.057533186,4.538793154,0
15503,5.566222016,5.324301304,5.220980532,4.52551086,0
15504,5.491757455,5.309838024,5.026631156,4.636376073,0
15508,5.167345959,5.454738414,4.447179475,5.102493275,0
15512,5.313966101,5.191002845,4.910092101,4.610198013,0
15515,5.47501736,5.810586332,4.544978649,5.300321871,0
15518,5.040929379,5.097647837,4.671308406,4.683532657,0
15520,5.340519356,5.416109329,4.674117924,4.938573326,0
15530,5.099808334,5.179435894,4.545175714,4.83030788,0
15531,4.968196553,5.05702053,4.453297832,4.787912766,0
15540,5.713419403,5.338784696,5.426844936,4.406010294,0
15541,5.22333869,5.197949836,4.72497685,4.733140123,0
15545,5.562758548,5.560179822,4.925541784,4.899221773,0
15550,5.383812705,5.356015754,4.882493584,4.764165547,0
15562,4.958960638,5.019909569,4.505889072,4.723680174,0
15566,5.816746196,5.483119287,5.513876067,4.47509884,0
15570,5.460586244,5.252660017,5.157496087,4.504592463,0
15572,4.901236173,5.021364729,4.420184139,4.779380488,0
15578,5.158110044,5.126746672,4.833052732,4.604795192,0
15580,5.576035175,5.448707894,5.286382373,4.589242395,0
15583,5.4005528,5.67130545,4.485502094,5.236862338,0
15584,5.554099878,5.842290289,4.635576935,5.271818909,0
15589,5.490025721,5.33618832,5.078651171,4.625653462,0
15593,5.032270709,5.246837627,4.448625511,4.943297574,0
15594,5.840990472,5.787485662,5.193845386,4.914030142,0
15595,5.367649854,5.153632158,5.045550793,4.490895007,0
15608,5.007449189,5.330497104,4.407345576,5.032777692,0
15610,5.505611327,5.33875234,5.178048174,4.565071425,0
15611,5.003985721,5.14466071,4.409979332,4.886151354,0
15620,4.965310329,5.058811497,4.618730482,4.684362979,0
15621,4.976855222,4.935358981,4.663763986,4.548923087,0
15623,5.051319783,5.218440138,4.38706512,4.958569779,0
15624,5.202557883,5.44772671,4.404008774,5.122589939,0
15628,5.006871945,5.071709429,4.589157314,4.714054161,0
15638,5.66839432,5.444314429,5.4225521,4.49983672,0
15641,5.825404866,5.510885391,5.545899242,4.478503162,0
15644,5.688597883,5.595506813,5.151217947,4.791334267,0
15646,5.26663204,5.578577456,4.399445639,5.220095552,0
15649,5.315697835,5.465331177,4.560777192,5.043569019,0
15656,5.24065603,5.303984152,4.710571081,4.828240664,0
15666,4.952033702,5.031779969,4.612862452,4.665239796,0
15669,5.227956648,5.422856061,4.616500178,4.978282777,0
15670,5.129825056,5.020879384,4.893053908,4.473733103,0
15671,5.335901398,5.638448909,4.398176695,5.263146335,0
15673,4.963578595,5.026814584,4.599400735,4.669666273,0
15676,5.461740733,5.453266638,4.838382826,4.868494119,0
15684,4.707281968,4.6854212,4.49848313,4.434705089,0
15687,5.736509189,5.549544209,5.265646535,4.684987152,0
15693,5.163305246,5.162022067,4.745325213,4.690490185,0
15710,5.233729094,5.461785098,4.499202154,5.077188485,0
15728,4.726908287,4.803350403,4.378627247,4.620642896,0
15733,5.09057242,4.935911662,4.896360084,4.395342083,0
15734,4.52775888,4.611832412,4.365622243,4.457470237,0
15741,4.694005341,4.839148746,4.382121168,4.649509482,0
15742,5.510806529,5.5762924,4.878355204,4.939647019,0
15744,4.93933432,4.832479844,4.749797805,4.399470789,0
15745,5.184663299,5.049735109,4.904940431,4.491427558,0
15746,5.663776363,5.295376494,5.414072949,4.37609292,0
15747,5.455391042,5.169906518,5.275093705,4.355251829,0
15749,4.853324866,4.791520229,4.633728779,4.440282565,0
15751,5.459431755,5.349875047,4.993347027,4.690401427,0
15759,5.241233275,5.151908528,4.976824135,4.533885663,0
15766,5.568530995,5.315509127,5.362958371,4.426885743,0
15769,4.982050424,5.098716471,4.490137132,4.798996138,0
15770,4.715363393,4.791169556,4.504147437,4.52675348,0
15771,5.102117313,4.920975281,4.858618011,4.407018133,0
15772,5.443268904,5.378317135,4.926045101,4.755324045,0
15773,5.438073702,5.563768751,4.822356593,4.9632883,0
15786,5.158687289,5.032599371,4.920677724,4.465959568,0
15789,5.449041351,5.751235204,4.470780754,5.300791433,0
15790,4.748266339,4.732609846,4.521201608,4.462497982,0
15792,5.262591327,5.134435235,5.066957719,4.460138722,0
15800,5.129825056,5.376739546,4.357767577,5.097084727,0
15801,5.130402301,5.373082406,4.396110169,5.071668273,0
15804,5.241810519,5.237827701,4.767231461,4.739484931,0
15805,5.227379403,5.41642677,4.502720042,5.041109547,0
15809,5.191590234,5.071254692,4.869263552,4.533550671,0
15822,5.440959926,5.340054464,5.070382401,4.634074076,0
15823,5.095767622,5.1146524,4.737683592,4.655550793,0
15826,5.610669854,5.595045954,4.95604702,4.907862852,0
15827,4.878146386,4.836818216,4.65690397,4.465770598,0
15828,5.660890139,5.624332804,5.035493786,4.883119245,0
15832,5.050742538,4.910611636,4.857129366,4.398608972,0
15837,5.386121683,5.325617419,4.981146265,4.678023897,0
15843,5.520042443,5.806205985,4.550226188,5.294403677,0
15845,5.390739641,5.384989535,4.854986942,4.804373191,0
15848,5.495220923,5.446706174,4.924766837,4.810906969,0
15849,4.919130757,5.149482677,4.462389484,4.85754818,0
15850,5.176581873,5.370178207,4.483930894,5.017239211,0
15851,4.647248524,4.55862374,4.418710141,4.371400167,0
15854,5.020725816,4.9010123,4.794198835,4.431985067,0
15855,5.012067146,4.927325866,4.702978726,4.516036595,0
15858,5.134443013,5.146465668,4.688008392,4.713776433,0
15863,5.319738548,5.333140703,4.782184486,4.807554185,0
15864,5.305884676,5.078617068,5.088649592,4.396312701,0
15875,5.576035175,5.521768486,5.177897712,4.716338979,0
15877,5.230842871,5.445306981,4.443630961,5.097580057,0
15879,4.741339403,4.719057791,4.557893109,4.425273772,0
15885,5.459431755,5.344946391,4.935987597,4.722048161,0
15895,4.59471926,4.589387614,4.432107945,4.391038722,0
15897,5.669548809,5.44348803,5.188005318,4.646288404,0
15906,5.070946101,4.936970676,4.842667674,4.432108184,0
15910,5.342828334,5.5355654,4.577004486,5.086356389,0
15912,5.322047527,5.58178598,4.355187082,5.247604991,0
15914,5.326665484,5.081067404,5.021057392,4.443005449,0
15919,5.200248904,5.430822714,4.395805249,5.114905163,0
15920,5.504456838,5.290854478,5.187873497,4.518000737,0
15922,5.414983916,5.410025464,4.862087964,4.819983251,0
15931,5.427106054,5.439615765,4.799960344,4.881031987,0
15932,5.180622586,5.053488443,4.898337399,4.499052208,0
15938,5.596238738,5.697079453,4.93559746,4.997048062,0
15939,5.560449569,5.37389831,5.073649963,4.660114703,0
15942,5.341673845,5.442235753,4.639592814,4.979313522,0
15943,5.505034082,5.649320636,4.675425481,5.112677608,0
15950,5.304730187,5.354118099,4.766923879,4.833677844,0
15953,5.798274368,5.763775468,5.035697509,4.988438478,0
15956,5.426528809,5.636788242,4.636003023,5.126280579,0
15957,5.477903584,5.194878608,5.258873068,4.388212763,0
15958,5.089995175,5.143641923,4.502873168,4.827653712,0
15964,5.843876695,5.495644685,5.481088598,4.506436351,0
15967,5.661467384,5.745135599,4.885308427,5.061647141,0
15969,5.682825436,5.637678479,5.013495662,4.906422672,0
15983,5.287412847,5.535194614,4.428783127,5.172100057,0
15987,5.63491413,5.409320621,5.263709167,4.570494289,0
15988,5.200248904,5.170843977,4.756356897,4.690876715,0
15989,5.429415033,5.342174241,4.953329378,4.709000647,0
15992,5.625678215,5.290174121,5.423790418,4.36516416,0
15998,5.135020258,5.109535728,4.70956578,4.669165217,0
16003,4.915090044,4.776776237,4.747916361,4.349393762,0
16004,5.68455717,5.707693204,4.860406249,5.048568133,0
16005,5.292030804,5.293260215,4.75730228,4.790798852,0
16013,5.724387052,5.565893775,5.26590352,4.698046119,0
16018,4.840625484,4.812933123,4.621669158,4.467794866,0
16020,5.531587337,5.71564499,4.688837932,5.152876663,0
16024,4.964733085,4.974110496,4.792842011,4.498241928,0
16029,5.472131137,5.461477275,4.94183166,4.812241211,0
16033,5.251623679,5.13584842,4.885935576,4.578617132,0
16037,5.028229997,5.199491571,4.606758742,4.808267117,0
16041,5.249891945,5.176942707,4.900927215,4.604108028,0
16043,5.620483014,5.740648563,4.898597046,5.050704065,0
16044,5.489448477,5.674410783,4.662100912,5.138512086,0
16048,4.702086766,4.718683507,4.500444466,4.463829361,0
16052,5.532164581,5.66703354,4.674248413,5.126211863,0
16066,5.557563346,5.295022323,5.33582855,4.42649635,0
16067,5.667817075,5.3271679,5.473842439,4.365370309,0
16070,4.550271422,4.577100953,4.369110838,4.422923101,0
16078,4.949147479,5.11148935,4.365614254,4.887056119,0
16091,5.240078785,5.024788379,5.022785712,4.391525463,0
16092,5.540246006,5.747185416,4.598311548,5.226537709,0
16096,5.260282348,5.675321133,4.380974725,5.298540973,0
16101,4.952610947,5.079652471,4.490913411,4.782844937,0
16102,4.75461603,4.839042932,4.410728981,4.63069266,0
16103,5.234306339,5.281316357,4.645511443,4.85012109,0
16111,4.935870852,5.134622377,4.34833106,4.916223339,0
16112,5.126361588,5.189583538,4.609838559,4.798306112,0
16118,5.345714557,5.417402707,4.662497706,4.946550147,0
16119,5.80231508,5.699250825,5.155741137,4.869318715,0
16127,5.792501921,5.757012121,5.10078511,4.94549077,0
16128,5.667239831,5.623390098,5.127342374,4.827547774,0
16132,5.181777075,5.333000784,4.5570649,4.944711985,0
16133,5.02245755,4.953620194,4.891456078,4.41463992,0
16134,5.331860686,5.362865676,4.865824223,4.779970303,0
16148,5.087108952,5.112761741,4.791345377,4.619615014,0
16151,5.01379888,5.258942392,4.384540549,4.991593703,0
16153,5.464049712,5.57837982,4.792381304,4.99203177,0
16159,5.08191375,5.126372388,4.513773031,4.806795442,0
16164,5.053628762,4.975779907,4.737378673,4.536136123,0
16173,5.107889759,5.313054418,4.453671991,4.991642377,0
16174,4.885650567,4.793059341,4.756836246,4.358427096,0
16175,5.649922491,5.612864672,4.962654047,4.917586213,0
16176,4.676110757,4.720201631,4.449324562,4.499664929,0
16180,4.767892657,4.884168644,4.383804215,4.687174622,0
16181,5.03977489,4.886769393,4.769013041,4.43593912,0
16182,5.16503698,5.345801647,4.605593657,4.925319663,0
16183,5.501570614,5.242248275,5.116169549,4.522155212,0
16186,5.366495365,5.613823119,4.536751156,5.16672873,0
16190,5.192744724,5.27372049,4.662801294,4.833411568,0
16191,5.145410662,5.359857412,4.425422358,5.044281951,0
16196,5.457122776,5.143253647,5.233359719,4.358822215,0
16198,5.429415033,5.352117253,4.996241763,4.690441511,0
16199,5.066905389,5.202607398,4.558385773,4.840801437,0
16201,5.125207099,5.062525479,4.766816025,4.592383304,0
16204,5.023034795,5.232030671,4.46675156,4.920609731,0
16205,4.723444819,4.825733112,4.44053916,4.599483992,0
16209,5.259705104,5.431916707,4.466842104,5.073950228,0
16217,4.751729807,4.727640089,4.555596228,4.434705089,0
16225,5.48367603,5.695496617,4.576971198,5.202137684,0
16227,5.069214367,5.126130152,4.773609465,4.642320036,0
16230,5.072100591,5.012907484,4.790619696,4.533848441,0
16234,5.399975555,5.470133905,4.797499685,4.906270923,0
16239,5.075564059,5.080218269,4.734563829,4.62831622,0
16243,5.364763631,5.211570976,4.979375337,4.583464497,0
16245,5.1898585,5.188869076,4.798177432,4.679478393,0
16252,5.062864676,5.281549847,4.420527673,4.987327564,0
16254,4.845243441,4.941300303,4.34601687,4.759879366,0
16255,5.234306339,5.467945918,4.464739626,5.101983629,0
16260,5.435187479,5.287024188,5.081073215,4.58278306,0
16263,4.745380116,4.671579687,4.549073088,4.387396757,0
16269,5.001676743,5.083425919,4.616007514,4.706790272,0
16271,5.330128952,5.149783504,5.148284598,4.420555251,0
16279,5.002253987,5.03157009,4.551591001,4.704302168,0
16283,5.092304154,5.188205334,4.506846438,4.861121429,0
16284,5.128670567,5.114821178,4.900446534,4.551147778,0
16287,5.689175128,5.590839631,5.215786253,4.748572666,0
16289,5.485407764,5.52406666,4.86575099,4.907084066,0
16291,5.361300163,5.358255336,4.841161719,4.791440205,0
16294,5.825404866,5.836415429,5.052430782,5.032293815,0
16295,5.127516078,5.268879283,4.578758104,4.881183735,0
16305,5.107312515,5.021422446,4.863328946,4.493735282,0
16318,4.862560781,4.80921302,4.553905192,4.509729008,0
16321,4.887382301,4.891530146,4.579513079,4.565775767,0
16324,5.092881398,5.141446939,4.591910907,4.770161047,0
16331,5.814437218,5.716757349,5.195609656,4.859142972,0
16337,4.951456458,4.896804228,4.669367043,4.511172051,0
16338,5.253355413,5.294847424,4.878542949,4.716774183,0
16344,5.396512087,5.684833894,4.49543527,5.240764853,0
16349,5.126938833,5.346224029,4.428970872,5.03182139,0
16351,5.667817075,5.449903329,5.315948884,4.571716867,0
16352,5.370536078,5.475469202,4.679770247,4.980733659,0
16356,4.915667289,5.088389554,4.401400317,4.846146995,0
16358,5.52581489,5.511015691,4.926033117,4.860780711,0
16359,4.900081683,5.015268622,4.415016491,4.777602453,0
16362,5.345137313,5.557370068,4.537946866,5.125095222,0
16369,5.494066434,5.194652114,5.240749683,4.399865908,0
16371,5.24065603,5.479460399,4.478265256,5.102584897,0
16372,4.883341588,4.935780488,4.524618301,4.640121113,0
16373,5.245273987,5.231897747,4.961663392,4.611993228,0
16374,5.040352135,5.065205807,4.610646794,4.694910936,0
16376,5.247005721,5.197022871,4.782617232,4.696102019,0
16379,5.499261636,5.299054621,5.188238334,4.524797928,0
16380,5.319161303,5.623473175,4.401613361,5.250671457,0
16390,4.809454272,4.831227567,4.484854973,4.575092557,0
16391,5.165614225,5.249620271,4.694984251,4.794097236,0
16399,5.406902491,5.5363026,4.607859913,5.068873809,0
16401,5.323779261,5.513941752,4.509208563,5.10995186,0
16404,5.431146767,5.397237718,4.938762495,4.762765452,0
16405,5.378040258,5.730806992,4.380012032,5.337268353,0
16412,5.271249997,5.498967768,4.538673878,5.081669363,0
16413,4.920862491,4.85979121,4.689748695,4.46453084,0
16425,5.640686577,5.557630668,5.075186543,4.807390983,0
16427,5.040352135,5.120855196,4.528849887,4.7928403,0
16434,5.321470282,5.390901999,4.767078336,4.862716221,0
16435,5.611824344,5.421087831,5.263975472,4.580200471,0
16439,5.304152942,5.332612508,4.785782266,4.804917195,0
16440,5.437496458,5.721837292,4.533688649,5.245151245,0
16449,5.350332515,5.257489855,5.02214658,4.595203537,0
16460,5.098653845,5.032265314,4.722119397,4.595217853,0
16470,5.664353607,5.508052026,5.297954656,4.631193716,0
16473,5.423065341,5.593175408,4.551918556,5.143084585,0
16479,5.370536078,5.336385081,4.868953307,4.756638245,0
16482,5.20717584,5.089386479,4.937534829,4.50495895,0
16485,5.259705104,5.392751556,4.530130814,5.006860182,0
16488,5.310502633,5.19599359,4.998673127,4.557798946,0
16492,5.812128239,5.749135541,5.044155355,4.972622269,0
16495,4.960692372,5.018449161,4.775887705,4.54830464,0
16496,4.641476078,4.670672835,4.44206642,4.459494506,0
16505,4.801950092,4.733499208,4.62701523,4.391608495,0
16506,4.945106766,5.037814862,4.412237598,4.797996888,0
16516,5.259705104,5.224013297,4.842892701,4.680554949,0
16517,5.647613512,5.427369331,5.498788559,4.436852474,0
16521,5.674744011,5.474641929,5.201331219,4.663616373,0
16530,4.891423013,4.929985207,4.576240191,4.601511124,0
16533,5.203712372,5.071128764,4.993553414,4.452247796,0
16534,4.711899926,4.668571423,4.528505022,4.398671962,0
16537,5.544863964,5.355201599,5.160185768,4.590233056,0
16540,5.293185294,5.165890835,5.003369415,4.528849328,0
16541,5.334746909,5.456287145,4.62494604,4.998734475,0
16551,4.949724724,4.913757196,4.606168876,4.567768541,0
16552,5.094035888,4.994397914,4.910446286,4.438679183,0
16560,5.212371042,5.248380237,4.726101988,4.773760065,0
16563,5.180045341,5.373382358,4.484988125,5.019045878,0
16580,5.120589142,4.99067956,4.90508823,4.438896785,0
16583,5.02245755,4.919946,4.826328531,4.427644486,0
16584,4.961269617,5.073647311,4.546685664,4.742631566,0
16587,4.891423013,4.839161864,4.645419567,4.475554086,0
16589,5.320315793,5.673784645,4.401135344,5.28616058,0
16596,5.04727907,4.951939414,4.783040656,4.485036939,0
16597,5.283949379,5.403873389,4.726883593,4.897263357,0
16598,5.120011897,5.23182429,4.672406914,4.793684938,0
16604,5.480212562,5.60394307,4.753834989,5.033782668,0
16606,5.23199736,5.19445885,4.843549143,4.655427676,0
16607,5.282217645,5.238370762,4.942095302,4.629865201,0
16616,5.260282348,5.657556634,4.435703062,5.255347031,0
16618,5.092304154,5.337056694,4.52489659,4.967265258,0
16619,5.350332515,5.632860009,4.390310046,5.263670297,0
16623,5.607206386,5.791703353,4.739742129,5.178155684,0
16632,5.085954462,5.026931767,4.776104743,4.555554213,0
16633,5.248737455,5.11712285,4.912519471,4.545335522,0
16648,5.120011897,5.255977853,4.628923305,4.840074189,0
16657,4.523140923,4.521331758,4.371415708,4.369000822,0
16658,5.296071517,5.537303897,4.43806785,5.168269121,0
16663,5.159841778,5.209141628,4.690899132,4.763681669,0
16665,5.138483726,5.233066073,4.701241086,4.776763541,0
16667,4.978009712,4.798136661,4.766690862,4.356431459,0
16670,5.171386671,5.110809867,4.812089204,4.604637717,0
16680,5.609515365,5.463044371,5.246592414,4.625979865,0
16685,4.920862491,4.976323844,4.557668081,4.653515072,0
16687,5.756135508,5.488593629,5.55914392,4.451102524,0
16688,5.660890139,5.413311818,5.263787727,4.573798399,0
16692,5.272981731,5.232258039,4.919727015,4.638898535,0
16699,5.679939213,5.612343473,5.100367011,4.835100845,0
16703,5.099231089,5.278276611,4.418150901,4.986233829,0
16705,5.7948109,5.714858819,5.202716005,4.853473874,0
16706,5.020148572,5.070935501,4.591969494,4.711617594,0
16710,4.81407223,4.852169983,4.392082306,4.654270951,0
16712,5.244696743,5.358853491,4.624996638,4.923753504,0
16715,5.247005721,5.210827655,4.76026226,4.721615821,0
16729,4.899504439,5.045542778,4.357706327,4.838648325,0
16732,4.950301968,5.036715621,4.392533693,4.809518327,0
16740,4.987822871,4.959960286,4.712670896,4.538443846,0
16745,4.932407384,4.778821681,4.750484872,4.34954551,0
16760,4.902967907,4.931344173,4.566219134,4.609227395,0
16766,5.780379783,5.600454708,5.379691644,4.656320989,0
16767,5.283949379,5.194627628,4.958009688,4.582679985,0
16771,5.331283441,5.269306911,4.801116107,4.744129009,0
16772,5.170232182,5.451646198,4.45375854,5.0963403,0
16773,5.392471375,5.32674202,5.016968279,4.656521411,0
16777,4.927789427,5.013583469,4.455858355,4.750261942,0
16782,5.434610234,5.680132607,4.652471323,5.148149552,0
16792,5.432301256,5.446025816,4.867388765,4.845245093,0
16795,5.203712372,5.336880045,4.532572831,4.962503789,0
16797,5.208330329,5.262132551,4.740300038,4.776116462,0
16809,4.954342681,4.888557736,4.76254183,4.441874493,0
16814,5.323202016,5.196992263,4.937480237,4.597809031,0
16816,5.736509189,5.383000058,5.474377712,4.41401002,0
16817,4.84755242,4.837566784,4.606168876,4.500291965,0
16834,5.010912657,4.867465782,4.82430195,4.381295319,0
16838,5.252778168,5.329975904,4.808546016,4.788774584,0
16842,5.514847242,5.769922296,4.492054528,5.301804998,0
16845,4.945106766,5.094356237,4.40070393,4.851418111,0
16846,5.084799973,5.024768265,4.673911538,4.619941417,0
16851,4.788673465,4.958748235,4.355737002,4.768265621,0
16856,5.161573512,5.030309068,4.86961108,4.497454553,0
16857,4.872951184,4.878631339,4.531784568,4.585829484,0
16859,5.698988287,5.514413105,5.2353863,4.675060505,0
19051,5.147719641,4.988260706,4.945444087,4.409964346,0
19054,5.16619147,5.316269063,4.523350689,4.952096128,0
19060,5.305884676,5.345064448,4.646395575,4.900003421,0
19066,5.466935935,5.448468282,4.822464446,4.874357913,0
19071,5.002831232,4.897140034,4.752677894,4.456178943,0
19074,5.109621493,5.33675062,4.39942966,5.042257683,0
19086,5.008603679,4.849154723,4.823931787,4.364734683,0
19087,5.008603679,5.018015412,4.646404896,4.631912375,0
19097,5.795388144,5.447766936,5.602828589,4.387977982,0
19098,5.579498643,5.634585389,4.887251122,4.97854619,0
19099,5.294917028,5.076529648,5.064057658,4.410671551,0
19105,5.475594605,5.39952977,5.04883966,4.696625981,0
19108,5.664353607,5.618419467,5.018892333,4.888444761,0
19109,4.864869759,4.908441138,4.467486562,4.653695452,0
19110,4.720558595,4.737216688,4.392198148,4.553223584,0
19112,5.419601873,5.38278056,4.844334743,4.80913466,0
19115,5.431146767,5.56591039,4.80851406,4.973097557,0
19125,5.633759641,5.549236387,5.101305736,4.784957964,0
19126,4.71247717,4.707140168,4.491262271,4.459505959,0
19127,5.252200923,5.220208367,4.86475634,4.663579151,0
19130,5.65973565,5.310987111,5.441170813,4.37228489,0
19138,5.339364866,5.345990539,4.815789512,4.797195198,0
19144,4.805990804,4.881834616,4.385295523,4.684208367,0
19150,5.427683299,5.193063156,5.183044056,4.436105184,0
19155,5.456545531,5.315112106,5.12952208,4.575816942,0
19160,4.781746529,4.900167537,4.393645516,4.694472869,0
19163,5.29895774,5.24068905,4.854615447,4.687040053,0
19164,5.139060971,5.307114846,4.649179794,4.868385318,0
19168,4.848706909,4.997475264,4.532919027,4.68746094,0
19178,5.442114415,5.453613813,4.885082068,4.840495077,0
19180,4.759233987,4.728364171,4.478769904,4.487241589,0
19182,5.713419403,5.467580379,5.337566191,4.572959487,0
19189,5.44269166,5.820785572,4.468403982,5.349574303,0
19191,5.020725816,4.899422467,4.774225962,4.443875856,0
19192,5.531010092,5.710555427,4.847507767,5.058125429,0
19193,5.54313223,5.266340623,5.339105433,4.399175882,0
19203,5.392471375,5.192815673,5.13143415,4.469421153,0
19206,4.927212182,4.847722299,4.631126979,4.492767527,0
19208,4.688232895,4.687754354,4.441039814,4.475797456,0
19212,5.524083156,5.758969242,4.647522045,5.207090986,0
19213,5.196785436,5.357532129,4.548006536,4.969160684,0
19217,5.571417218,5.472310524,5.072193275,4.741280145,0
19220,5.222761446,5.458113966,4.543266308,5.048487964,0
19221,5.658003916,5.639723049,5.075028092,4.871451785,0
19224,4.881609854,4.844561873,4.636129518,4.486603099,0
19225,5.445577883,5.401163328,4.934289903,4.768675056,0
19231,5.234306339,5.453760728,4.589539461,5.017834753,0
19232,5.180622586,5.039614574,4.931044977,4.465366889,0
19234,5.757867242,5.718814162,5.06729859,4.936340045,0
19241,5.620483014,5.816796999,4.679511931,5.229652849,0
19245,5.02361204,5.217688946,4.504251296,4.886265881,0
19246,4.822730899,4.894980905,4.496674919,4.62305942,0
19247,5.416138405,5.384763915,4.875552344,4.7915805,0
19251,5.259705104,5.558110766,4.490905422,5.152848031,0
19254,5.226802158,5.308117017,4.662985044,4.860732037,0
19255,5.038043156,4.89596034,4.855355775,4.386457634,0
19258,4.6714928,4.808058686,4.34505684,4.646803777,0
19265,4.868910472,4.754185397,4.686100317,4.370535487,0
19279,4.974546244,5.180567491,4.398015581,4.922089996,0
19280,5.745167859,5.423371138,5.501897669,4.431409568,0
19283,5.351487004,5.278844158,4.950779507,4.658265088,0
19286,5.060555698,4.953419935,4.776429635,4.49071749,0
19287,5.50849755,5.370915406,5.16584608,4.599853342,0
19288,5.351487004,5.625153081,4.455709224,5.221134887,0
19290,5.536782538,5.197976071,5.319235087,4.351383672,0
19293,5.109044249,5.232627076,4.542984024,4.874337871,0
19295,4.938757075,4.937158693,4.46904844,4.677296649,0
19299,5.275867954,5.341382822,4.719901077,4.852317149,0
19302,5.825404866,5.757806163,5.108386785,4.941648382,0
19305,5.255087147,5.500315365,4.409642456,5.157852871,0
19309,5.736509189,5.489604545,5.292918829,4.619113958,0
19312,5.386698928,5.217843732,5.057533186,4.538793154,0
19313,5.566222016,5.324301304,5.220980532,4.52551086,0
19314,5.491757455,5.309838024,5.026631156,4.636376073,0
19318,5.167345959,5.454738414,4.447179475,5.102493275,0
19322,5.313966101,5.191002845,4.910092101,4.610198013,0
19325,5.47501736,5.810586332,4.544978649,5.300321871,0
19328,5.040929379,5.097647837,4.671308406,4.683532657,0
19330,5.340519356,5.416109329,4.674117924,4.938573326,0
19340,5.099808334,5.179435894,4.545175714,4.83030788,0
19341,4.968196553,5.05702053,4.453297832,4.787912766,0
19350,5.713419403,5.338784696,5.426844936,4.406010294,0
19351,5.22333869,5.197949836,4.72497685,4.733140123,0
19355,5.562758548,5.560179822,4.925541784,4.899221773,0
19360,5.383812705,5.356015754,4.882493584,4.764165547,0
19372,4.958960638,5.019909569,4.505889072,4.723680174,0
19376,5.816746196,5.483119287,5.513876067,4.47509884,0
19380,5.460586244,5.252660017,5.157496087,4.504592463,0
19382,4.901236173,5.021364729,4.420184139,4.779380488,0
19388,5.158110044,5.126746672,4.833052732,4.604795192,0
19390,5.576035175,5.448707894,5.286382373,4.589242395,0
19393,5.4005528,5.67130545,4.485502094,5.236862338,0
19394,5.554099878,5.842290289,4.635576935,5.271818909,0
19399,5.490025721,5.33618832,5.078651171,4.625653462,0
19403,5.032270709,5.246837627,4.448625511,4.943297574,0
19404,5.840990472,5.787485662,5.193845386,4.914030142,0
19405,5.367649854,5.153632158,5.045550793,4.490895007,0
19418,5.007449189,5.330497104,4.407345576,5.032777692,0
19420,5.505611327,5.33875234,5.178048174,4.565071425,0
19421,5.003985721,5.14466071,4.409979332,4.886151354,0
19430,4.965310329,5.058811497,4.618730482,4.684362979,0
19431,4.976855222,4.935358981,4.663763986,4.548923087,0
19433,5.051319783,5.218440138,4.38706512,4.958569779,0
19434,5.202557883,5.44772671,4.404008774,5.122589939,0
19438,5.006871945,5.071709429,4.589157314,4.714054161,0
19448,5.66839432,5.444314429,5.4225521,4.49983672,0
19451,5.825404866,5.510885391,5.545899242,4.478503162,0
19454,5.688597883,5.595506813,5.151217947,4.791334267,0
19456,5.26663204,5.578577456,4.399445639,5.220095552,0
19459,5.315697835,5.465331177,4.560777192,5.043569019,0
19466,5.24065603,5.303984152,4.710571081,4.828240664,0
19476,4.952033702,5.031779969,4.612862452,4.665239796,0
19479,5.227956648,5.422856061,4.616500178,4.978282777,0
19480,5.129825056,5.020879384,4.893053908,4.473733103,0
19481,5.335901398,5.638448909,4.398176695,5.263146335,0
19483,4.963578595,5.026814584,4.599400735,4.669666273,0
19486,5.461740733,5.453266638,4.838382826,4.868494119,0
19494,4.707281968,4.6854212,4.49848313,4.434705089,0
19497,5.736509189,5.549544209,5.265646535,4.684987152,0
19503,5.163305246,5.162022067,4.745325213,4.690490185,0
19520,5.233729094,5.461785098,4.499202154,5.077188485,0
19538,4.726908287,4.803350403,4.378627247,4.620642896,0
19543,5.09057242,4.935911662,4.896360084,4.395342083,0
19544,4.52775888,4.611832412,4.365622243,4.457470237,0
19551,4.694005341,4.839148746,4.382121168,4.649509482,0
19552,5.510806529,5.5762924,4.878355204,4.939647019,0
19554,4.93933432,4.832479844,4.749797805,4.399470789,0
19555,5.184663299,5.049735109,4.904940431,4.491427558,0
19556,5.663776363,5.295376494,5.414072949,4.37609292,0
19557,5.455391042,5.169906518,5.275093705,4.355251829,0
19559,4.853324866,4.791520229,4.633728779,4.440282565,0
19561,5.459431755,5.349875047,4.993347027,4.690401427,0
19569,5.241233275,5.151908528,4.976824135,4.533885663,0
19576,5.568530995,5.315509127,5.362958371,4.426885743,0
19579,4.982050424,5.098716471,4.490137132,4.798996138,0
19580,4.715363393,4.791169556,4.504147437,4.52675348,0
19581,5.102117313,4.920975281,4.858618011,4.407018133,0
19582,5.443268904,5.378317135,4.926045101,4.755324045,0
19583,5.438073702,5.563768751,4.822356593,4.9632883,0
19596,5.158687289,5.032599371,4.920677724,4.465959568,0
19599,5.449041351,5.751235204,4.470780754,5.300791433,0
19600,4.748266339,4.732609846,4.521201608,4.462497982,0
19602,5.262591327,5.134435235,5.066957719,4.460138722,0
19610,5.129825056,5.376739546,4.357767577,5.097084727,0
19611,5.130402301,5.373082406,4.396110169,5.071668273,0
19614,5.241810519,5.237827701,4.767231461,4.739484931,0
19615,5.227379403,5.41642677,4.502720042,5.041109547,0
19619,5.191590234,5.071254692,4.869263552,4.533550671,0
19632,5.440959926,5.340054464,5.070382401,4.634074076,0
19633,5.095767622,5.1146524,4.737683592,4.655550793,0
19636,5.610669854,5.595045954,4.95604702,4.907862852,0
19637,4.878146386,4.836818216,4.65690397,4.465770598,0
19638,5.660890139,5.624332804,5.035493786,4.883119245,0
19642,5.050742538,4.910611636,4.857129366,4.398608972,0
19647,5.386121683,5.325617419,4.981146265,4.678023897,0
19653,5.520042443,5.806205985,4.550226188,5.294403677,0
19655,5.390739641,5.384989535,4.854986942,4.804373191,0
19658,5.495220923,5.446706174,4.924766837,4.810906969,0
19659,4.919130757,5.149482677,4.462389484,4.85754818,0
19660,5.176581873,5.370178207,4.483930894,5.017239211,0
19661,4.647248524,4.55862374,4.418710141,4.371400167,0
19664,5.020725816,4.9010123,4.794198835,4.431985067,0
19665,5.012067146,4.927325866,4.702978726,4.516036595,0
19668,5.134443013,5.146465668,4.688008392,4.713776433,0
19673,5.319738548,5.333140703,4.782184486,4.807554185,0
19674,5.305884676,5.078617068,5.088649592,4.396312701,0
19685,5.576035175,5.521768486,5.177897712,4.716338979,0
19687,5.230842871,5.445306981,4.443630961,5.097580057,0
19689,4.741339403,4.719057791,4.557893109,4.425273772,0
19695,5.459431755,5.344946391,4.935987597,4.722048161,0
19705,4.59471926,4.589387614,4.432107945,4.391038722,0
19707,5.669548809,5.44348803,5.188005318,4.646288404,0
19716,5.070946101,4.936970676,4.842667674,4.432108184,0
19720,5.342828334,5.5355654,4.577004486,5.086356389,0
19722,5.322047527,5.58178598,4.355187082,5.247604991,0
19724,5.326665484,5.081067404,5.021057392,4.443005449,0
19729,5.200248904,5.430822714,4.395805249,5.114905163,0
19730,5.504456838,5.290854478,5.187873497,4.518000737,0
19732,5.414983916,5.410025464,4.862087964,4.819983251,0
19741,5.427106054,5.439615765,4.799960344,4.881031987,0
19742,5.180622586,5.053488443,4.898337399,4.499052208,0
19748,5.596238738,5.697079453,4.93559746,4.997048062,0
19749,5.560449569,5.37389831,5.073649963,4.660114703,0
19752,5.341673845,5.442235753,4.639592814,4.979313522,0
19753,5.505034082,5.649320636,4.675425481,5.112677608,0
19760,5.304730187,5.354118099,4.766923879,4.833677844,0
19763,5.798274368,5.763775468,5.035697509,4.988438478,0
19766,5.426528809,5.636788242,4.636003023,5.126280579,0
19767,5.477903584,5.194878608,5.258873068,4.388212763,0
19768,5.089995175,5.143641923,4.502873168,4.827653712,0
19774,5.843876695,5.495644685,5.481088598,4.506436351,0
19777,5.661467384,5.745135599,4.885308427,5.061647141,0
19779,5.682825436,5.637678479,5.013495662,4.906422672,0
19793,5.287412847,5.535194614,4.428783127,5.172100057,0
19797,5.63491413,5.409320621,5.263709167,4.570494289,0
19798,5.200248904,5.170843977,4.756356897,4.690876715,0
19799,5.429415033,5.342174241,4.953329378,4.709000647,0
19802,5.625678215,5.290174121,5.423790418,4.36516416,0
19808,5.135020258,5.109535728,4.70956578,4.669165217,0
19813,4.915090044,4.776776237,4.747916361,4.349393762,0
19814,5.68455717,5.707693204,4.860406249,5.048568133,0
19815,5.292030804,5.293260215,4.75730228,4.790798852,0
19823,5.724387052,5.565893775,5.26590352,4.698046119,0
19828,4.840625484,4.812933123,4.621669158,4.467794866,0
19830,5.531587337,5.71564499,4.688837932,5.152876663,0
19834,4.964733085,4.974110496,4.792842011,4.498241928,0
19839,5.472131137,5.461477275,4.94183166,4.812241211,0
19843,5.251623679,5.13584842,4.885935576,4.578617132,0
19847,5.028229997,5.199491571,4.606758742,4.808267117,0
19851,5.249891945,5.176942707,4.900927215,4.604108028,0
19853,5.620483014,5.740648563,4.898597046,5.050704065,0
19854,5.489448477,5.674410783,4.662100912,5.138512086,0
19858,4.702086766,4.718683507,4.500444466,4.463829361,0
19862,5.532164581,5.66703354,4.674248413,5.126211863,0
19876,5.557563346,5.295022323,5.33582855,4.42649635,0
19877,5.667817075,5.3271679,5.473842439,4.365370309,0
19880,4.550271422,4.577100953,4.369110838,4.422923101,0
19888,4.949147479,5.11148935,4.365614254,4.887056119,0
19901,5.240078785,5.024788379,5.022785712,4.391525463,0
19902,5.540246006,5.747185416,4.598311548,5.226537709,0
19906,5.260282348,5.675321133,4.380974725,5.298540973,0
19911,4.952610947,5.079652471,4.490913411,4.782844937,0
19912,4.75461603,4.839042932,4.410728981,4.63069266,0
19913,5.234306339,5.281316357,4.645511443,4.85012109,0
19921,4.935870852,5.134622377,4.34833106,4.916223339,0
19922,5.126361588,5.189583538,4.609838559,4.798306112,0
19928,5.345714557,5.417402707,4.662497706,4.946550147,0
19929,5.80231508,5.699250825,5.155741137,4.869318715,0
19937,5.792501921,5.757012121,5.10078511,4.94549077,0
19938,5.667239831,5.623390098,5.127342374,4.827547774,0
19942,5.181777075,5.333000784,4.5570649,4.944711985,0
19943,5.02245755,4.953620194,4.891456078,4.41463992,0
19944,5.331860686,5.362865676,4.865824223,4.779970303,0
19958,5.087108952,5.112761741,4.791345377,4.619615014,0
19961,5.01379888,5.258942392,4.384540549,4.991593703,0
19963,5.464049712,5.57837982,4.792381304,4.99203177,0
19969,5.08191375,5.126372388,4.513773031,4.806795442,0
19974,5.053628762,4.975779907,4.737378673,4.536136123,0
19983,5.107889759,5.313054418,4.453671991,4.991642377,0
19984,4.885650567,4.793059341,4.756836246,4.358427096,0
19985,5.649922491,5.612864672,4.962654047,4.917586213,0
19986,4.676110757,4.720201631,4.449324562,4.499664929,0
19990,4.767892657,4.884168644,4.383804215,4.687174622,0
19991,5.03977489,4.886769393,4.769013041,4.43593912,0
19992,5.16503698,5.345801647,4.605593657,4.925319663,0
19993,5.501570614,5.242248275,5.116169549,4.522155212,0
19996,5.366495365,5.613823119,4.536751156,5.16672873,0
20000,5.192744724,5.27372049,4.662801294,4.833411568,0
20001,5.145410662,5.359857412,4.425422358,5.044281951,0
20006,5.457122776,5.143253647,5.233359719,4.358822215,0
20008,5.429415033,5.352117253,4.996241763,4.690441511,0
20009,5.066905389,5.202607398,4.558385773,4.840801437,0
20011,5.125207099,5.062525479,4.766816025,4.592383304,0
20014,5.023034795,5.232030671,4.46675156,4.920609731,0
20015,4.723444819,4.825733112,4.44053916,4.599483992,0
20019,5.259705104,5.431916707,4.466842104,5.073950228,0
20027,4.751729807,4.727640089,4.555596228,4.434705089,0
20035,5.48367603,5.695496617,4.576971198,5.202137684,0
20037,5.069214367,5.126130152,4.773609465,4.642320036,0
20040,5.072100591,5.012907484,4.790619696,4.533848441,0
20044,5.399975555,5.470133905,4.797499685,4.906270923,0
20049,5.075564059,5.080218269,4.734563829,4.62831622,0
20053,5.364763631,5.211570976,4.979375337,4.583464497,0
20055,5.1898585,5.188869076,4.798177432,4.679478393,0
20062,5.062864676,5.281549847,4.420527673,4.987327564,0
20064,4.845243441,4.941300303,4.34601687,4.759879366,0
20065,5.234306339,5.467945918,4.464739626,5.101983629,0
20070,5.435187479,5.287024188,5.081073215,4.58278306,0
20073,4.745380116,4.671579687,4.549073088,4.387396757,0
20079,5.001676743,5.083425919,4.616007514,4.706790272,0
20081,5.330128952,5.149783504,5.148284598,4.420555251,0
20089,5.002253987,5.03157009,4.551591001,4.704302168,0
20093,5.092304154,5.188205334,4.506846438,4.861121429,0
20094,5.128670567,5.114821178,4.900446534,4.551147778,0
20097,5.689175128,5.590839631,5.215786253,4.748572666,0
20099,5.485407764,5.52406666,4.86575099,4.907084066,0
20101,5.361300163,5.358255336,4.841161719,4.791440205,0
20104,5.825404866,5.836415429,5.052430782,5.032293815,0
20105,5.127516078,5.268879283,4.578758104,4.881183735,0
20115,5.107312515,5.021422446,4.863328946,4.493735282,0
20128,4.862560781,4.80921302,4.553905192,4.509729008,0
20131,4.887382301,4.891530146,4.579513079,4.565775767,0
20134,5.092881398,5.141446939,4.591910907,4.770161047,0
20141,5.814437218,5.716757349,5.195609656,4.859142972,0
20147,4.951456458,4.896804228,4.669367043,4.511172051,0
20148,5.253355413,5.294847424,4.878542949,4.716774183,0
20154,5.396512087,5.684833894,4.49543527,5.240764853,0
20159,5.126938833,5.346224029,4.428970872,5.03182139,0
20161,5.667817075,5.449903329,5.315948884,4.571716867,0
20162,5.370536078,5.475469202,4.679770247,4.980733659,0
20166,4.915667289,5.088389554,4.401400317,4.846146995,0
20168,5.52581489,5.511015691,4.926033117,4.860780711,0
20169,4.900081683,5.015268622,4.415016491,4.777602453,0
20172,5.345137313,5.557370068,4.537946866,5.125095222,0
20179,5.494066434,5.194652114,5.240749683,4.399865908,0
20181,5.24065603,5.479460399,4.478265256,5.102584897,0
20182,4.883341588,4.935780488,4.524618301,4.640121113,0
20183,5.245273987,5.231897747,4.961663392,4.611993228,0
20184,5.040352135,5.065205807,4.610646794,4.694910936,0
20186,5.247005721,5.197022871,4.782617232,4.696102019,0
20189,5.499261636,5.299054621,5.188238334,4.524797928,0
20190,5.319161303,5.623473175,4.401613361,5.250671457,0
20200,4.809454272,4.831227567,4.484854973,4.575092557,0
20201,5.165614225,5.249620271,4.694984251,4.794097236,0
20209,5.406902491,5.5363026,4.607859913,5.068873809,0
20211,5.323779261,5.513941752,4.509208563,5.10995186,0
20214,5.431146767,5.397237718,4.938762495,4.762765452,0
20215,5.378040258,5.730806992,4.380012032,5.337268353,0
20222,5.271249997,5.498967768,4.538673878,5.081669363,0
20223,4.920862491,4.85979121,4.689748695,4.46453084,0
20235,5.640686577,5.557630668,5.075186543,4.807390983,0
20237,5.040352135,5.120855196,4.528849887,4.7928403,0
20244,5.321470282,5.390901999,4.767078336,4.862716221,0
20245,5.611824344,5.421087831,5.263975472,4.580200471,0
20249,5.304152942,5.332612508,4.785782266,4.804917195,0
20250,5.437496458,5.721837292,4.533688649,5.245151245,0
20259,5.350332515,5.257489855,5.02214658,4.595203537,0
20270,5.098653845,5.032265314,4.722119397,4.595217853,0
20280,5.664353607,5.508052026,5.297954656,4.631193716,0
20283,5.423065341,5.593175408,4.551918556,5.143084585,0
20289,5.370536078,5.336385081,4.868953307,4.756638245,0
20292,5.20717584,5.089386479,4.937534829,4.50495895,0
20295,5.259705104,5.392751556,4.530130814,5.006860182,0
20298,5.310502633,5.19599359,4.998673127,4.557798946,0
20302,5.812128239,5.749135541,5.044155355,4.972622269,0
20305,4.960692372,5.018449161,4.775887705,4.54830464,0
20306,4.641476078,4.670672835,4.44206642,4.459494506,0
20315,4.801950092,4.733499208,4.62701523,4.391608495,0
20316,4.945106766,5.037814862,4.412237598,4.797996888,0
20326,5.259705104,5.224013297,4.842892701,4.680554949,0
20327,5.647613512,5.427369331,5.498788559,4.436852474,0
20331,5.674744011,5.474641929,5.201331219,4.663616373,0
20340,4.891423013,4.929985207,4.576240191,4.601511124,0
20343,5.203712372,5.071128764,4.993553414,4.452247796,0
20344,4.711899926,4.668571423,4.528505022,4.398671962,0
20347,5.544863964,5.355201599,5.160185768,4.590233056,0
20350,5.293185294,5.165890835,5.003369415,4.528849328,0
20351,5.334746909,5.456287145,4.62494604,4.998734475,0
20361,4.949724724,4.913757196,4.606168876,4.567768541,0
20362,5.094035888,4.994397914,4.910446286,4.438679183,0
20370,5.212371042,5.248380237,4.726101988,4.773760065,0
20373,5.180045341,5.373382358,4.484988125,5.019045878,0
20390,5.120589142,4.99067956,4.90508823,4.438896785,0
20393,5.02245755,4.919946,4.826328531,4.427644486,0
20394,4.961269617,5.073647311,4.546685664,4.742631566,0
20397,4.891423013,4.839161864,4.645419567,4.475554086,0
20399,5.320315793,5.673784645,4.401135344,5.28616058,0
20406,5.04727907,4.951939414,4.783040656,4.485036939,0
20407,5.283949379,5.403873389,4.726883593,4.897263357,0
20408,5.120011897,5.23182429,4.672406914,4.793684938,0
20414,5.480212562,5.60394307,4.753834989,5.033782668,0
20416,5.23199736,5.19445885,4.843549143,4.655427676,0
20417,5.282217645,5.238370762,4.942095302,4.629865201,0
20426,5.260282348,5.657556634,4.435703062,5.255347031,0
20428,5.092304154,5.337056694,4.52489659,4.967265258,0
20429,5.350332515,5.632860009,4.390310046,5.263670297,0
20433,5.607206386,5.791703353,4.739742129,5.178155684,0
20442,5.085954462,5.026931767,4.776104743,4.555554213,0
20443,5.248737455,5.11712285,4.912519471,4.545335522,0
20458,5.120011897,5.255977853,4.628923305,4.840074189,0
20467,4.523140923,4.521331758,4.371415708,4.369000822,0
20468,5.296071517,5.537303897,4.43806785,5.168269121,0
20473,5.159841778,5.209141628,4.690899132,4.763681669,0
20475,5.138483726,5.233066073,4.701241086,4.776763541,0
20477,4.978009712,4.798136661,4.766690862,4.356431459,0
20480,5.171386671,5.110809867,4.812089204,4.604637717,0
20490,5.609515365,5.463044371,5.246592414,4.625979865,0
20495,4.920862491,4.976323844,4.557668081,4.653515072,0
20497,5.756135508,5.488593629,5.55914392,4.451102524,0
20498,5.660890139,5.413311818,5.263787727,4.573798399,0
20502,5.272981731,5.232258039,4.919727015,4.638898535,0
20509,5.679939213,5.612343473,5.100367011,4.835100845,0
20513,5.099231089,5.278276611,4.418150901,4.986233829,0
20515,5.7948109,5.714858819,5.202716005,4.853473874,0
20516,5.020148572,5.070935501,4.591969494,4.711617594,0
20520,4.81407223,4.852169983,4.392082306,4.654270951,0
20522,5.244696743,5.358853491,4.624996638,4.923753504,0
20525,5.247005721,5.210827655,4.76026226,4.721615821,0
20539,4.899504439,5.045542778,4.357706327,4.838648325,0
20542,4.950301968,5.036715621,4.392533693,4.809518327,0
20550,4.987822871,4.959960286,4.712670896,4.538443846,0
20555,4.932407384,4.778821681,4.750484872,4.34954551,0
20570,4.902967907,4.931344173,4.566219134,4.609227395,0
20576,5.780379783,5.600454708,5.379691644,4.656320989,0
20577,5.283949379,5.194627628,4.958009688,4.582679985,0
20581,5.331283441,5.269306911,4.801116107,4.744129009,0
20582,5.170232182,5.451646198,4.45375854,5.0963403,0
20583,5.392471375,5.32674202,5.016968279,4.656521411,0
20587,4.927789427,5.013583469,4.455858355,4.750261942,0
20592,5.434610234,5.680132607,4.652471323,5.148149552,0
20602,5.432301256,5.446025816,4.867388765,4.845245093,0
20605,5.203712372,5.336880045,4.532572831,4.962503789,0
20607,5.208330329,5.262132551,4.740300038,4.776116462,0
20619,4.954342681,4.888557736,4.76254183,4.441874493,0
20624,5.323202016,5.196992263,4.937480237,4.597809031,0
20626,5.736509189,5.383000058,5.474377712,4.41401002,0
20627,4.84755242,4.837566784,4.606168876,4.500291965,0
20644,5.010912657,4.867465782,4.82430195,4.381295319,0
20648,5.252778168,5.329975904,4.808546016,4.788774584,0
20652,5.514847242,5.769922296,4.492054528,5.301804998,0
20655,4.945106766,5.094356237,4.40070393,4.851418111,0
20656,5.084799973,5.024768265,4.673911538,4.619941417,0
20661,4.788673465,4.958748235,4.355737002,4.768265621,0
20666,5.161573512,5.030309068,4.86961108,4.497454553,0
20667,4.872951184,4.878631339,4.531784568,4.585829484,0
20669,5.698988287,5.514413105,5.2353863,4.675060505,0
22861,5.147719641,4.988260706,4.945444087,4.409964346,0
22864,5.16619147,5.316269063,4.523350689,4.952096128,0
22870,5.305884676,5.345064448,4.646395575,4.900003421,0
22876,5.466935935,5.448468282,4.822464446,4.874357913,0
22881,5.002831232,4.897140034,4.752677894,4.456178943,0
22884,5.109621493,5.33675062,4.39942966,5.042257683,0
22896,5.008603679,4.849154723,4.823931787,4.364734683,0
22897,5.008603679,5.018015412,4.646404896,4.631912375,0
22907,5.795388144,5.447766936,5.602828589,4.387977982,0
22908,5.579498643,5.634585389,4.887251122,4.97854619,0
22909,5.294917028,5.076529648,5.064057658,4.410671551,0
22915,5.475594605,5.39952977,5.04883966,4.696625981,0
22918,5.664353607,5.618419467,5.018892333,4.888444761,0
22919,4.864869759,4.908441138,4.467486562,4.653695452,0
22920,4.720558595,4.737216688,4.392198148,4.553223584,0
22922,5.419601873,5.38278056,4.844334743,4.80913466,0
22925,5.431146767,5.56591039,4.80851406,4.973097557,0
22935,5.633759641,5.549236387,5.101305736,4.784957964,0
22936,4.71247717,4.707140168,4.491262271,4.459505959,0
22937,5.252200923,5.220208367,4.86475634,4.663579151,0
22940,5.65973565,5.310987111,5.441170813,4.37228489,0
22948,5.339364866,5.345990539,4.815789512,4.797195198,0
22954,4.805990804,4.881834616,4.385295523,4.684208367,0
22960,5.427683299,5.193063156,5.183044056,4.436105184,0
22965,5.456545531,5.315112106,5.12952208,4.575816942,0
22970,4.781746529,4.900167537,4.393645516,4.694472869,0
22973,5.29895774,5.24068905,4.854615447,4.687040053,0
22974,5.139060971,5.307114846,4.649179794,4.868385318,0
22978,4.848706909,4.997475264,4.532919027,4.68746094,0
22988,5.442114415,5.453613813,4.885082068,4.840495077,0
22990,4.759233987,4.728364171,4.478769904,4.487241589,0
22992,5.713419403,5.467580379,5.337566191,4.572959487,0
22999,5.44269166,5.820785572,4.468403982,5.349574303,0
23001,5.020725816,4.899422467,4.774225962,4.443875856,0
23002,5.531010092,5.710555427,4.847507767,5.058125429,0
23003,5.54313223,5.266340623,5.339105433,4.399175882,0
23013,5.392471375,5.192815673,5.13143415,4.469421153,0
23016,4.927212182,4.847722299,4.631126979,4.492767527,0
23018,4.688232895,4.687754354,4.441039814,4.475797456,0
23022,5.524083156,5.758969242,4.647522045,5.207090986,0
23023,5.196785436,5.357532129,4.548006536,4.969160684,0
23027,5.571417218,5.472310524,5.072193275,4.741280145,0
23030,5.222761446,5.458113966,4.543266308,5.048487964,0
23031,5.658003916,5.639723049,5.075028092,4.871451785,0
23034,4.881609854,4.844561873,4.636129518,4.486603099,0
23035,5.445577883,5.401163328,4.934289903,4.768675056,0
23041,5.234306339,5.453760728,4.589539461,5.017834753,0
23042,5.180622586,5.039614574,4.931044977,4.465366889,0
23044,5.757867242,5.718814162,5.06729859,4.936340045,0
23051,5.620483014,5.816796999,4.679511931,5.229652849,0
23055,5.02361204,5.217688946,4.504251296,4.886265881,0
23056,4.822730899,4.894980905,4.496674919,4.62305942,0
23057,5.416138405,5.384763915,4.875552344,4.7915805,0
23061,5.259705104,5.558110766,4.490905422,5.152848031,0
23064,5.226802158,5.308117017,4.662985044,4.860732037,0
23065,5.038043156,4.89596034,4.855355775,4.386457634,0
23068,4.6714928,4.808058686,4.34505684,4.646803777,0
23075,4.868910472,4.754185397,4.686100317,4.370535487,0
23089,4.974546244,5.180567491,4.398015581,4.922089996,0
23090,5.745167859,5.423371138,5.501897669,4.431409568,0
23093,5.351487004,5.278844158,4.950779507,4.658265088,0
23096,5.060555698,4.953419935,4.776429635,4.49071749,0
23097,5.50849755,5.370915406,5.16584608,4.599853342,0
23098,5.351487004,5.625153081,4.455709224,5.221134887,0
23100,5.536782538,5.197976071,5.319235087,4.351383672,0
23103,5.109044249,5.232627076,4.542984024,4.874337871,0
23105,4.938757075,4.937158693,4.46904844,4.677296649,0
23109,5.275867954,5.341382822,4.719901077,4.852317149,0
23112,5.825404866,5.757806163,5.108386785,4.941648382,0
23115,5.255087147,5.500315365,4.409642456,5.157852871,0
23119,5.736509189,5.489604545,5.292918829,4.619113958,0
23122,5.386698928,5.217843732,5.057533186,4.538793154,0
23123,5.566222016,5.324301304,5.220980532,4.52551086,0
23124,5.491757455,5.309838024,5.026631156,4.636376073,0
23128,5.167345959,5.454738414,4.447179475,5.102493275,0
23132,5.313966101,5.191002845,4.910092101,4.610198013,0
23135,5.47501736,5.810586332,4.544978649,5.300321871,0
23138,5.040929379,5.097647837,4.671308406,4.683532657,0
23140,5.340519356,5.416109329,4.674117924,4.938573326,0
23150,5.099808334,5.179435894,4.545175714,4.83030788,0
23151,4.968196553,5.05702053,4.453297832,4.787912766,0
23160,5.713419403,5.338784696,5.426844936,4.406010294,0
23161,5.22333869,5.197949836,4.72497685,4.733140123,0
23165,5.562758548,5.560179822,4.925541784,4.899221773,0
23170,5.383812705,5.356015754,4.882493584,4.764165547,0
23182,4.958960638,5.019909569,4.505889072,4.723680174,0
23186,5.816746196,5.483119287,5.513876067,4.47509884,0
23190,5.460586244,5.252660017,5.157496087,4.504592463,0
23192,4.901236173,5.021364729,4.420184139,4.779380488,0
23198,5.158110044,5.126746672,4.833052732,4.604795192,0
23200,5.576035175,5.448707894,5.286382373,4.589242395,0
23203,5.4005528,5.67130545,4.485502094,5.236862338,0
23204,5.554099878,5.842290289,4.635576935,5.271818909,0
23209,5.490025721,5.33618832,5.078651171,4.625653462,0
23213,5.032270709,5.246837627,4.448625511,4.943297574,0
23214,5.840990472,5.787485662,5.193845386,4.914030142,0
23215,5.367649854,5.153632158,5.045550793,4.490895007,0
23228,5.007449189,5.330497104,4.407345576,5.032777692,0
23230,5.505611327,5.33875234,5.178048174,4.565071425,0
23231,5.003985721,5.14466071,4.409979332,4.886151354,0
23240,4.965310329,5.058811497,4.618730482,4.684362979,0
23241,4.976855222,4.935358981,4.663763986,4.548923087,0
23243,5.051319783,5.218440138,4.38706512,4.958569779,0
23244,5.202557883,5.44772671,4.404008774,5.122589939,0
23248,5.006871945,5.071709429,4.589157314,4.714054161,0
23258,5.66839432,5.444314429,5.4225521,4.49983672,0
23261,5.825404866,5.510885391,5.545899242,4.478503162,0
23264,5.688597883,5.595506813,5.151217947,4.791334267,0
23266,5.26663204,5.578577456,4.399445639,5.220095552,0
23269,5.315697835,5.465331177,4.560777192,5.043569019,0
23276,5.24065603,5.303984152,4.710571081,4.828240664,0
23286,4.952033702,5.031779969,4.612862452,4.665239796,0
23289,5.227956648,5.422856061,4.616500178,4.978282777,0
23290,5.129825056,5.020879384,4.893053908,4.473733103,0
23291,5.335901398,5.638448909,4.398176695,5.263146335,0
23293,4.963578595,5.026814584,4.599400735,4.669666273,0
23296,5.461740733,5.453266638,4.838382826,4.868494119,0
23304,4.707281968,4.6854212,4.49848313,4.434705089,0
23307,5.736509189,5.549544209,5.265646535,4.684987152,0
23313,5.163305246,5.162022067,4.745325213,4.690490185,0
23330,5.233729094,5.461785098,4.499202154,5.077188485,0
23348,4.726908287,4.803350403,4.378627247,4.620642896,0
23353,5.09057242,4.935911662,4.896360084,4.395342083,0
23354,4.52775888,4.611832412,4.365622243,4.457470237,0
23361,4.694005341,4.839148746,4.382121168,4.649509482,0
23362,5.510806529,5.5762924,4.878355204,4.939647019,0
23364,4.93933432,4.832479844,4.749797805,4.399470789,0
23365,5.184663299,5.049735109,4.904940431,4.491427558,0
23366,5.663776363,5.295376494,5.414072949,4.37609292,0
23367,5.455391042,5.169906518,5.275093705,4.355251829,0
23369,4.853324866,4.791520229,4.633728779,4.440282565,0
23371,5.459431755,5.349875047,4.993347027,4.690401427,0
23379,5.241233275,5.151908528,4.976824135,4.533885663,0
23386,5.568530995,5.315509127,5.362958371,4.426885743,0
23389,4.982050424,5.098716471,4.490137132,4.798996138,0
23390,4.715363393,4.791169556,4.504147437,4.52675348,0
23391,5.102117313,4.920975281,4.858618011,4.407018133,0
23392,5.443268904,5.378317135,4.926045101,4.755324045,0
23393,5.438073702,5.563768751,4.822356593,4.9632883,0
23406,5.158687289,5.032599371,4.920677724,4.465959568,0
23409,5.449041351,5.751235204,4.470780754,5.300791433,0
23410,4.748266339,4.732609846,4.521201608,4.462497982,0
23412,5.262591327,5.134435235,5.066957719,4.460138722,0
23420,5.129825056,5.376739546,4.357767577,5.097084727,0
23421,5.130402301,5.373082406,4.396110169,5.071668273,0
23424,5.241810519,5.237827701,4.767231461,4.739484931,0
23425,5.227379403,5.41642677,4.502720042,5.041109547,0
23429,5.191590234,5.071254692,4.869263552,4.533550671,0
23442,5.440959926,5.340054464,5.070382401,4.634074076,0
23443,5.095767622,5.1146524,4.737683592,4.655550793,0
23446,5.610669854,5.595045954,4.95604702,4.907862852,0
23447,4.878146386,4.836818216,4.65690397,4.465770598,0
23448,5.660890139,5.624332804,5.035493786,4.883119245,0
23452,5.050742538,4.910611636,4.857129366,4.398608972,0
23457,5.386121683,5.325617419,4.981146265,4.678023897,0
23463,5.520042443,5.806205985,4.550226188,5.294403677,0
23465,5.390739641,5.384989535,4.854986942,4.804373191,0
23468,5.495220923,5.446706174,4.924766837,4.810906969,0
23469,4.919130757,5.149482677,4.462389484,4.85754818,0
23470,5.176581873,5.370178207,4.483930894,5.017239211,0
23471,4.647248524,4.55862374,4.418710141,4.371400167,0
23474,5.020725816,4.9010123,4.794198835,4.431985067,0
23475,5.012067146,4.927325866,4.702978726,4.516036595,0
23478,5.134443013,5.146465668,4.688008392,4.713776433,0
23483,5.319738548,5.333140703,4.782184486,4.807554185,0
23484,5.305884676,5.078617068,5.088649592,4.396312701,0
23495,5.576035175,5.521768486,5.177897712,4.716338979,0
23497,5.230842871,5.445306981,4.443630961,5.097580057,0
23499,4.741339403,4.719057791,4.557893109,4.425273772,0
23505,5.459431755,5.344946391,4.935987597,4.722048161,0
23515,4.59471926,4.589387614,4.432107945,4.391038722,0
23517,5.669548809,5.44348803,5.188005318,4.646288404,0
23526,5.070946101,4.936970676,4.842667674,4.432108184,0
23530,5.342828334,5.5355654,4.577004486,5.086356389,0
23532,5.322047527,5.58178598,4.355187082,5.247604991,0
23534,5.326665484,5.081067404,5.021057392,4.443005449,0
23539,5.200248904,5.430822714,4.395805249,5.114905163,0
23540,5.504456838,5.290854478,5.187873497,4.518000737,0
23542,5.414983916,5.410025464,4.862087964,4.819983251,0
23551,5.427106054,5.439615765,4.799960344,4.881031987,0
23552,5.180622586,5.053488443,4.898337399,4.499052208,0
23558,5.596238738,5.697079453,4.93559746,4.997048062,0
23559,5.560449569,5.37389831,5.073649963,4.660114703,0
23562,5.341673845,5.442235753,4.639592814,4.979313522,0
23563,5.505034082,5.649320636,4.675425481,5.112677608,0
23570,5.304730187,5.354118099,4.766923879,4.833677844,0
23573,5.798274368,5.763775468,5.035697509,4.988438478,0
23576,5.426528809,5.636788242,4.636003023,5.126280579,0
23577,5.477903584,5.194878608,5.258873068,4.388212763,0
23578,5.089995175,5.143641923,4.502873168,4.827653712,0
23584,5.843876695,5.495644685,5.481088598,4.506436351,0
23587,5.661467384,5.745135599,4.885308427,5.061647141,0
23589,5.682825436,5.637678479,5.013495662,4.906422672,0
23603,5.287412847,5.535194614,4.428783127,5.172100057,0
23607,5.63491413,5.409320621,5.263709167,4.570494289,0
23608,5.200248904,5.170843977,4.756356897,4.690876715,0
23609,5.429415033,5.342174241,4.953329378,4.709000647,0
23612,5.625678215,5.290174121,5.423790418,4.36516416,0
23618,5.135020258,5.109535728,4.70956578,4.669165217,0
23623,4.915090044,4.776776237,4.747916361,4.349393762,0
23624,5.68455717,5.707693204,4.860406249,5.048568133,0
23625,5.292030804,5.293260215,4.75730228,4.790798852,0
23633,5.724387052,5.565893775,5.26590352,4.698046119,0
23638,4.840625484,4.812933123,4.621669158,4.467794866,0
23640,5.531587337,5.71564499,4.688837932,5.152876663,0
23644,4.964733085,4.974110496,4.792842011,4.498241928,0
23649,5.472131137,5.461477275,4.94183166,4.812241211,0
23653,5.251623679,5.13584842,4.885935576,4.578617132,0
23657,5.028229997,5.199491571,4.606758742,4.808267117,0
23661,5.249891945,5.176942707,4.900927215,4.604108028,0
23663,5.620483014,5.740648563,4.898597046,5.050704065,0
23664,5.489448477,5.674410783,4.662100912,5.138512086,0
23668,4.702086766,4.718683507,4.500444466,4.463829361,0
23672,5.532164581,5.66703354,4.674248413,5.126211863,0
23686,5.557563346,5.295022323,5.33582855,4.42649635,0
23687,5.667817075,5.3271679,5.473842439,4.365370309,0
23690,4.550271422,4.577100953,4.369110838,4.422923101,0
23698,4.949147479,5.11148935,4.365614254,4.887056119,0
23711,5.240078785,5.024788379,5.022785712,4.391525463,0
23712,5.540246006,5.747185416,4.598311548,5.226537709,0
23716,5.260282348,5.675321133,4.380974725,5.298540973,0
23721,4.952610947,5.079652471,4.490913411,4.782844937,0
23722,4.75461603,4.839042932,4.410728981,4.63069266,0
23723,5.234306339,5.281316357,4.645511443,4.85012109,0
23731,4.935870852,5.134622377,4.34833106,4.916223339,0
23732,5.126361588,5.189583538,4.609838559,4.798306112,0
23738,5.345714557,5.417402707,4.662497706,4.946550147,0
23739,5.80231508,5.699250825,5.155741137,4.869318715,0
23747,5.792501921,5.757012121,5.10078511,4.94549077,0
23748,5.667239831,5.623390098,5.127342374,4.827547774,0
23752,5.181777075,5.333000784,4.5570649,4.944711985,0
23753,5.02245755,4.953620194,4.891456078,4.41463992,0
23754,5.331860686,5.362865676,4.865824223,4.779970303,0
23768,5.087108952,5.112761741,4.791345377,4.619615014,0
23771,5.01379888,5.258942392,4.384540549,4.991593703,0
23773,5.464049712,5.57837982,4.792381304,4.99203177,0
23779,5.08191375,5.126372388,4.513773031,4.806795442,0
23784,5.053628762,4.975779907,4.737378673,4.536136123,0
23793,5.107889759,5.313054418,4.453671991,4.991642377,0
23794,4.885650567,4.793059341,4.756836246,4.358427096,0
23795,5.649922491,5.612864672,4.962654047,4.917586213,0
23796,4.676110757,4.720201631,4.449324562,4.499664929,0
23800,4.767892657,4.884168644,4.383804215,4.687174622,0
23801,5.03977489,4.886769393,4.769013041,4.43593912,0
23802,5.16503698,5.345801647,4.605593657,4.925319663,0
23803,5.501570614,5.242248275,5.116169549,4.522155212,0
23806,5.366495365,5.613823119,4.536751156,5.16672873,0
23810,5.192744724,5.27372049,4.662801294,4.833411568,0
23811,5.145410662,5.359857412,4.425422358,5.044281951,0
23816,5.457122776,5.143253647,5.233359719,4.358822215,0
23818,5.429415033,5.352117253,4.996241763,4.690441511,0
23819,5.066905389,5.202607398,4.558385773,4.840801437,0
23821,5.125207099,5.062525479,4.766816025,4.592383304,0
23824,5.023034795,5.232030671,4.46675156,4.920609731,0
23825,4.723444819,4.825733112,4.44053916,4.599483992,0
23829,5.259705104,5.431916707,4.466842104,5.073950228,0
23837,4.751729807,4.727640089,4.555596228,4.434705089,0
23845,5.48367603,5.695496617,4.576971198,5.202137684,0
23847,5.069214367,5.126130152,4.773609465,4.642320036,0
23850,5.072100591,5.012907484,4.790619696,4.533848441,0
23854,5.399975555,5.470133905,4.797499685,4.906270923,0
23859,5.075564059,5.080218269,4.734563829,4.62831622,0
23863,5.364763631,5.211570976,4.979375337,4.583464497,0
23865,5.1898585,5.188869076,4.798177432,4.679478393,0
23872,5.062864676,5.281549847,4.420527673,4.987327564,0
23874,4.845243441,4.941300303,4.34601687,4.759879366,0
23875,5.234306339,5.467945918,4.464739626,5.101983629,0
23880,5.435187479,5.287024188,5.081073215,4.58278306,0
23883,4.745380116,4.671579687,4.549073088,4.387396757,0
23889,5.001676743,5.083425919,4.616007514,4.706790272,0
23891,5.330128952,5.149783504,5.148284598,4.420555251,0
23899,5.002253987,5.03157009,4.551591001,4.704302168,0
23903,5.092304154,5.188205334,4.506846438,4.861121429,0
23904,5.128670567,5.114821178,4.900446534,4.551147778,0
23907,5.689175128,5.590839631,5.215786253,4.748572666,0
23909,5.485407764,5.52406666,4.86575099,4.907084066,0
23911,5.361300163,5.358255336,4.841161719,4.791440205,0
23914,5.825404866,5.836415429,5.052430782,5.032293815,0
23915,5.127516078,5.268879283,4.578758104,4.881183735,0
23925,5.107312515,5.021422446,4.863328946,4.493735282,0
23938,4.862560781,4.80921302,4.553905192,4.509729008,0
23941,4.887382301,4.891530146,4.579513079,4.565775767,0
23944,5.092881398,5.141446939,4.591910907,4.770161047,0
23951,5.814437218,5.716757349,5.195609656,4.859142972,0
23957,4.951456458,4.896804228,4.669367043,4.511172051,0
23958,5.253355413,5.294847424,4.878542949,4.716774183,0
23964,5.396512087,5.684833894,4.49543527,5.240764853,0
23969,5.126938833,5.346224029,4.428970872,5.03182139,0
23971,5.667817075,5.449903329,5.315948884,4.571716867,0
23972,5.370536078,5.475469202,4.679770247,4.980733659,0
23976,4.915667289,5.088389554,4.401400317,4.846146995,0
23978,5.52581489,5.511015691,4.926033117,4.860780711,0
23979,4.900081683,5.015268622,4.415016491,4.777602453,0
23982,5.345137313,5.557370068,4.537946866,5.125095222,0
23989,5.494066434,5.194652114,5.240749683,4.399865908,0
23991,5.24065603,5.479460399,4.478265256,5.102584897,0
23992,4.883341588,4.935780488,4.524618301,4.640121113,0
23993,5.245273987,5.231897747,4.961663392,4.611993228,0
23994,5.040352135,5.065205807,4.610646794,4.694910936,0
23996,5.247005721,5.197022871,4.782617232,4.696102019,0
23999,5.499261636,5.299054621,5.188238334,4.524797928,0
24000,5.319161303,5.623473175,4.401613361,5.250671457,0
24010,4.809454272,4.831227567,4.484854973,4.575092557,0
24011,5.165614225,5.249620271,4.694984251,4.794097236,0
24019,5.406902491,5.5363026,4.607859913,5.068873809,0
24021,5.323779261,5.513941752,4.509208563,5.10995186,0
24024,5.431146767,5.397237718,4.938762495,4.762765452,0
24025,5.378040258,5.730806992,4.380012032,5.337268353,0
24032,5.271249997,5.498967768,4.538673878,5.081669363,0
24033,4.920862491,4.85979121,4.689748695,4.46453084,0
24045,5.640686577,5.557630668,5.075186543,4.807390983,0
24047,5.040352135,5.120855196,4.528849887,4.7928403,0
24054,5.321470282,5.390901999,4.767078336,4.862716221,0
24055,5.611824344,5.421087831,5.263975472,4.580200471,0
24059,5.304152942,5.332612508,4.785782266,4.804917195,0
24060,5.437496458,5.721837292,4.533688649,5.245151245,0
24069,5.350332515,5.257489855,5.02214658,4.595203537,0
24080,5.098653845,5.032265314,4.722119397,4.595217853,0
24090,5.664353607,5.508052026,5.297954656,4.631193716,0
24093,5.423065341,5.593175408,4.551918556,5.143084585,0
24099,5.370536078,5.336385081,4.868953307,4.756638245,0
24102,5.20717584,5.089386479,4.937534829,4.50495895,0
24105,5.259705104,5.392751556,4.530130814,5.006860182,0
24108,5.310502633,5.19599359,4.998673127,4.557798946,0
24112,5.812128239,5.749135541,5.044155355,4.972622269,0
24115,4.960692372,5.018449161,4.775887705,4.54830464,0
24116,4.641476078,4.670672835,4.44206642,4.459494506,0
24125,4.801950092,4.733499208,4.62701523,4.391608495,0
24126,4.945106766,5.037814862,4.412237598,4.797996888,0
24136,5.259705104,5.224013297,4.842892701,4.680554949,0
24137,5.647613512,5.427369331,5.498788559,4.436852474,0
24141,5.674744011,5.474641929,5.201331219,4.663616373,0
24150,4.891423013,4.929985207,4.576240191,4.601511124,0
24153,5.203712372,5.071128764,4.993553414,4.452247796,0
24154,4.711899926,4.668571423,4.528505022,4.398671962,0
24157,5.544863964,5.355201599,5.160185768,4.590233056,0
24160,5.293185294,5.165890835,5.003369415,4.528849328,0
24161,5.334746909,5.456287145,4.62494604,4.998734475,0
24171,4.949724724,4.913757196,4.606168876,4.567768541,0
24172,5.094035888,4.994397914,4.910446286,4.438679183,0
24180,5.212371042,5.248380237,4.726101988,4.773760065,0
24183,5.180045341,5.373382358,4.484988125,5.019045878,0
24200,5.120589142,4.99067956,4.90508823,4.438896785,0
24203,5.02245755,4.919946,4.826328531,4.427644486,0
24204,4.961269617,5.073647311,4.546685664,4.742631566,0
24207,4.891423013,4.839161864,4.645419567,4.475554086,0
24209,5.320315793,5.673784645,4.401135344,5.28616058,0
24216,5.04727907,4.951939414,4.783040656,4.485036939,0
24217,5.283949379,5.403873389,4.726883593,4.897263357,0
24218,5.120011897,5.23182429,4.672406914,4.793684938,0
24224,5.480212562,5.60394307,4.753834989,5.033782668,0
24226,5.23199736,5.19445885,4.843549143,4.655427676,0
24227,5.282217645,5.238370762,4.942095302,4.629865201,0
24236,5.260282348,5.657556634,4.435703062,5.255347031,0
24238,5.092304154,5.337056694,4.52489659,4.967265258,0
24239,5.350332515,5.632860009,4.390310046,5.263670297,0
24243,5.607206386,5.791703353,4.739742129,5.178155684,0
24252,5.085954462,5.026931767,4.776104743,4.555554213,0
24253,5.248737455,5.11712285,4.912519471,4.545335522,0
24268,5.120011897,5.255977853,4.628923305,4.840074189,0
24277,4.523140923,4.521331758,4.371415708,4.369000822,0
24278,5.296071517,5.537303897,4.43806785,5.168269121,0
24283,5.159841778,5.209141628,4.690899132,4.763681669,0
24285,5.138483726,5.233066073,4.701241086,4.776763541,0
24287,4.978009712,4.798136661,4.766690862,4.356431459,0
24290,5.171386671,5.110809867,4.812089204,4.604637717,0
24300,5.609515365,5.463044371,5.246592414,4.625979865,0
24305,4.920862491,4.976323844,4.557668081,4.653515072,0
24307,5.756135508,5.488593629,5.55914392,4.451102524,0
24308,5.660890139,5.413311818,5.263787727,4.573798399,0
24312,5.272981731,5.232258039,4.919727015,4.638898535,0
24319,5.679939213,5.612343473,5.100367011,4.835100845,0
24323,5.099231089,5.278276611,4.418150901,4.986233829,0
24325,5.7948109,5.714858819,5.202716005,4.853473874,0
24326,5.020148572,5.070935501,4.591969494,4.711617594,0
24330,4.81407223,4.852169983,4.392082306,4.654270951,0
24332,5.244696743,5.358853491,4.624996638,4.923753504,0
24335,5.247005721,5.210827655,4.76026226,4.721615821,0
24349,4.899504439,5.045542778,4.357706327,4.838648325,0
24352,4.950301968,5.036715621,4.392533693,4.809518327,0
24360,4.987822871,4.959960286,4.712670896,4.538443846,0
24365,4.932407384,4.778821681,4.750484872,4.34954551,0
24380,4.902967907,4.931344173,4.566219134,4.609227395,0
24386,5.780379783,5.600454708,5.379691644,4.656320989,0
24387,5.283949379,5.194627628,4.958009688,4.582679985,0
24391,5.331283441,5.269306911,4.801116107,4.744129009,0
24392,5.170232182,5.451646198,4.45375854,5.0963403,0
24393,5.392471375,5.32674202,5.016968279,4.656521411,0
24397,4.927789427,5.013583469,4.455858355,4.750261942,0
24402,5.434610234,5.680132607,4.652471323,5.148149552,0
24412,5.432301256,5.446025816,4.867388765,4.845245093,0
24415,5.203712372,5.336880045,4.532572831,4.962503789,0
24417,5.208330329,5.262132551,4.740300038,4.776116462,0
24429,4.954342681,4.888557736,4.76254183,4.441874493,0
24434,5.323202016,5.196992263,4.937480237,4.597809031,0
24436,5.736509189,5.383000058,5.474377712,4.41401002,0
24437,4.84755242,4.837566784,4.606168876,4.500291965,0
24454,5.010912657,4.867465782,4.82430195,4.381295319,0
24458,5.252778168,5.329975904,4.808546016,4.788774584,0
24462,5.514847242,5.769922296,4.492054528,5.301804998,0
24465,4.945106766,5.094356237,4.40070393,4.851418111,0
24466,5.084799973,5.024768265,4.673911538,4.619941417,0
24471,4.788673465,4.958748235,4.355737002,4.768265621,0
24476,5.161573512,5.030309068,4.86961108,4.497454553,0
24477,4.872951184,4.878631339,4.531784568,4.585829484,0
24479,5.698988287,5.514413105,5.2353863,4.675060505,0
26671,5.147719641,4.988260706,4.945444087,4.409964346,0
26674,5.16619147,5.316269063,4.523350689,4.952096128,0
26680,5.305884676,5.345064448,4.646395575,4.900003421,0
26686,5.466935935,5.448468282,4.822464446,4.874357913,0
26691,5.002831232,4.897140034,4.752677894,4.456178943,0
26694,5.109621493,5.33675062,4.39942966,5.042257683,0
26706,5.008603679,4.849154723,4.823931787,4.364734683,0
26707,5.008603679,5.018015412,4.646404896,4.631912375,0
26717,5.795388144,5.447766936,5.602828589,4.387977982,0
26718,5.579498643,5.634585389,4.887251122,4.97854619,0
26719,5.294917028,5.076529648,5.064057658,4.410671551,0
26725,5.475594605,5.39952977,5.04883966,4.696625981,0
26728,5.664353607,5.618419467,5.018892333,4.888444761,0
26729,4.864869759,4.908441138,4.467486562,4.653695452,0
26730,4.720558595,4.737216688,4.392198148,4.553223584,0
26732,5.419601873,5.38278056,4.844334743,4.80913466,0
26735,5.431146767,5.56591039,4.80851406,4.973097557,0
26745,5.633759641,5.549236387,5.101305736,4.784957964,0
26746,4.71247717,4.707140168,4.491262271,4.459505959,0
26747,5.252200923,5.220208367,4.86475634,4.663579151,0
26750,5.65973565,5.310987111,5.441170813,4.37228489,0
26758,5.339364866,5.345990539,4.815789512,4.797195198,0
26764,4.805990804,4.881834616,4.385295523,4.684208367,0
26770,5.427683299,5.193063156,5.183044056,4.436105184,0
26775,5.456545531,5.315112106,5.12952208,4.575816942,0
26780,4.781746529,4.900167537,4.393645516,4.694472869,0
26783,5.29895774,5.24068905,4.854615447,4.687040053,0
26784,5.139060971,5.307114846,4.649179794,4.868385318,0
26788,4.848706909,4.997475264,4.532919027,4.68746094,0
26798,5.442114415,5.453613813,4.885082068,4.840495077,0
26800,4.759233987,4.728364171,4.478769904,4.487241589,0
26802,5.713419403,5.467580379,5.337566191,4.572959487,0
26809,5.44269166,5.820785572,4.468403982,5.349574303,0
26811,5.020725816,4.899422467,4.774225962,4.443875856,0
26812,5.531010092,5.710555427,4.847507767,5.058125429,0
26813,5.54313223,5.266340623,5.339105433,4.399175882,0
26823,5.392471375,5.192815673,5.13143415,4.469421153,0
26826,4.927212182,4.847722299,4.631126979,4.492767527,0
26828,4.688232895,4.687754354,4.441039814,4.475797456,0
26832,5.524083156,5.758969242,4.647522045,5.207090986,0
26833,5.196785436,5.357532129,4.548006536,4.969160684,0
26837,5.571417218,5.472310524,5.072193275,4.741280145,0
26840,5.222761446,5.458113966,4.543266308,5.048487964,0
26841,5.658003916,5.639723049,5.075028092,4.871451785,0
26844,4.881609854,4.844561873,4.636129518,4.486603099,0
26845,5.445577883,5.401163328,4.934289903,4.768675056,0
26851,5.234306339,5.453760728,4.589539461,5.017834753,0
26852,5.180622586,5.039614574,4.931044977,4.465366889,0
26854,5.757867242,5.718814162,5.06729859,4.936340045,0
26861,5.620483014,5.816796999,4.679511931,5.229652849,0
26865,5.02361204,5.217688946,4.504251296,4.886265881,0
26866,4.822730899,4.894980905,4.496674919,4.62305942,0
26867,5.416138405,5.384763915,4.875552344,4.7915805,0
26871,5.259705104,5.558110766,4.490905422,5.152848031,0
26874,5.226802158,5.308117017,4.662985044,4.860732037,0
26875,5.038043156,4.89596034,4.855355775,4.386457634,0
26878,4.6714928,4.808058686,4.34505684,4.646803777,0
26885,4.868910472,4.754185397,4.686100317,4.370535487,0
26899,4.974546244,5.180567491,4.398015581,4.922089996,0
26900,5.745167859,5.423371138,5.501897669,4.431409568,0
26903,5.351487004,5.278844158,4.950779507,4.658265088,0
26906,5.060555698,4.953419935,4.776429635,4.49071749,0
26907,5.50849755,5.370915406,5.16584608,4.599853342,0
26908,5.351487004,5.625153081,4.455709224,5.221134887,0
26910,5.536782538,5.197976071,5.319235087,4.351383672,0
26913,5.109044249,5.232627076,4.542984024,4.874337871,0
26915,4.938757075,4.937158693,4.46904844,4.677296649,0
26919,5.275867954,5.341382822,4.719901077,4.852317149,0
26922,5.825404866,5.757806163,5.108386785,4.941648382,0
26925,5.255087147,5.500315365,4.409642456,5.157852871,0
26929,5.736509189,5.489604545,5.292918829,4.619113958,0
26932,5.386698928,5.217843732,5.057533186,4.538793154,0
26933,5.566222016,5.324301304,5.220980532,4.52551086,0
26934,5.491757455,5.309838024,5.026631156,4.636376073,0
26938,5.167345959,5.454738414,4.447179475,5.102493275,0
26942,5.313966101,5.191002845,4.910092101,4.610198013,0
26945,5.47501736,5.810586332,4.544978649,5.300321871,0
26948,5.040929379,5.097647837,4.671308406,4.683532657,0
26950,5.340519356,5.416109329,4.674117924,4.938573326,0
26960,5.099808334,5.179435894,4.545175714,4.83030788,0
26961,4.968196553,5.05702053,4.453297832,4.787912766,0
26970,5.713419403,5.338784696,5.426844936,4.406010294,0
26971,5.22333869,5.197949836,4.72497685,4.733140123,0
26975,5.562758548,5.560179822,4.925541784,4.899221773,0
26980,5.383812705,5.356015754,4.882493584,4.764165547,0
26992,4.958960638,5.019909569,4.505889072,4.723680174,0
26996,5.816746196,5.483119287,5.513876067,4.47509884,0
27000,5.460586244,5.252660017,5.157496087,4.504592463,0
27002,4.901236173,5.021364729,4.420184139,4.779380488,0
27008,5.158110044,5.126746672,4.833052732,4.604795192,0
27010,5.576035175,5.448707894,5.286382373,4.589242395,0
27013,5.4005528,5.67130545,4.485502094,5.236862338,0
27014,5.554099878,5.842290289,4.635576935,5.271818909,0
27019,5.490025721,5.33618832,5.078651171,4.625653462,0
27023,5.032270709,5.246837627,4.448625511,4.943297574,0
27024,5.840990472,5.787485662,5.193845386,4.914030142,0
27025,5.367649854,5.153632158,5.045550793,4.490895007,0
27038,5.007449189,5.330497104,4.407345576,5.032777692,0
27040,5.505611327,5.33875234,5.178048174,4.565071425,0
27041,5.003985721,5.14466071,4.409979332,4.886151354,0
27050,4.965310329,5.058811497,4.618730482,4.684362979,0
27051,4.976855222,4.935358981,4.663763986,4.548923087,0
27053,5.051319783,5.218440138,4.38706512,4.958569779,0
27054,5.202557883,5.44772671,4.404008774,5.122589939,0
27058,5.006871945,5.071709429,4.589157314,4.714054161,0
27068,5.66839432,5.444314429,5.4225521,4.49983672,0
27071,5.825404866,5.510885391,5.545899242,4.478503162,0
27074,5.688597883,5.595506813,5.151217947,4.791334267,0
27076,5.26663204,5.578577456,4.399445639,5.220095552,0
27079,5.315697835,5.465331177,4.560777192,5.043569019,0
27086,5.24065603,5.303984152,4.710571081,4.828240664,0
27096,4.952033702,5.031779969,4.612862452,4.665239796,0
27099,5.227956648,5.422856061,4.616500178,4.978282777,0
27100,5.129825056,5.020879384,4.893053908,4.473733103,0
27101,5.335901398,5.638448909,4.398176695,5.263146335,0
27103,4.963578595,5.026814584,4.599400735,4.669666273,0
27106,5.461740733,5.453266638,4.838382826,4.868494119,0
27114,4.707281968,4.6854212,4.49848313,4.434705089,0
27117,5.736509189,5.549544209,5.265646535,4.684987152,0
27123,5.163305246,5.162022067,4.745325213,4.690490185,0
27140,5.233729094,5.461785098,4.499202154,5.077188485,0
27158,4.726908287,4.803350403,4.378627247,4.620642896,0
27163,5.09057242,4.935911662,4.896360084,4.395342083,0
27164,4.52775888,4.611832412,4.365622243,4.457470237,0
27171,4.694005341,4.839148746,4.382121168,4.649509482,0
27172,5.510806529,5.5762924,4.878355204,4.939647019,0
27174,4.93933432,4.832479844,4.749797805,4.399470789,0
27175,5.184663299,5.049735109,4.904940431,4.491427558,0
27176,5.663776363,5.295376494,5.414072949,4.37609292,0
27177,5.455391042,5.169906518,5.275093705,4.355251829,0
27179,4.853324866,4.791520229,4.633728779,4.440282565,0
27181,5.459431755,5.349875047,4.993347027,4.690401427,0
27189,5.241233275,5.151908528,4.976824135,4.533885663,0
27196,5.568530995,5.315509127,5.362958371,4.426885743,0
27199,4.982050424,5.098716471,4.490137132,4.798996138,0
27200,4.715363393,4.791169556,4.504147437,4.52675348,0
27201,5.102117313,4.920975281,4.858618011,4.407018133,0
27202,5.443268904,5.378317135,4.926045101,4.755324045,0
27203,5.438073702,5.563768751,4.822356593,4.9632883,0
27216,5.158687289,5.032599371,4.920677724,4.465959568,0
27219,5.449041351,5.751235204,4.470780754,5.300791433,0
27220,4.748266339,4.732609846,4.521201608,4.462497982,0
27222,5.262591327,5.134435235,5.066957719,4.460138722,0
27230,5.129825056,5.376739546,4.357767577,5.097084727,0
27231,5.130402301,5.373082406,4.396110169,5.071668273,0
27234,5.241810519,5.237827701,4.767231461,4.739484931,0
27235,5.227379403,5.41642677,4.502720042,5.041109547,0
27239,5.191590234,5.071254692,4.869263552,4.533550671,0
27252,5.440959926,5.340054464,5.070382401,4.634074076,0
27253,5.095767622,5.1146524,4.737683592,4.655550793,0
27256,5.610669854,5.595045954,4.95604702,4.907862852,0
27257,4.878146386,4.836818216,4.65690397,4.465770598,0
27258,5.660890139,5.624332804,5.035493786,4.883119245,0
27262,5.050742538,4.910611636,4.857129366,4.398608972,0
27267,5.386121683,5.325617419,4.981146265,4.678023897,0
27273,5.520042443,5.806205985,4.550226188,5.294403677,0
27275,5.390739641,5.384989535,4.854986942,4.804373191,0
27278,5.495220923,5.446706174,4.924766837,4.810906969,0
27279,4.919130757,5.149482677,4.462389484,4.85754818,0
27280,5.176581873,5.370178207,4.483930894,5.017239211,0
27281,4.647248524,4.55862374,4.418710141,4.371400167,0
27284,5.020725816,4.9010123,4.794198835,4.431985067,0
27285,5.012067146,4.927325866,4.702978726,4.516036595,0
27288,5.134443013,5.146465668,4.688008392,4.713776433,0
27293,5.319738548,5.333140703,4.782184486,4.807554185,0
27294,5.305884676,5.078617068,5.088649592,4.396312701,0
27305,5.576035175,5.521768486,5.177897712,4.716338979,0
27307,5.230842871,5.445306981,4.443630961,5.097580057,0
27309,4.741339403,4.719057791,4.557893109,4.425273772,0
27315,5.459431755,5.344946391,4.935987597,4.722048161,0
27325,4.59471926,4.589387614,4.432107945,4.391038722,0
27327,5.669548809,5.44348803,5.188005318,4.646288404,0
27336,5.070946101,4.936970676,4.842667674,4.432108184,0
27340,5.342828334,5.5355654,4.577004486,5.086356389,0
27342,5.322047527,5.58178598,4.355187082,5.247604991,0
27344,5.326665484,5.081067404,5.021057392,4.443005449,0
27349,5.200248904,5.430822714,4.395805249,5.114905163,0
27350,5.504456838,5.290854478,5.187873497,4.518000737,0
27352,5.414983916,5.410025464,4.862087964,4.819983251,0
27361,5.427106054,5.439615765,4.799960344,4.881031987,0
27362,5.180622586,5.053488443,4.898337399,4.499052208,0
27368,5.596238738,5.697079453,4.93559746,4.997048062,0
27369,5.560449569,5.37389831,5.073649963,4.660114703,0
27372,5.341673845,5.442235753,4.639592814,4.979313522,0
27373,5.505034082,5.649320636,4.675425481,5.112677608,0
27380,5.304730187,5.354118099,4.766923879,4.833677844,0
27383,5.798274368,5.763775468,5.035697509,4.988438478,0
27386,5.426528809,5.636788242,4.636003023,5.126280579,0
27387,5.477903584,5.194878608,5.258873068,4.388212763,0
27388,5.089995175,5.143641923,4.502873168,4.827653712,0
27394,5.843876695,5.495644685,5.481088598,4.506436351,0
27397,5.661467384,5.745135599,4.885308427,5.061647141,0
27399,5.682825436,5.637678479,5.013495662,4.906422672,0
27413,5.287412847,5.535194614,4.428783127,5.172100057,0
27417,5.63491413,5.409320621,5.263709167,4.570494289,0
27418,5.200248904,5.170843977,4.756356897,4.690876715,0
27419,5.429415033,5.342174241,4.953329378,4.709000647,0
27422,5.625678215,5.290174121,5.423790418,4.36516416,0
27428,5.135020258,5.109535728,4.70956578,4.669165217,0
27433,4.915090044,4.776776237,4.747916361,4.349393762,0
27434,5.68455717,5.707693204,4.860406249,5.048568133,0
27435,5.292030804,5.293260215,4.75730228,4.790798852,0
27443,5.724387052,5.565893775,5.26590352,4.698046119,0
27448,4.840625484,4.812933123,4.621669158,4.467794866,0
27450,5.531587337,5.71564499,4.688837932,5.152876663,0
27454,4.964733085,4.974110496,4.792842011,4.498241928,0
27459,5.472131137,5.461477275,4.94183166,4.812241211,0
27463,5.251623679,5.13584842,4.885935576,4.578617132,0
27467,5.028229997,5.199491571,4.606758742,4.808267117,0
27471,5.249891945,5.176942707,4.900927215,4.604108028,0
27473,5.620483014,5.740648563,4.898597046,5.050704065,0
27474,5.489448477,5.674410783,4.662100912,5.138512086,0
27478,4.702086766,4.718683507,4.500444466,4.463829361,0
27482,5.532164581,5.66703354,4.674248413,5.126211863,0
27496,5.557563346,5.295022323,5.33582855,4.42649635,0
27497,5.667817075,5.3271679,5.473842439,4.365370309,0
27500,4.550271422,4.577100953,4.369110838,4.422923101,0
27508,4.949147479,5.11148935,4.365614254,4.887056119,0
27521,5.240078785,5.024788379,5.022785712,4.391525463,0
27522,5.540246006,5.747185416,4.598311548,5.226537709,0
27526,5.260282348,5.675321133,4.380974725,5.298540973,0
27531,4.952610947,5.079652471,4.490913411,4.782844937,0
27532,4.75461603,4.839042932,4.410728981,4.63069266,0
27533,5.234306339,5.281316357,4.645511443,4.85012109,0
27541,4.935870852,5.134622377,4.34833106,4.916223339,0
27542,5.126361588,5.189583538,4.609838559,4.798306112,0
27548,5.345714557,5.417402707,4.662497706,4.946550147,0
27549,5.80231508,5.699250825,5.155741137,4.869318715,0
27557,5.792501921,5.757012121,5.10078511,4.94549077,0
27558,5.667239831,5.623390098,5.127342374,4.827547774,0
27562,5.181777075,5.333000784,4.5570649,4.944711985,0
27563,5.02245755,4.953620194,4.891456078,4.41463992,0
27564,5.331860686,5.362865676,4.865824223,4.779970303,0
27578,5.087108952,5.112761741,4.791345377,4.619615014,0
27581,5.01379888,5.258942392,4.384540549,4.991593703,0
27583,5.464049712,5.57837982,4.792381304,4.99203177,0
27589,5.08191375,5.126372388,4.513773031,4.806795442,0
27594,5.053628762,4.975779907,4.737378673,4.536136123,0
27603,5.107889759,5.313054418,4.453671991,4.991642377,0
27604,4.885650567,4.793059341,4.756836246,4.358427096,0
27605,5.649922491,5.612864672,4.962654047,4.917586213,0
27606,4.676110757,4.720201631,4.449324562,4.499664929,0
27610,4.767892657,4.884168644,4.383804215,4.687174622,0
27611,5.03977489,4.886769393,4.769013041,4.43593912,0
27612,5.16503698,5.345801647,4.605593657,4.925319663,0
27613,5.501570614,5.242248275,5.116169549,4.522155212,0
27616,5.366495365,5.613823119,4.536751156,5.16672873,0
27620,5.192744724,5.27372049,4.662801294,4.833411568,0
27621,5.145410662,5.359857412,4.425422358,5.044281951,0
27626,5.457122776,5.143253647,5.233359719,4.358822215,0
27628,5.429415033,5.352117253,4.996241763,4.690441511,0
27629,5.066905389,5.202607398,4.558385773,4.840801437,0
27631,5.125207099,5.062525479,4.766816025,4.592383304,0
27634,5.023034795,5.232030671,4.46675156,4.920609731,0
27635,4.723444819,4.825733112,4.44053916,4.599483992,0
27639,5.259705104,5.431916707,4.466842104,5.073950228,0
27647,4.751729807,4.727640089,4.555596228,4.434705089,0
27655,5.48367603,5.695496617,4.576971198,5.202137684,0
27657,5.069214367,5.126130152,4.773609465,4.642320036,0
27660,5.072100591,5.012907484,4.790619696,4.533848441,0
27664,5.399975555,5.470133905,4.797499685,4.906270923,0
27669,5.075564059,5.080218269,4.734563829,4.62831622,0
27673,5.364763631,5.211570976,4.979375337,4.583464497,0
27675,5.1898585,5.188869076,4.798177432,4.679478393,0
27682,5.062864676,5.281549847,4.420527673,4.987327564,0
27684,4.845243441,4.941300303,4.34601687,4.759879366,0
27685,5.234306339,5.467945918,4.464739626,5.101983629,0
27690,5.435187479,5.287024188,5.081073215,4.58278306,0
27693,4.745380116,4.671579687,4.549073088,4.387396757,0
27699,5.001676743,5.083425919,4.616007514,4.706790272,0
27701,5.330128952,5.149783504,5.148284598,4.420555251,0
27709,5.002253987,5.03157009,4.551591001,4.704302168,0
27713,5.092304154,5.188205334,4.506846438,4.861121429,0
27714,5.128670567,5.114821178,4.900446534,4.551147778,0
27717,5.689175128,5.590839631,5.215786253,4.748572666,0
27719,5.485407764,5.52406666,4.86575099,4.907084066,0
27721,5.361300163,5.358255336,4.841161719,4.791440205,0
27724,5.825404866,5.836415429,5.052430782,5.032293815,0
27725,5.127516078,5.268879283,4.578758104,4.881183735,0
27735,5.107312515,5.021422446,4.863328946,4.493735282,0
27748,4.862560781,4.80921302,4.553905192,4.509729008,0
27751,4.887382301,4.891530146,4.579513079,4.565775767,0
27754,5.092881398,5.141446939,4.591910907,4.770161047,0
27761,5.814437218,5.716757349,5.195609656,4.859142972,0
27767,4.951456458,4.896804228,4.669367043,4.511172051,0
27768,5.253355413,5.294847424,4.878542949,4.716774183,0
27774,5.396512087,5.684833894,4.49543527,5.240764853,0
27779,5.126938833,5.346224029,4.428970872,5.03182139,0
27781,5.667817075,5.449903329,5.315948884,4.571716867,0
27782,5.370536078,5.475469202,4.679770247,4.980733659,0
27786,4.915667289,5.088389554,4.401400317,4.846146995,0
27788,5.52581489,5.511015691,4.926033117,4.860780711,0
27789,4.900081683,5.015268622,4.415016491,4.777602453,0
27792,5.345137313,5.557370068,4.537946866,5.125095222,0
27799,5.494066434,5.194652114,5.240749683,4.399865908,0
27801,5.24065603,5.479460399,4.478265256,5.102584897,0
27802,4.883341588,4.935780488,4.524618301,4.640121113,0
27803,5.245273987,5.231897747,4.961663392,4.611993228,0
27804,5.040352135,5.065205807,4.610646794,4.694910936,0
27806,5.247005721,5.197022871,4.782617232,4.696102019,0
27809,5.499261636,5.299054621,5.188238334,4.524797928,0
27810,5.319161303,5.623473175,4.401613361,5.250671457,0
27820,4.809454272,4.831227567,4.484854973,4.575092557,0
27821,5.165614225,5.249620271,4.694984251,4.794097236,0
27829,5.406902491,5.5363026,4.607859913,5.068873809,0
27831,5.323779261,5.513941752,4.509208563,5.10995186,0
27834,5.431146767,5.397237718,4.938762495,4.762765452,0
27835,5.378040258,5.730806992,4.380012032,5.337268353,0
27842,5.271249997,5.498967768,4.538673878,5.081669363,0
27843,4.920862491,4.85979121,4.689748695,4.46453084,0
27855,5.640686577,5.557630668,5.075186543,4.807390983,0
27857,5.040352135,5.120855196,4.528849887,4.7928403,0
27864,5.321470282,5.390901999,4.767078336,4.862716221,0
27865,5.611824344,5.421087831,5.263975472,4.580200471,0
27869,5.304152942,5.332612508,4.785782266,4.804917195,0
27870,5.437496458,5.721837292,4.533688649,5.245151245,0
27879,5.350332515,5.257489855,5.02214658,4.595203537,0
27890,5.098653845,5.032265314,4.722119397,4.595217853,0
27900,5.664353607,5.508052026,5.297954656,4.631193716,0
27903,5.423065341,5.593175408,4.551918556,5.143084585,0
27909,5.370536078,5.336385081,4.868953307,4.756638245,0
27912,5.20717584,5.089386479,4.937534829,4.50495895,0
27915,5.259705104,5.392751556,4.530130814,5.006860182,0
27918,5.310502633,5.19599359,4.998673127,4.557798946,0
27922,5.812128239,5.749135541,5.044155355,4.972622269,0
27925,4.960692372,5.018449161,4.775887705,4.54830464,0
27926,4.641476078,4.670672835,4.44206642,4.459494506,0
27935,4.801950092,4.733499208,4.62701523,4.391608495,0
27936,4.945106766,5.037814862,4.412237598,4.797996888,0
27946,5.259705104,5.224013297,4.842892701,4.680554949,0
27947,5.647613512,5.427369331,5.498788559,4.436852474,0
27951,5.674744011,5.474641929,5.201331219,4.663616373,0
27960,4.891423013,4.929985207,4.576240191,4.601511124,0
27963,5.203712372,5.071128764,4.993553414,4.452247796,0
27964,4.711899926,4.668571423,4.528505022,4.398671962,0
27967,5.544863964,5.355201599,5.160185768,4.590233056,0
27970,5.293185294,5.165890835,5.003369415,4.528849328,0
27971,5.334746909,5.456287145,4.62494604,4.998734475,0
27981,4.949724724,4.913757196,4.606168876,4.567768541,0
27982,5.094035888,4.994397914,4.910446286,4.438679183,0
27990,5.212371042,5.248380237,4.726101988,4.773760065,0
27993,5.180045341,5.373382358,4.484988125,5.019045878,0
28010,5.120589142,4.99067956,4.90508823,4.438896785,0
28013,5.02245755,4.919946,4.826328531,4.427644486,0
28014,4.961269617,5.073647311,4.546685664,4.742631566,0
28017,4.891423013,4.839161864,4.645419567,4.475554086,0
28019,5.320315793,5.673784645,4.401135344,5.28616058,0
28026,5.04727907,4.951939414,4.783040656,4.485036939,0
28027,5.283949379,5.403873389,4.726883593,4.897263357,0
28028,5.120011897,5.23182429,4.672406914,4.793684938,0
28034,5.480212562,5.60394307,4.753834989,5.033782668,0
28036,5.23199736,5.19445885,4.843549143,4.655427676,0
28037,5.282217645,5.238370762,4.942095302,4.629865201,0
28046,5.260282348,5.657556634,4.435703062,5.255347031,0
28048,5.092304154,5.337056694,4.52489659,4.967265258,0
28049,5.350332515,5.632860009,4.390310046,5.263670297,0
28053,5.607206386,5.791703353,4.739742129,5.178155684,0
28062,5.085954462,5.026931767,4.776104743,4.555554213,0
28063,5.248737455,5.11712285,4.912519471,4.545335522,0
28078,5.120011897,5.255977853,4.628923305,4.840074189,0
28087,4.523140923,4.521331758,4.371415708,4.369000822,0
28088,5.296071517,5.537303897,4.43806785,5.168269121,0
28093,5.159841778,5.209141628,4.690899132,4.763681669,0
28095,5.138483726,5.233066073,4.701241086,4.776763541,0
28097,4.978009712,4.798136661,4.766690862,4.356431459,0
28100,5.171386671,5.110809867,4.812089204,4.604637717,0
28110,5.609515365,5.463044371,5.246592414,4.625979865,0
28115,4.920862491,4.976323844,4.557668081,4.653515072,0
28117,5.756135508,5.488593629,5.55914392,4.451102524,0
28118,5.660890139,5.413311818,5.263787727,4.573798399,0
28122,5.272981731,5.232258039,4.919727015,4.638898535,0
28129,5.679939213,5.612343473,5.100367011,4.835100845,0
28133,5.099231089,5.278276611,4.418150901,4.986233829,0
28135,5.7948109,5.714858819,5.202716005,4.853473874,0
28136,5.020148572,5.070935501,4.591969494,4.711617594,0
28140,4.81407223,4.852169983,4.392082306,4.654270951,0
28142,5.244696743,5.358853491,4.624996638,4.923753504,0
28145,5.247005721,5.210827655,4.76026226,4.721615821,0
28159,4.899504439,5.045542778,4.357706327,4.838648325,0
28162,4.950301968,5.036715621,4.392533693,4.809518327,0
28170,4.987822871,4.959960286,4.712670896,4.538443846,0
28175,4.932407384,4.778821681,4.750484872,4.34954551,0
28190,4.902967907,4.931344173,4.566219134,4.609227395,0
28196,5.780379783,5.600454708,5.379691644,4.656320989,0
28197,5.283949379,5.194627628,4.958009688,4.582679985,0
28201,5.331283441,5.269306911,4.801116107,4.744129009,0
28202,5.170232182,5.451646198,4.45375854,5.0963403,0
28203,5.392471375,5.32674202,5.016968279,4.656521411,0
28207,4.927789427,5.013583469,4.455858355,4.750261942,0
28212,5.434610234,5.680132607,4.652471323,5.148149552,0
28222,5.432301256,5.446025816,4.867388765,4.845245093,0
28225,5.203712372,5.336880045,4.532572831,4.962503789,0
28227,5.208330329,5.262132551,4.740300038,4.776116462,0
28239,4.954342681,4.888557736,4.76254183,4.441874493,0
28244,5.323202016,5.196992263,4.937480237,4.597809031,0
28246,5.736509189,5.383000058,5.474377712,4.41401002,0
28247,4.84755242,4.837566784,4.606168876,4.500291965,0
28264,5.010912657,4.867465782,4.82430195,4.381295319,0
28268,5.252778168,5.329975904,4.808546016,4.788774584,0
28272,5.514847242,5.769922296,4.492054528,5.301804998,0
28275,4.945106766,5.094356237,4.40070393,4.851418111,0
28276,5.084799973,5.024768265,4.673911538,4.619941417,0
28281,4.788673465,4.958748235,4.355737002,4.768265621,0
28286,5.161573512,5.030309068,4.86961108,4.497454553,0
28287,4.872951184,4.878631339,4.531784568,4.585829484,0
28289,5.698988287,5.514413105,5.2353863,4.675060505,0
30481,5.147719641,4.988260706,4.945444087,4.409964346,0
30484,5.16619147,5.316269063,4.523350689,4.952096128,0
30490,5.305884676,5.345064448,4.646395575,4.900003421,0
30496,5.466935935,5.448468282,4.822464446,4.874357913,0
30501,5.002831232,4.897140034,4.752677894,4.456178943,0
30504,5.109621493,5.33675062,4.39942966,5.042257683,0
30516,5.008603679,4.849154723,4.823931787,4.364734683,0
30517,5.008603679,5.018015412,4.646404896,4.631912375,0
30527,5.795388144,5.447766936,5.602828589,4.387977982,0
30528,5.579498643,5.634585389,4.887251122,4.97854619,0
30529,5.294917028,5.076529648,5.064057658,4.410671551,0
30535,5.475594605,5.39952977,5.04883966,4.696625981,0
30538,5.664353607,5.618419467,5.018892333,4.888444761,0
30539,4.864869759,4.908441138,4.467486562,4.653695452,0
30540,4.720558595,4.737216688,4.392198148,4.553223584,0
30542,5.419601873,5.38278056,4.844334743,4.80913466,0
30545,5.431146767,5.56591039,4.80851406,4.973097557,0
30555,5.633759641,5.549236387,5.101305736,4.784957964,0
30556,4.71247717,4.707140168,4.491262271,4.459505959,0
30557,5.252200923,5.220208367,4.86475634,4.663579151,0
30560,5.65973565,5.310987111,5.441170813,4.37228489,0
30568,5.339364866,5.345990539,4.815789512,4.797195198,0
30574,4.805990804,4.881834616,4.385295523,4.684208367,0
30580,5.427683299,5.193063156,5.183044056,4.436105184,0
30585,5.456545531,5.315112106,5.12952208,4.575816942,0
30590,4.781746529,4.900167537,4.393645516,4.694472869,0
30593,5.29895774,5.24068905,4.854615447,4.687040053,0
30594,5.139060971,5.307114846,4.649179794,4.868385318,0
30598,4.848706909,4.997475264,4.532919027,4.68746094,0
30608,5.442114415,5.453613813,4.885082068,4.840495077,0
30610,4.759233987,4.728364171,4.478769904,4.487241589,0
30612,5.713419403,5.467580379,5.337566191,4.572959487,0
30619,5.44269166,5.820785572,4.468403982,5.349574303,0
30621,5.020725816,4.899422467,4.774225962,4.443875856,0
30622,5.531010092,5.710555427,4.847507767,5.058125429,0
30623,5.54313223,5.266340623,5.339105433,4.399175882,0
30633,5.392471375,5.192815673,5.13143415,4.469421153,0
30636,4.927212182,4.847722299,4.631126979,4.492767527,0
30638,4.688232895,4.687754354,4.441039814,4.475797456,0
30642,5.524083156,5.758969242,4.647522045,5.207090986,0
30643,5.196785436,5.357532129,4.548006536,4.969160684,0
30647,5.571417218,5.472310524,5.072193275,4.741280145,0
30650,5.222761446,5.458113966,4.543266308,5.048487964,0
30651,5.658003916,5.639723049,5.075028092,4.871451785,0
30654,4.881609854,4.844561873,4.636129518,4.486603099,0
30655,5.445577883,5.401163328,4.934289903,4.768675056,0
30661,5.234306339,5.453760728,4.589539461,5.017834753,0
30662,5.180622586,5.039614574,4.931044977,4.465366889,0
30664,5.757867242,5.718814162,5.06729859,4.936340045,0
30671,5.620483014,5.816796999,4.679511931,5.229652849,0
30675,5.02361204,5.217688946,4.504251296,4.886265881,0
30676,4.822730899,4.894980905,4.496674919,4.62305942,0
30677,5.416138405,5.384763915,4.875552344,4.7915805,0
30681,5.259705104,5.558110766,4.490905422,5.152848031,0
30684,5.226802158,5.308117017,4.662985044,4.860732037,0
30685,5.038043156,4.89596034,4.855355775,4.386457634,0
30688,4.6714928,4.808058686,4.34505684,4.646803777,0
30695,4.868910472,4.754185397,4.686100317,4.370535487,0
30709,4.974546244,5.180567491,4.398015581,4.922089996,0
30710,5.745167859,5.423371138,5.501897669,4.431409568,0
30713,5.351487004,5.278844158,4.950779507,4.658265088,0
30716,5.060555698,4.953419935,4.776429635,4.49071749,0
30717,5.50849755,5.370915406,5.16584608,4.599853342,0
30718,5.351487004,5.625153081,4.455709224,5.221134887,0
30720,5.536782538,5.197976071,5.319235087,4.351383672,0
30723,5.109044249,5.232627076,4.542984024,4.874337871,0
30725,4.938757075,4.937158693,4.46904844,4.677296649,0
30729,5.275867954,5.341382822,4.719901077,4.852317149,0
30732,5.825404866,5.757806163,5.108386785,4.941648382,0
30735,5.255087147,5.500315365,4.409642456,5.157852871,0
30739,5.736509189,5.489604545,5.292918829,4.619113958,0
30742,5.386698928,5.217843732,5.057533186,4.538793154,0
30743,5.566222016,5.324301304,5.220980532,4.52551086,0
30744,5.491757455,5.309838024,5.026631156,4.636376073,0
30748,5.167345959,5.454738414,4.447179475,5.102493275,0
30752,5.313966101,5.191002845,4.910092101,4.610198013,0
30755,5.47501736,5.810586332,4.544978649,5.300321871,0
30758,5.040929379,5.097647837,4.671308406,4.683532657,0
30760,5.340519356,5.416109329,4.674117924,4.938573326,0
30770,5.099808334,5.179435894,4.545175714,4.83030788,0
30771,4.968196553,5.05702053,4.453297832,4.787912766,0
30780,5.713419403,5.338784696,5.426844936,4.406010294,0
30781,5.22333869,5.197949836,4.72497685,4.733140123,0
30785,5.562758548,5.560179822,4.925541784,4.899221773,0
30790,5.383812705,5.356015754,4.882493584,4.764165547,0
30802,4.958960638,5.019909569,4.505889072,4.723680174,0
30806,5.816746196,5.483119287,5.513876067,4.47509884,0
30810,5.460586244,5.252660017,5.157496087,4.504592463,0
30812,4.901236173,5.021364729,4.420184139,4.779380488,0
30818,5.158110044,5.126746672,4.833052732,4.604795192,0
30820,5.576035175,5.448707894,5.286382373,4.589242395,0
30823,5.4005528,5.67130545,4.485502094,5.236862338,0
30824,5.554099878,5.842290289,4.635576935,5.271818909,0
30829,5.490025721,5.33618832,5.078651171,4.625653462,0
30833,5.032270709,5.246837627,4.448625511,4.943297574,0
30834,5.840990472,5.787485662,5.193845386,4.914030142,0
30835,5.367649854,5.153632158,5.045550793,4.490895007,0
30848,5.007449189,5.330497104,4.407345576,5.032777692,0
30850,5.505611327,5.33875234,5.178048174,4.565071425,0
30851,5.003985721,5.14466071,4.409979332,4.886151354,0
30860,4.965310329,5.058811497,4.618730482,4.684362979,0
30861,4.976855222,4.935358981,4.663763986,4.548923087,0
30863,5.051319783,5.218440138,4.38706512,4.958569779,0
30864,5.202557883,5.44772671,4.404008774,5.122589939,0
30868,5.006871945,5.071709429,4.589157314,4.714054161,0
30878,5.66839432,5.444314429,5.4225521,4.49983672,0
30881,5.825404866,5.510885391,5.545899242,4.478503162,0
30884,5.688597883,5.595506813,5.151217947,4.791334267,0
30886,5.26663204,5.578577456,4.399445639,5.220095552,0
30889,5.315697835,5.465331177,4.560777192,5.043569019,0
30896,5.24065603,5.303984152,4.710571081,4.828240664,0
30906,4.952033702,5.031779969,4.612862452,4.665239796,0
30909,5.227956648,5.422856061,4.616500178,4.978282777,0
30910,5.129825056,5.020879384,4.893053908,4.473733103,0
30911,5.335901398,5.638448909,4.398176695,5.263146335,0
30913,4.963578595,5.026814584,4.599400735,4.669666273,0
30916,5.461740733,5.453266638,4.838382826,4.868494119,0
30924,4.707281968,4.6854212,4.49848313,4.434705089,0
30927,5.736509189,5.549544209,5.265646535,4.684987152,0
30933,5.163305246,5.162022067,4.745325213,4.690490185,0
30950,5.233729094,5.461785098,4.499202154,5.077188485,0
30968,4.726908287,4.803350403,4.378627247,4.620642896,0
30973,5.09057242,4.935911662,4.896360084,4.395342083,0
30974,4.52775888,4.611832412,4.365622243,4.457470237,0
30981,4.694005341,4.839148746,4.382121168,4.649509482,0
30982,5.510806529,5.5762924,4.878355204,4.939647019,0
30984,4.93933432,4.832479844,4.749797805,4.399470789,0
30985,5.184663299,5.049735109,4.904940431,4.491427558,0
30986,5.663776363,5.295376494,5.414072949,4.37609292,0
30987,5.455391042,5.169906518,5.275093705,4.355251829,0
30989,4.853324866,4.791520229,4.633728779,4.440282565,0
30991,5.459431755,5.349875047,4.993347027,4.690401427,0
30999,5.241233275,5.151908528,4.976824135,4.533885663,0
31006,5.568530995,5.315509127,5.362958371,4.426885743,0
31009,4.982050424,5.098716471,4.490137132,4.798996138,0
31010,4.715363393,4.791169556,4.504147437,4.52675348,0
31011,5.102117313,4.920975281,4.858618011,4.407018133,0
31012,5.443268904,5.378317135,4.926045101,4.755324045,0
31013,5.438073702,5.563768751,4.822356593,4.9632883,0
31026,5.158687289,5.032599371,4.920677724,4.465959568,0
31029,5.449041351,5.751235204,4.470780754,5.300791433,0
31030,4.748266339,4.732609846,4.521201608,4.462497982,0
31032,5.262591327,5.134435235,5.066957719,4.460138722,0
31040,5.129825056,5.376739546,4.357767577,5.097084727,0
31041,5.130402301,5.373082406,4.396110169,5.071668273,0
31044,5.241810519,5.237827701,4.767231461,4.739484931,0
31045,5.227379403,5.41642677,4.502720042,5.041109547,0
31049,5.191590234,5.071254692,4.869263552,4.533550671,0
31062,5.440959926,5.340054464,5.070382401,4.634074076,0
31063,5.095767622,5.1146524,4.737683592,4.655550793,0
31066,5.610669854,5.595045954,4.95604702,4.907862852,0
31067,4.878146386,4.836818216,4.65690397,4.465770598,0
31068,5.660890139,5.624332804,5.035493786,4.883119245,0
31072,5.050742538,4.910611636,4.857129366,4.398608972,0
31077,5.386121683,5.325617419,4.981146265,4.678023897,0
31083,5.520042443,5.806205985,4.550226188,5.294403677,0
31085,5.390739641,5.384989535,4.854986942,4.804373191,0
31088,5.495220923,5.446706174,4.924766837,4.810906969,0
31089,4.919130757,5.149482677,4.462389484,4.85754818,0
31090,5.176581873,5.370178207,4.483930894,5.017239211,0
31091,4.647248524,4.55862374,4.418710141,4.371400167,0
31094,5.020725816,4.9010123,4.794198835,4.431985067,0
31095,5.012067146,4.927325866,4.702978726,4.516036595,0
31098,5.134443013,5.146465668,4.688008392,4.713776433,0
31103,5.319738548,5.333140703,4.782184486,4.807554185,0
31104,5.305884676,5.078617068,5.088649592,4.396312701,0
31115,5.576035175,5.521768486,5.177897712,4.716338979,0
31117,5.230842871,5.445306981,4.443630961,5.097580057,0
31119,4.741339403,4.719057791,4.557893109,4.425273772,0
31125,5.459431755,5.344946391,4.935987597,4.722048161,0
31135,4.59471926,4.589387614,4.432107945,4.391038722,0
31137,5.669548809,5.44348803,5.188005318,4.646288404,0
31146,5.070946101,4.936970676,4.842667674,4.432108184,0
31150,5.342828334,5.5355654,4.577004486,5.086356389,0
31152,5.322047527,5.58178598,4.355187082,5.247604991,0
31154,5.326665484,5.081067404,5.021057392,4.443005449,0
31159,5.200248904,5.430822714,4.395805249,5.114905163,0
31160,5.504456838,5.290854478,5.187873497,4.518000737,0
31162,5.414983916,5.410025464,4.862087964,4.819983251,0
31171,5.427106054,5.439615765,4.799960344,4.881031987,0
31172,5.180622586,5.053488443,4.898337399,4.499052208,0
31178,5.596238738,5.697079453,4.93559746,4.997048062,0
31179,5.560449569,5.37389831,5.073649963,4.660114703,0
31182,5.341673845,5.442235753,4.639592814,4.979313522,0
31183,5.505034082,5.649320636,4.675425481,5.112677608,0
31190,5.304730187,5.354118099,4.766923879,4.833677844,0
31193,5.798274368,5.763775468,5.035697509,4.988438478,0
31196,5.426528809,5.636788242,4.636003023,5.126280579,0
31197,5.477903584,5.194878608,5.258873068,4.388212763,0
31198,5.089995175,5.143641923,4.502873168,4.827653712,0
31204,5.843876695,5.495644685,5.481088598,4.506436351,0
31207,5.661467384,5.745135599,4.885308427,5.061647141,0
31209,5.682825436,5.637678479,5.013495662,4.906422672,0
31223,5.287412847,5.535194614,4.428783127,5.172100057,0
31227,5.63491413,5.409320621,5.263709167,4.570494289,0
31228,5.200248904,5.170843977,4.756356897,4.690876715,0
31229,5.429415033,5.342174241,4.953329378,4.709000647,0
31232,5.625678215,5.290174121,5.423790418,4.36516416,0
31238,5.135020258,5.109535728,4.70956578,4.669165217,0
31243,4.915090044,4.776776237,4.747916361,4.349393762,0
31244,5.68455717,5.707693204,4.860406249,5.048568133,0
31245,5.292030804,5.293260215,4.75730228,4.790798852,0
31253,5.724387052,5.565893775,5.26590352,4.698046119,0
31258,4.840625484,4.812933123,4.621669158,4.467794866,0
31260,5.531587337,5.71564499,4.688837932,5.152876663,0
31264,4.964733085,4.974110496,4.792842011,4.498241928,0
31269,5.472131137,5.461477275,4.94183166,4.812241211,0
31273,5.251623679,5.13584842,4.885935576,4.578617132,0
31277,5.028229997,5.199491571,4.606758742,4.808267117,0
31281,5.249891945,5.176942707,4.900927215,4.604108028,0
31283,5.620483014,5.740648563,4.898597046,5.050704065,0
31284,5.489448477,5.674410783,4.662100912,5.138512086,0
31288,4.702086766,4.718683507,4.500444466,4.463829361,0
31292,5.532164581,5.66703354,4.674248413,5.126211863,0
31306,5.557563346,5.295022323,5.33582855,4.42649635,0
31307,5.667817075,5.3271679,5.473842439,4.365370309,0
31310,4.550271422,4.577100953,4.369110838,4.422923101,0
31318,4.949147479,5.11148935,4.365614254,4.887056119,0
31331,5.240078785,5.024788379,5.022785712,4.391525463,0
31332,5.540246006,5.747185416,4.598311548,5.226537709,0
31336,5.260282348,5.675321133,4.380974725,5.298540973,0
31341,4.952610947,5.079652471,4.490913411,4.782844937,0
31342,4.75461603,4.839042932,4.410728981,4.63069266,0
31343,5.234306339,5.281316357,4.645511443,4.85012109,0
31351,4.935870852,5.134622377,4.34833106,4.916223339,0
31352,5.126361588,5.189583538,4.609838559,4.798306112,0
31358,5.345714557,5.417402707,4.662497706,4.946550147,0
31359,5.80231508,5.699250825,5.155741137,4.869318715,0
31367,5.792501921,5.757012121,5.10078511,4.94549077,0
31368,5.667239831,5.623390098,5.127342374,4.827547774,0
31372,5.181777075,5.333000784,4.5570649,4.944711985,0
31373,5.02245755,4.953620194,4.891456078,4.41463992,0
31374,5.331860686,5.362865676,4.865824223,4.779970303,0
31388,5.087108952,5.112761741,4.791345377,4.619615014,0
31391,5.01379888,5.258942392,4.384540549,4.991593703,0
31393,5.464049712,5.57837982,4.792381304,4.99203177,0
31399,5.08191375,5.126372388,4.513773031,4.806795442,0
31404,5.053628762,4.975779907,4.737378673,4.536136123,0
31413,5.107889759,5.313054418,4.453671991,4.991642377,0
31414,4.885650567,4.793059341,4.756836246,4.358427096,0
31415,5.649922491,5.612864672,4.962654047,4.917586213,0
31416,4.676110757,4.720201631,4.449324562,4.499664929,0
31420,4.767892657,4.884168644,4.383804215,4.687174622,0
31421,5.03977489,4.886769393,4.769013041,4.43593912,0
31422,5.16503698,5.345801647,4.605593657,4.925319663,0
31423,5.501570614,5.242248275,5.116169549,4.522155212,0
31426,5.366495365,5.613823119,4.536751156,5.16672873,0
31430,5.192744724,5.27372049,4.662801294,4.833411568,0
31431,5.145410662,5.359857412,4.425422358,5.044281951,0
31436,5.457122776,5.143253647,5.233359719,4.358822215,0
31438,5.429415033,5.352117253,4.996241763,4.690441511,0
31439,5.066905389,5.202607398,4.558385773,4.840801437,0
31441,5.125207099,5.062525479,4.766816025,4.592383304,0
31444,5.023034795,5.232030671,4.46675156,4.920609731,0
31445,4.723444819,4.825733112,4.44053916,4.599483992,0
31449,5.259705104,5.431916707,4.466842104,5.073950228,0
31457,4.751729807,4.727640089,4.555596228,4.434705089,0
31465,5.48367603,5.695496617,4.576971198,5.202137684,0
31467,5.069214367,5.126130152,4.773609465,4.642320036,0
31470,5.072100591,5.012907484,4.790619696,4.533848441,0
31474,5.399975555,5.470133905,4.797499685,4.906270923,0
31479,5.075564059,5.080218269,4.734563829,4.62831622,0
31483,5.364763631,5.211570976,4.979375337,4.583464497,0
31485,5.1898585,5.188869076,4.798177432,4.679478393,0
31492,5.062864676,5.281549847,4.420527673,4.987327564,0
31494,4.845243441,4.941300303,4.34601687,4.759879366,0
31495,5.234306339,5.467945918,4.464739626,5.101983629,0
31500,5.435187479,5.287024188,5.081073215,4.58278306,0
31503,4.745380116,4.671579687,4.549073088,4.387396757,0
31509,5.001676743,5.083425919,4.616007514,4.706790272,0
31511,5.330128952,5.149783504,5.148284598,4.420555251,0
31519,5.002253987,5.03157009,4.551591001,4.704302168,0
31523,5.092304154,5.188205334,4.506846438,4.861121429,0
31524,5.128670567,5.114821178,4.900446534,4.551147778,0
31527,5.689175128,5.590839631,5.215786253,4.748572666,0
31529,5.485407764,5.52406666,4.86575099,4.907084066,0
31531,5.361300163,5.358255336,4.841161719,4.791440205,0
31534,5.825404866,5.836415429,5.052430782,5.032293815,0
31535,5.127516078,5.268879283,4.578758104,4.881183735,0
31545,5.107312515,5.021422446,4.863328946,4.493735282,0
31558,4.862560781,4.80921302,4.553905192,4.509729008,0
31561,4.887382301,4.891530146,4.579513079,4.565775767,0
31564,5.092881398,5.141446939,4.591910907,4.770161047,0
31571,5.814437218,5.716757349,5.195609656,4.859142972,0
31577,4.951456458,4.896804228,4.669367043,4.511172051,0
31578,5.253355413,5.294847424,4.878542949,4.716774183,0
31584,5.396512087,5.684833894,4.49543527,5.240764853,0
31589,5.126938833,5.346224029,4.428970872,5.03182139,0
31591,5.667817075,5.449903329,5.315948884,4.571716867,0
31592,5.370536078,5.475469202,4.679770247,4.980733659,0
31596,4.915667289,5.088389554,4.401400317,4.846146995,0
31598,5.52581489,5.511015691,4.926033117,4.860780711,0
31599,4.900081683,5.015268622,4.415016491,4.777602453,0
31602,5.345137313,5.557370068,4.537946866,5.125095222,0
31609,5.494066434,5.194652114,5.240749683,4.399865908,0
31611,5.24065603,5.479460399,4.478265256,5.102584897,0
31612,4.883341588,4.935780488,4.524618301,4.640121113,0
31613,5.245273987,5.231897747,4.961663392,4.611993228,0
31614,5.040352135,5.065205807,4.610646794,4.694910936,0
31616,5.247005721,5.197022871,4.782617232,4.696102019,0
31619,5.499261636,5.299054621,5.188238334,4.524797928,0
31620,5.319161303,5.623473175,4.401613361,5.250671457,0
31630,4.809454272,4.831227567,4.484854973,4.575092557,0
31631,5.165614225,5.249620271,4.694984251,4.794097236,0
31639,5.406902491,5.5363026,4.607859913,5.068873809,0
31641,5.323779261,5.513941752,4.509208563,5.10995186,0
31644,5.431146767,5.397237718,4.938762495,4.762765452,0
31645,5.378040258,5.730806992,4.380012032,5.337268353,0
31652,5.271249997,5.498967768,4.538673878,5.081669363,0
31653,4.920862491,4.85979121,4.689748695,4.46453084,0
31665,5.640686577,5.557630668,5.075186543,4.807390983,0
31667,5.040352135,5.120855196,4.528849887,4.7928403,0
31674,5.321470282,5.390901999,4.767078336,4.862716221,0
31675,5.611824344,5.421087831,5.263975472,4.580200471,0
31679,5.304152942,5.332612508,4.785782266,4.804917195,0
31680,5.437496458,5.721837292,4.533688649,5.245151245,0
31689,5.350332515,5.257489855,5.02214658,4.595203537,0
31700,5.098653845,5.032265314,4.722119397,4.595217853,0
31710,5.664353607,5.508052026,5.297954656,4.631193716,0
31713,5.423065341,5.593175408,4.551918556,5.143084585,0
31719,5.370536078,5.336385081,4.868953307,4.756638245,0
31722,5.20717584,5.089386479,4.937534829,4.50495895,0
31725,5.259705104,5.392751556,4.530130814,5.006860182,0
31728,5.310502633,5.19599359,4.998673127,4.557798946,0
31732,5.812128239,5.749135541,5.044155355,4.972622269,0
31735,4.960692372,5.018449161,4.775887705,4.54830464,0
31736,4.641476078,4.670672835,4.44206642,4.459494506,0
31745,4.801950092,4.733499208,4.62701523,4.391608495,0
31746,4.945106766,5.037814862,4.412237598,4.797996888,0
31756,5.259705104,5.224013297,4.842892701,4.680554949,0
31757,5.647613512,5.427369331,5.498788559,4.436852474,0
31761,5.674744011,5.474641929,5.201331219,4.663616373,0
31770,4.891423013,4.929985207,4.576240191,4.601511124,0
31773,5.203712372,5.071128764,4.993553414,4.452247796,0
31774,4.711899926,4.668571423,4.528505022,4.398671962,0
31777,5.544863964,5.355201599,5.160185768,4.590233056,0
31780,5.293185294,5.165890835,5.003369415,4.528849328,0
31781,5.334746909,5.456287145,4.62494604,4.998734475,0
31791,4.949724724,4.913757196,4.606168876,4.567768541,0
31792,5.094035888,4.994397914,4.910446286,4.438679183,0
31800,5.212371042,5.248380237,4.726101988,4.773760065,0
31803,5.180045341,5.373382358,4.484988125,5.019045878,0
31820,5.120589142,4.99067956,4.90508823,4.438896785,0
31823,5.02245755,4.919946,4.826328531,4.427644486,0
31824,4.961269617,5.073647311,4.546685664,4.742631566,0
31827,4.891423013,4.839161864,4.645419567,4.475554086,0
31829,5.320315793,5.673784645,4.401135344,5.28616058,0
31836,5.04727907,4.951939414,4.783040656,4.485036939,0
31837,5.283949379,5.403873389,4.726883593,4.897263357,0
31838,5.120011897,5.23182429,4.672406914,4.793684938,0
31844,5.480212562,5.60394307,4.753834989,5.033782668,0
31846,5.23199736,5.19445885,4.843549143,4.655427676,0
31847,5.282217645,5.238370762,4.942095302,4.629865201,0
31856,5.260282348,5.657556634,4.435703062,5.255347031,0
31858,5.092304154,5.337056694,4.52489659,4.967265258,0
31859,5.350332515,5.632860009,4.390310046,5.263670297,0
31863,5.607206386,5.791703353,4.739742129,5.178155684,0
31872,5.085954462,5.026931767,4.776104743,4.555554213,0
31873,5.248737455,5.11712285,4.912519471,4.545335522,0
31888,5.120011897,5.255977853,4.628923305,4.840074189,0
31897,4.523140923,4.521331758,4.371415708,4.369000822,0
31898,5.296071517,5.537303897,4.43806785,5.168269121,0
31903,5.159841778,5.209141628,4.690899132,4.763681669,0
31905,5.138483726,5.233066073,4.701241086,4.776763541,0
31907,4.978009712,4.798136661,4.766690862,4.356431459,0
31910,5.171386671,5.110809867,4.812089204,4.604637717,0
31920,5.609515365,5.463044371,5.246592414,4.625979865,0
31925,4.920862491,4.976323844,4.557668081,4.653515072,0
31927,5.756135508,5.488593629,5.55914392,4.451102524,0
31928,5.660890139,5.413311818,5.263787727,4.573798399,0
31932,5.272981731,5.232258039,4.919727015,4.638898535,0
31939,5.679939213,5.612343473,5.100367011,4.835100845,0
31943,5.099231089,5.278276611,4.418150901,4.986233829,0
31945,5.7948109,5.714858819,5.202716005,4.853473874,0
31946,5.020148572,5.070935501,4.591969494,4.711617594,0
31950,4.81407223,4.852169983,4.392082306,4.654270951,0
31952,5.244696743,5.358853491,4.624996638,4.923753504,0
31955,5.247005721,5.210827655,4.76026226,4.721615821,0
31969,4.899504439,5.045542778,4.357706327,4.838648325,0
31972,4.950301968,5.036715621,4.392533693,4.809518327,0
31980,4.987822871,4.959960286,4.712670896,4.538443846,0
31985,4.932407384,4.778821681,4.750484872,4.34954551,0
32000,4.902967907,4.931344173,4.566219134,4.609227395,0
32006,5.780379783,5.600454708,5.379691644,4.656320989,0
32007,5.283949379,5.194627628,4.958009688,4.582679985,0
32011,5.331283441,5.269306911,4.801116107,4.744129009,0
32012,5.170232182,5.451646198,4.45375854,5.0963403,0
32013,5.392471375,5.32674202,5.016968279,4.656521411,0
32017,4.927789427,5.013583469,4.455858355,4.750261942,0
32022,5.434610234,5.680132607,4.652471323,5.148149552,0
32032,5.432301256,5.446025816,4.867388765,4.845245093,0
32035,5.203712372,5.336880045,4.532572831,4.962503789,0
32037,5.208330329,5.262132551,4.740300038,4.776116462,0
32049,4.954342681,4.888557736,4.76254183,4.441874493,0
32054,5.323202016,5.196992263,4.937480237,4.597809031,0
32056,5.736509189,5.383000058,5.474377712,4.41401002,0
32057,4.84755242,4.837566784,4.606168876,4.500291965,0
32074,5.010912657,4.867465782,4.82430195,4.381295319,0
32078,5.252778168,5.329975904,4.808546016,4.788774584,0
32082,5.514847242,5.769922296,4.492054528,5.301804998,0
32085,4.945106766,5.094356237,4.40070393,4.851418111,0
32086,5.084799973,5.024768265,4.673911538,4.619941417,0
32091,4.788673465,4.958748235,4.355737002,4.768265621,0
32096,5.161573512,5.030309068,4.86961108,4.497454553,0
32097,4.872951184,4.878631339,4.531784568,4.585829484,0
32099,5.698988287,5.514413105,5.2353863,4.675060505,0
34291,5.147719641,4.988260706,4.945444087,4.409964346,0
34294,5.16619147,5.316269063,4.523350689,4.952096128,0
34300,5.305884676,5.345064448,4.646395575,4.900003421,0
34306,5.466935935,5.448468282,4.822464446,4.874357913,0
34311,5.002831232,4.897140034,4.752677894,4.456178943,0
34314,5.109621493,5.33675062,4.39942966,5.042257683,0
34326,5.008603679,4.849154723,4.823931787,4.364734683,0
34327,5.008603679,5.018015412,4.646404896,4.631912375,0
34337,5.795388144,5.447766936,5.602828589,4.387977982,0
34338,5.579498643,5.634585389,4.887251122,4.97854619,0
34339,5.294917028,5.076529648,5.064057658,4.410671551,0
34345,5.475594605,5.39952977,5.04883966,4.696625981,0
34348,5.664353607,5.618419467,5.018892333,4.888444761,0
34349,4.864869759,4.908441138,4.467486562,4.653695452,0
34350,4.720558595,4.737216688,4.392198148,4.553223584,0
34352,5.419601873,5.38278056,4.844334743,4.80913466,0
34355,5.431146767,5.56591039,4.80851406,4.973097557,0
34365,5.633759641,5.549236387,5.101305736,4.784957964,0
34366,4.71247717,4.707140168,4.491262271,4.459505959,0
34367,5.252200923,5.220208367,4.86475634,4.663579151,0
34370,5.65973565,5.310987111,5.441170813,4.37228489,0
34378,5.339364866,5.345990539,4.815789512,4.797195198,0
34384,4.805990804,4.881834616,4.385295523,4.684208367,0
34390,5.427683299,5.193063156,5.183044056,4.436105184,0
34395,5.456545531,5.315112106,5.12952208,4.575816942,0
34400,4.781746529,4.900167537,4.393645516,4.694472869,0
34403,5.29895774,5.24068905,4.854615447,4.687040053,0
34404,5.139060971,5.307114846,4.649179794,4.868385318,0
34408,4.848706909,4.997475264,4.532919027,4.68746094,0
34418,5.442114415,5.453613813,4.885082068,4.840495077,0
34420,4.759233987,4.728364171,4.478769904,4.487241589,0
34422,5.713419403,5.467580379,5.337566191,4.572959487,0
34429,5.44269166,5.820785572,4.468403982,5.349574303,0
34431,5.020725816,4.899422467,4.774225962,4.443875856,0
34432,5.531010092,5.710555427,4.847507767,5.058125429,0
34433,5.54313223,5.266340623,5.339105433,4.399175882,0
34443,5.392471375,5.192815673,5.13143415,4.469421153,0
34446,4.927212182,4.847722299,4.631126979,4.492767527,0
34448,4.688232895,4.687754354,4.441039814,4.475797456,0
34452,5.524083156,5.758969242,4.647522045,5.207090986,0
34453,5.196785436,5.357532129,4.548006536,4.969160684,0
34457,5.571417218,5.472310524,5.072193275,4.741280145,0
34460,5.222761446,5.458113966,4.543266308,5.048487964,0
34461,5.658003916,5.639723049,5.075028092,4.871451785,0
34464,4.881609854,4.844561873,4.636129518,4.486603099,0
34465,5.445577883,5.401163328,4.934289903,4.768675056,0
34471,5.234306339,5.453760728,4.589539461,5.017834753,0
34472,5.180622586,5.039614574,4.931044977,4.465366889,0
34474,5.757867242,5.718814162,5.06729859,4.936340045,0
34481,5.620483014,5.816796999,4.679511931,5.229652849,0
34485,5.02361204,5.217688946,4.504251296,4.886265881,0
34486,4.822730899,4.894980905,4.496674919,4.62305942,0
34487,5.416138405,5.384763915,4.875552344,4.7915805,0
34491,5.259705104,5.558110766,4.490905422,5.152848031,0
34494,5.226802158,5.308117017,4.662985044,4.860732037,0
34495,5.038043156,4.89596034,4.855355775,4.386457634,0
34498,4.6714928,4.808058686,4.34505684,4.646803777,0
34505,4.868910472,4.754185397,4.686100317,4.370535487,0
34519,4.974546244,5.180567491,4.398015581,4.922089996,0
34520,5.745167859,5.423371138,5.501897669,4.431409568,0
34523,5.351487004,5.278844158,4.950779507,4.658265088,0
34526,5.060555698,4.953419935,4.776429635,4.49071749,0
34527,5.50849755,5.370915406,5.16584608,4.599853342,0
34528,5.351487004,5.625153081,4.455709224,5.221134887,0
34530,5.536782538,5.197976071,5.319235087,4.351383672,0
34533,5.109044249,5.232627076,4.542984024,4.874337871,0
34535,4.938757075,4.937158693,4.46904844,4.677296649,0
34539,5.275867954,5.341382822,4.719901077,4.852317149,0
34542,5.825404866,5.757806163,5.108386785,4.941648382,0
34545,5.255087147,5.500315365,4.409642456,5.157852871,0
34549,5.736509189,5.489604545,5.292918829,4.619113958,0
34552,5.386698928,5.217843732,5.057533186,4.538793154,0
34553,5.566222016,5.324301304,5.220980532,4.52551086,0
34554,5.491757455,5.309838024,5.026631156,4.636376073,0
34558,5.167345959,5.454738414,4.447179475,5.102493275,0
34562,5.313966101,5.191002845,4.910092101,4.610198013,0
34565,5.47501736,5.810586332,4.544978649,5.300321871,0
34568,5.040929379,5.097647837,4.671308406,4.683532657,0
34570,5.340519356,5.416109329,4.674117924,4.938573326,0
34580,5.099808334,5.179435894,4.545175714,4.83030788,0
34581,4.968196553,5.05702053,4.453297832,4.787912766,0
34590,5.713419403,5.338784696,5.426844936,4.406010294,0
34591,5.22333869,5.197949836,4.72497685,4.733140123,0
34595,5.562758548,5.560179822,4.925541784,4.899221773,0
34600,5.383812705,5.356015754,4.882493584,4.764165547,0
34612,4.958960638,5.019909569,4.505889072,4.723680174,0
34616,5.816746196,5.483119287,5.513876067,4.47509884,0
34620,5.460586244,5.252660017,5.157496087,4.504592463,0
34622,4.901236173,5.021364729,4.420184139,4.779380488,0
34628,5.158110044,5.126746672,4.833052732,4.604795192,0
34630,5.576035175,5.448707894,5.286382373,4.589242395,0
34633,5.4005528,5.67130545,4.485502094,5.236862338,0
34634,5.554099878,5.842290289,4.635576935,5.271818909,0
34639,5.490025721,5.33618832,5.078651171,4.625653462,0
34643,5.032270709,5.246837627,4.448625511,4.943297574,0
34644,5.840990472,5.787485662,5.193845386,4.914030142,0
34645,5.367649854,5.153632158,5.045550793,4.490895007,0
34658,5.007449189,5.330497104,4.407345576,5.032777692,0
34660,5.505611327,5.33875234,5.178048174,4.565071425,0
34661,5.003985721,5.14466071,4.409979332,4.886151354,0
34670,4.965310329,5.058811497,4.618730482,4.684362979,0
34671,4.976855222,4.935358981,4.663763986,4.548923087,0
34673,5.051319783,5.218440138,4.38706512,4.958569779,0
34674,5.202557883,5.44772671,4.404008774,5.122589939,0
34678,5.006871945,5.071709429,4.589157314,4.714054161,0
34688,5.66839432,5.444314429,5.4225521,4.49983672,0
34691,5.825404866,5.510885391,5.545899242,4.478503162,0
34694,5.688597883,5.595506813,5.151217947,4.791334267,0
34696,5.26663204,5.578577456,4.399445639,5.220095552,0
34699,5.315697835,5.465331177,4.560777192,5.043569019,0
34706,5.24065603,5.303984152,4.710571081,4.828240664,0
34716,4.952033702,5.031779969,4.612862452,4.665239796,0
34719,5.227956648,5.422856061,4.616500178,4.978282777,0
34720,5.129825056,5.020879384,4.893053908,4.473733103,0
34721,5.335901398,5.638448909,4.398176695,5.263146335,0
34723,4.963578595,5.026814584,4.599400735,4.669666273,0
34726,5.461740733,5.453266638,4.838382826,4.868494119,0
34734,4.707281968,4.6854212,4.49848313,4.434705089,0
34737,5.736509189,5.549544209,5.265646535,4.684987152,0
34743,5.163305246,5.162022067,4.745325213,4.690490185,0
34760,5.233729094,5.461785098,4.499202154,5.077188485,0
34778,4.726908287,4.803350403,4.378627247,4.620642896,0
34783,5.09057242,4.935911662,4.896360084,4.395342083,0
34784,4.52775888,4.611832412,4.365622243,4.457470237,0
34791,4.694005341,4.839148746,4.382121168,4.649509482,0
34792,5.510806529,5.5762924,4.878355204,4.939647019,0
34794,4.93933432,4.832479844,4.749797805,4.399470789,0
34795,5.184663299,5.049735109,4.904940431,4.491427558,0
34796,5.663776363,5.295376494,5.414072949,4.37609292,0
34797,5.455391042,5.169906518,5.275093705,4.355251829,0
34799,4.853324866,4.791520229,4.633728779,4.440282565,0
34801,5.459431755,5.349875047,4.993347027,4.690401427,0
34809,5.241233275,5.151908528,4.976824135,4.533885663,0
34816,5.568530995,5.315509127,5.362958371,4.426885743,0
34819,4.982050424,5.098716471,4.490137132,4.798996138,0
34820,4.715363393,4.791169556,4.504147437,4.52675348,0
34821,5.102117313,4.920975281,4.858618011,4.407018133,0
34822,5.443268904,5.378317135,4.926045101,4.755324045,0
34823,5.438073702,5.563768751,4.822356593,4.9632883,0
34836,5.158687289,5.032599371,4.920677724,4.465959568,0
34839,5.449041351,5.751235204,4.470780754,5.300791433,0
34840,4.748266339,4.732609846,4.521201608,4.462497982,0
34842,5.262591327,5.134435235,5.066957719,4.460138722,0
34850,5.129825056,5.376739546,4.357767577,5.097084727,0
34851,5.130402301,5.373082406,4.396110169,5.071668273,0
34854,5.241810519,5.237827701,4.767231461,4.739484931,0
34855,5.227379403,5.41642677,4.502720042,5.041109547,0
34859,5.191590234,5.071254692,4.869263552,4.533550671,0
34872,5.440959926,5.340054464,5.070382401,4.634074076,0
34873,5.095767622,5.1146524,4.737683592,4.655550793,0
34876,5.610669854,5.595045954,4.95604702,4.907862852,0
34877,4.878146386,4.836818216,4.65690397,4.465770598,0
34878,5.660890139,5.624332804,5.035493786,4.883119245,0
34882,5.050742538,4.910611636,4.857129366,4.398608972,0
34887,5.386121683,5.325617419,4.981146265,4.678023897,0
34893,5.520042443,5.806205985,4.550226188,5.294403677,0
34895,5.390739641,5.384989535,4.854986942,4.804373191,0
34898,5.495220923,5.446706174,4.924766837,4.810906969,0
34899,4.919130757,5.149482677,4.462389484,4.85754818,0
34900,5.176581873,5.370178207,4.483930894,5.017239211,0
34901,4.647248524,4.55862374,4.418710141,4.371400167,0
34904,5.020725816,4.9010123,4.794198835,4.431985067,0
34905,5.012067146,4.927325866,4.702978726,4.516036595,0
34908,5.134443013,5.146465668,4.688008392,4.713776433,0
34913,5.319738548,5.333140703,4.782184486,4.807554185,0
34914,5.305884676,5.078617068,5.088649592,4.396312701,0
34925,5.576035175,5.521768486,5.177897712,4.716338979,0
34927,5.230842871,5.445306981,4.443630961,5.097580057,0
34929,4.741339403,4.719057791,4.557893109,4.425273772,0
34935,5.459431755,5.344946391,4.935987597,4.722048161,0
34945,4.59471926,4.589387614,4.432107945,4.391038722,0
34947,5.669548809,5.44348803,5.188005318,4.646288404,0
34956,5.070946101,4.936970676,4.842667674,4.432108184,0
34960,5.342828334,5.5355654,4.577004486,5.086356389,0
34962,5.322047527,5.58178598,4.355187082,5.247604991,0
34964,5.326665484,5.081067404,5.021057392,4.443005449,0
34969,5.200248904,5.430822714,4.395805249,5.114905163,0
34970,5.504456838,5.290854478,5.187873497,4.518000737,0
34972,5.414983916,5.410025464,4.862087964,4.819983251,0
34981,5.427106054,5.439615765,4.799960344,4.881031987,0
34982,5.180622586,5.053488443,4.898337399,4.499052208,0
34988,5.596238738,5.697079453,4.93559746,4.997048062,0
34989,5.560449569,5.37389831,5.073649963,4.660114703,0
34992,5.341673845,5.442235753,4.639592814,4.979313522,0
34993,5.505034082,5.649320636,4.675425481,5.112677608,0
35000,5.304730187,5.354118099,4.766923879,4.833677844,0
35003,5.798274368,5.763775468,5.035697509,4.988438478,0
35006,5.426528809,5.636788242,4.636003023,5.126280579,0
35007,5.477903584,5.194878608,5.258873068,4.388212763,0
35008,5.089995175,5.143641923,4.502873168,4.827653712,0
35014,5.843876695,5.495644685,5.481088598,4.506436351,0
35017,5.661467384,5.745135599,4.885308427,5.061647141,0
35019,5.682825436,5.637678479,5.013495662,4.906422672,0
35033,5.287412847,5.535194614,4.428783127,5.172100057,0
35037,5.63491413,5.409320621,5.263709167,4.570494289,0
35038,5.200248904,5.170843977,4.756356897,4.690876715,0
35039,5.429415033,5.342174241,4.953329378,4.709000647,0
35042,5.625678215,5.290174121,5.423790418,4.36516416,0
35048,5.135020258,5.109535728,4.70956578,4.669165217,0
35053,4.915090044,4.776776237,4.747916361,4.349393762,0
35054,5.68455717,5.707693204,4.860406249,5.048568133,0
35055,5.292030804,5.293260215,4.75730228,4.790798852,0
35063,5.724387052,5.565893775,5.26590352,4.698046119,0
35068,4.840625484,4.812933123,4.621669158,4.467794866,0
35070,5.531587337,5.71564499,4.688837932,5.152876663,0
35074,4.964733085,4.974110496,4.792842011,4.498241928,0
35079,5.472131137,5.461477275,4.94183166,4.812241211,0
35083,5.251623679,5.13584842,4.885935576,4.578617132,0
35087,5.028229997,5.199491571,4.606758742,4.808267117,0
35091,5.249891945,5.176942707,4.900927215,4.604108028,0
35093,5.620483014,5.740648563,4.898597046,5.050704065,0
35094,5.489448477,5.674410783,4.662100912,5.138512086,0
35098,4.702086766,4.718683507,4.500444466,4.463829361,0
35102,5.532164581,5.66703354,4.674248413,5.126211863,0
35116,5.557563346,5.295022323,5.33582855,4.42649635,0
35117,5.667817075,5.3271679,5.473842439,4.365370309,0
35120,4.550271422,4.577100953,4.369110838,4.422923101,0
35128,4.949147479,5.11148935,4.365614254,4.887056119,0
35141,5.240078785,5.024788379,5.022785712,4.391525463,0
35142,5.540246006,5.747185416,4.598311548,5.226537709,0
35146,5.260282348,5.675321133,4.380974725,5.298540973,0
35151,4.952610947,5.079652471,4.490913411,4.782844937,0
35152,4.75461603,4.839042932,4.410728981,4.63069266,0
35153,5.234306339,5.281316357,4.645511443,4.85012109,0
35161,4.935870852,5.134622377,4.34833106,4.916223339,0
35162,5.126361588,5.189583538,4.609838559,4.798306112,0
35168,5.345714557,5.417402707,4.662497706,4.946550147,0
35169,5.80231508,5.699250825,5.155741137,4.869318715,0
35177,5.792501921,5.757012121,5.10078511,4.94549077,0
35178,5.667239831,5.623390098,5.127342374,4.827547774,0
35182,5.181777075,5.333000784,4.5570649,4.944711985,0
35183,5.02245755,4.953620194,4.891456078,4.41463992,0
35184,5.331860686,5.362865676,4.865824223,4.779970303,0
35198,5.087108952,5.112761741,4.791345377,4.619615014,0
35201,5.01379888,5.258942392,4.384540549,4.991593703,0
35203,5.464049712,5.57837982,4.792381304,4.99203177,0
35209,5.08191375,5.126372388,4.513773031,4.806795442,0
35214,5.053628762,4.975779907,4.737378673,4.536136123,0
35223,5.107889759,5.313054418,4.453671991,4.991642377,0
35224,4.885650567,4.793059341,4.756836246,4.358427096,0
35225,5.649922491,5.612864672,4.962654047,4.917586213,0
35226,4.676110757,4.720201631,4.449324562,4.499664929,0
35230,4.767892657,4.884168644,4.383804215,4.687174622,0
35231,5.03977489,4.886769393,4.769013041,4.43593912,0
35232,5.16503698,5.345801647,4.605593657,4.925319663,0
35233,5.501570614,5.242248275,5.116169549,4.522155212,0
35236,5.366495365,5.613823119,4.536751156,5.16672873,0
35240,5.192744724,5.27372049,4.662801294,4.833411568,0
35241,5.145410662,5.359857412,4.425422358,5.044281951,0
35246,5.457122776,5.143253647,5.233359719,4.358822215,0
35248,5.429415033,5.352117253,4.996241763,4.690441511,0
35249,5.066905389,5.202607398,4.558385773,4.840801437,0
35251,5.125207099,5.062525479,4.766816025,4.592383304,0
35254,5.023034795,5.232030671,4.46675156,4.920609731,0
35255,4.723444819,4.825733112,4.44053916,4.599483992,0
35259,5.259705104,5.431916707,4.466842104,5.073950228,0
35267,4.751729807,4.727640089,4.555596228,4.434705089,0
35275,5.48367603,5.695496617,4.576971198,5.202137684,0
35277,5.069214367,5.126130152,4.773609465,4.642320036,0
35280,5.072100591,5.012907484,4.790619696,4.533848441,0
35284,5.399975555,5.470133905,4.797499685,4.906270923,0
35289,5.075564059,5.080218269,4.734563829,4.62831622,0
35293,5.364763631,5.211570976,4.979375337,4.583464497,0
35295,5.1898585,5.188869076,4.798177432,4.679478393,0
35302,5.062864676,5.281549847,4.420527673,4.987327564,0
35304,4.845243441,4.941300303,4.34601687,4.759879366,0
35305,5.234306339,5.467945918,4.464739626,5.101983629,0
35310,5.435187479,5.287024188,5.081073215,4.58278306,0
35313,4.745380116,4.671579687,4.549073088,4.387396757,0
35319,5.001676743,5.083425919,4.616007514,4.706790272,0
35321,5.330128952,5.149783504,5.148284598,4.420555251,0
35329,5.002253987,5.03157009,4.551591001,4.704302168,0
35333,5.092304154,5.188205334,4.506846438,4.861121429,0
35334,5.128670567,5.114821178,4.900446534,4.551147778,0
35337,5.689175128,5.590839631,5.215786253,4.748572666,0
35339,5.485407764,5.52406666,4.86575099,4.907084066,0
35341,5.361300163,5.358255336,4.841161719,4.791440205,0
35344,5.825404866,5.836415429,5.052430782,5.032293815,0
35345,5.127516078,5.268879283,4.578758104,4.881183735,0
35355,5.107312515,5.021422446,4.863328946,4.493735282,0
35368,4.862560781,4.80921302,4.553905192,4.509729008,0
35371,4.887382301,4.891530146,4.579513079,4.565775767,0
35374,5.092881398,5.141446939,4.591910907,4.770161047,0
35381,5.814437218,5.716757349,5.195609656,4.859142972,0
35387,4.951456458,4.896804228,4.669367043,4.511172051,0
35388,5.253355413,5.294847424,4.878542949,4.716774183,0
35394,5.396512087,5.684833894,4.49543527,5.240764853,0
35399,5.126938833,5.346224029,4.428970872,5.03182139,0
35401,5.667817075,5.449903329,5.315948884,4.571716867,0
35402,5.370536078,5.475469202,4.679770247,4.980733659,0
35406,4.915667289,5.088389554,4.401400317,4.846146995,0
35408,5.52581489,5.511015691,4.926033117,4.860780711,0
35409,4.900081683,5.015268622,4.415016491,4.777602453,0
35412,5.345137313,5.557370068,4.537946866,5.125095222,0
35419,5.494066434,5.194652114,5.240749683,4.399865908,0
35421,5.24065603,5.479460399,4.478265256,5.102584897,0
35422,4.883341588,4.935780488,4.524618301,4.640121113,0
35423,5.245273987,5.231897747,4.961663392,4.611993228,0
35424,5.040352135,5.065205807,4.610646794,4.694910936,0
35426,5.247005721,5.197022871,4.782617232,4.696102019,0
35429,5.499261636,5.299054621,5.188238334,4.524797928,0
35430,5.319161303,5.623473175,4.401613361,5.250671457,0
35440,4.809454272,4.831227567,4.484854973,4.575092557,0
35441,5.165614225,5.249620271,4.694984251,4.794097236,0
35449,5.406902491,5.5363026,4.607859913,5.068873809,0
35451,5.323779261,5.513941752,4.509208563,5.10995186,0
35454,5.431146767,5.397237718,4.938762495,4.762765452,0
35455,5.378040258,5.730806992,4.380012032,5.337268353,0
35462,5.271249997,5.498967768,4.538673878,5.081669363,0
35463,4.920862491,4.85979121,4.689748695,4.46453084,0
35475,5.640686577,5.557630668,5.075186543,4.807390983,0
35477,5.040352135,5.120855196,4.528849887,4.7928403,0
35484,5.321470282,5.390901999,4.767078336,4.862716221,0
35485,5.611824344,5.421087831,5.263975472,4.580200471,0
35489,5.304152942,5.332612508,4.785782266,4.804917195,0
35490,5.437496458,5.721837292,4.533688649,5.245151245,0
35499,5.350332515,5.257489855,5.02214658,4.595203537,0
35510,5.098653845,5.032265314,4.722119397,4.595217853,0
35520,5.664353607,5.508052026,5.297954656,4.631193716,0
35523,5.423065341,5.593175408,4.551918556,5.143084585,0
35529,5.370536078,5.336385081,4.868953307,4.756638245,0
35532,5.20717584,5.089386479,4.937534829,4.50495895,0
35535,5.259705104,5.392751556,4.530130814,5.006860182,0
35538,5.310502633,5.19599359,4.998673127,4.557798946,0
35542,5.812128239,5.749135541,5.044155355,4.972622269,0
35545,4.960692372,5.018449161,4.775887705,4.54830464,0
35546,4.641476078,4.670672835,4.44206642,4.459494506,0
35555,4.801950092,4.733499208,4.62701523,4.391608495,0
35556,4.945106766,5.037814862,4.412237598,4.797996888,0
35566,5.259705104,5.224013297,4.842892701,4.680554949,0
35567,5.647613512,5.427369331,5.498788559,4.436852474,0
35571,5.674744011,5.474641929,5.201331219,4.663616373,0
35580,4.891423013,4.929985207,4.576240191,4.601511124,0
35583,5.203712372,5.071128764,4.993553414,4.452247796,0
35584,4.711899926,4.668571423,4.528505022,4.398671962,0
35587,5.544863964,5.355201599,5.160185768,4.590233056,0
35590,5.293185294,5.165890835,5.003369415,4.528849328,0
35591,5.334746909,5.456287145,4.62494604,4.998734475,0
35601,4.949724724,4.913757196,4.606168876,4.567768541,0
35602,5.094035888,4.994397914,4.910446286,4.438679183,0
35610,5.212371042,5.248380237,4.726101988,4.773760065,0
35613,5.180045341,5.373382358,4.484988125,5.019045878,0
35630,5.120589142,4.99067956,4.90508823,4.438896785,0
35633,5.02245755,4.919946,4.826328531,4.427644486,0
35634,4.961269617,5.073647311,4.546685664,4.742631566,0
35637,4.891423013,4.839161864,4.645419567,4.475554086,0
35639,5.320315793,5.673784645,4.401135344,5.28616058,0
35646,5.04727907,4.951939414,4.783040656,4.485036939,0
35647,5.283949379,5.403873389,4.726883593,4.897263357,0
35648,5.120011897,5.23182429,4.672406914,4.793684938,0
35654,5.480212562,5.60394307,4.753834989,5.033782668,0
35656,5.23199736,5.19445885,4.843549143,4.655427676,0
35657,5.282217645,5.238370762,4.942095302,4.629865201,0
35666,5.260282348,5.657556634,4.435703062,5.255347031,0
35668,5.092304154,5.337056694,4.52489659,4.967265258,0
35669,5.350332515,5.632860009,4.390310046,5.263670297,0
35673,5.607206386,5.791703353,4.739742129,5.178155684,0
35682,5.085954462,5.026931767,4.776104743,4.555554213,0
35683,5.248737455,5.11712285,4.912519471,4.545335522,0
35698,5.120011897,5.255977853,4.628923305,4.840074189,0
35707,4.523140923,4.521331758,4.371415708,4.369000822,0
35708,5.296071517,5.537303897,4.43806785,5.168269121,0
35713,5.159841778,5.209141628,4.690899132,4.763681669,0
35715,5.138483726,5.233066073,4.701241086,4.776763541,0
35717,4.978009712,4.798136661,4.766690862,4.356431459,0
35720,5.171386671,5.110809867,4.812089204,4.604637717,0
35730,5.609515365,5.463044371,5.246592414,4.625979865,0
35735,4.920862491,4.976323844,4.557668081,4.653515072,0
35737,5.756135508,5.488593629,5.55914392,4.451102524,0
35738,5.660890139,5.413311818,5.263787727,4.573798399,0
35742,5.272981731,5.232258039,4.919727015,4.638898535,0
35749,5.679939213,5.612343473,5.100367011,4.835100845,0
35753,5.099231089,5.278276611,4.418150901,4.986233829,0
35755,5.7948109,5.714858819,5.202716005,4.853473874,0
35756,5.020148572,5.070935501,4.591969494,4.711617594,0
35760,4.81407223,4.852169983,4.392082306,4.654270951,0
35762,5.244696743,5.358853491,4.624996638,4.923753504,0
35765,5.247005721,5.210827655,4.76026226,4.721615821,0
35779,4.899504439,5.045542778,4.357706327,4.838648325,0
35782,4.950301968,5.036715621,4.392533693,4.809518327,0
35790,4.987822871,4.959960286,4.712670896,4.538443846,0
35795,4.932407384,4.778821681,4.750484872,4.34954551,0
35810,4.902967907,4.931344173,4.566219134,4.609227395,0
35816,5.780379783,5.600454708,5.379691644,4.656320989,0
35817,5.283949379,5.194627628,4.958009688,4.582679985,0
35821,5.331283441,5.269306911,4.801116107,4.744129009,0
35822,5.170232182,5.451646198,4.45375854,5.0963403,0
35823,5.392471375,5.32674202,5.016968279,4.656521411,0
35827,4.927789427,5.013583469,4.455858355,4.750261942,0
35832,5.434610234,5.680132607,4.652471323,5.148149552,0
35842,5.432301256,5.446025816,4.867388765,4.845245093,0
35845,5.203712372,5.336880045,4.532572831,4.962503789,0
35847,5.208330329,5.262132551,4.740300038,4.776116462,0
35859,4.954342681,4.888557736,4.76254183,4.441874493,0
35864,5.323202016,5.196992263,4.937480237,4.597809031,0
35866,5.736509189,5.383000058,5.474377712,4.41401002,0
35867,4.84755242,4.837566784,4.606168876,4.500291965,0
35884,5.010912657,4.867465782,4.82430195,4.381295319,0
35888,5.252778168,5.329975904,4.808546016,4.788774584,0
35892,5.514847242,5.769922296,4.492054528,5.301804998,0
35895,4.945106766,5.094356237,4.40070393,4.851418111,0
35896,5.084799973,5.024768265,4.673911538,4.619941417,0
35901,4.788673465,4.958748235,4.355737002,4.768265621,0
35906,5.161573512,5.030309068,4.86961108,4.497454553,0
35907,4.872951184,4.878631339,4.531784568,4.585829484,0
35909,5.698988287,5.514413105,5.2353863,4.675060505,0
38101,5.147719641,4.988260706,4.945444087,4.409964346,0
38104,5.16619147,5.316269063,4.523350689,4.952096128,0
38110,5.305884676,5.345064448,4.646395575,4.900003421,0
38116,5.466935935,5.448468282,4.822464446,4.874357913,0
38121,5.002831232,4.897140034,4.752677894,4.456178943,0
38124,5.109621493,5.33675062,4.39942966,5.042257683,0
38136,5.008603679,4.849154723,4.823931787,4.364734683,0
38137,5.008603679,5.018015412,4.646404896,4.631912375,0
38147,5.795388144,5.447766936,5.602828589,4.387977982,0
38148,5.579498643,5.634585389,4.887251122,4.97854619,0
38149,5.294917028,5.076529648,5.064057658,4.410671551,0
38155,5.475594605,5.39952977,5.04883966,4.696625981,0
38158,5.664353607,5.618419467,5.018892333,4.888444761,0
38159,4.864869759,4.908441138,4.467486562,4.653695452,0
38160,4.720558595,4.737216688,4.392198148,4.553223584,0
38162,5.419601873,5.38278056,4.844334743,4.80913466,0
38165,5.431146767,5.56591039,4.80851406,4.973097557,0
38175,5.633759641,5.549236387,5.101305736,4.784957964,0
38176,4.71247717,4.707140168,4.491262271,4.459505959,0
38177,5.252200923,5.220208367,4.86475634,4.663579151,0
38180,5.65973565,5.310987111,5.441170813,4.37228489,0
38188,5.339364866,5.345990539,4.815789512,4.797195198,0
38194,4.805990804,4.881834616,4.385295523,4.684208367,0
38200,5.427683299,5.193063156,5.183044056,4.436105184,0
38205,5.456545531,5.315112106,5.12952208,4.575816942,0
38210,4.781746529,4.900167537,4.393645516,4.694472869,0
38213,5.29895774,5.24068905,4.854615447,4.687040053,0
38214,5.139060971,5.307114846,4.649179794,4.868385318,0
38218,4.848706909,4.997475264,4.532919027,4.68746094,0
38228,5.442114415,5.453613813,4.885082068,4.840495077,0
38230,4.759233987,4.728364171,4.478769904,4.487241589,0
38232,5.713419403,5.467580379,5.337566191,4.572959487,0
38239,5.44269166,5.820785572,4.468403982,5.349574303,0
38241,5.020725816,4.899422467,4.774225962,4.443875856,0
38242,5.531010092,5.710555427,4.847507767,5.058125429,0
38243,5.54313223,5.266340623,5.339105433,4.399175882,0
38253,5.392471375,5.192815673,5.13143415,4.469421153,0
38256,4.927212182,4.847722299,4.631126979,4.492767527,0
38258,4.688232895,4.687754354,4.441039814,4.475797456,0
38262,5.524083156,5.758969242,4.647522045,5.207090986,0
38263,5.196785436,5.357532129,4.548006536,4.969160684,0
38267,5.571417218,5.472310524,5.072193275,4.741280145,0
38270,5.222761446,5.458113966,4.543266308,5.048487964,0
38271,5.658003916,5.639723049,5.075028092,4.871451785,0
38274,4.881609854,4.844561873,4.636129518,4.486603099,0
38275,5.445577883,5.401163328,4.934289903,4.768675056,0
38281,5.234306339,5.453760728,4.589539461,5.017834753,0
38282,5.180622586,5.039614574,4.931044977,4.465366889,0
38284,5.757867242,5.718814162,5.06729859,4.936340045,0
38291,5.620483014,5.816796999,4.679511931,5.229652849,0
38295,5.02361204,5.217688946,4.504251296,4.886265881,0
38296,4.822730899,4.894980905,4.496674919,4.62305942,0
38297,5.416138405,5.384763915,4.875552344,4.7915805,0
38301,5.259705104,5.558110766,4.490905422,5.152848031,0
38304,5.226802158,5.308117017,4.662985044,4.860732037,0
38305,5.038043156,4.89596034,4.855355775,4.386457634,0
38308,4.6714928,4.808058686,4.34505684,4.646803777,0
38315,4.868910472,4.754185397,4.686100317,4.370535487,0
38329,4.974546244,5.180567491,4.398015581,4.922089996,0
38330,5.745167859,5.423371138,5.501897669,4.431409568,0
38333,5.351487004,5.278844158,4.950779507,4.658265088,0
38336,5.060555698,4.953419935,4.776429635,4.49071749,0
38337,5.50849755,5.370915406,5.16584608,4.599853342,0
38338,5.351487004,5.625153081,4.455709224,5.221134887,0
38340,5.536782538,5.197976071,5.319235087,4.351383672,0
38343,5.109044249,5.232627076,4.542984024,4.874337871,0
38345,4.938757075,4.937158693,4.46904844,4.677296649,0
38349,5.275867954,5.341382822,4.719901077,4.852317149,0
38352,5.825404866,5.757806163,5.108386785,4.941648382,0
38355,5.255087147,5.500315365,4.409642456,5.157852871,0
38359,5.736509189,5.489604545,5.292918829,4.619113958,0
38362,5.386698928,5.217843732,5.057533186,4.538793154,0
38363,5.566222016,5.324301304,5.220980532,4.52551086,0
38364,5.491757455,5.309838024,5.026631156,4.636376073,0
38368,5.167345959,5.454738414,4.447179475,5.102493275,0
38372,5.313966101,5.191002845,4.910092101,4.610198013,0
38375,5.47501736,5.810586332,4.544978649,5.300321871,0
38378,5.040929379,5.097647837,4.671308406,4.683532657,0
38380,5.340519356,5.416109329,4.674117924,4.938573326,0
38390,5.099808334,5.179435894,4.545175714,4.83030788,0
38391,4.968196553,5.05702053,4.453297832,4.787912766,0
38400,5.713419403,5.338784696,5.426844936,4.406010294,0
38401,5.22333869,5.197949836,4.72497685,4.733140123,0
38405,5.562758548,5.560179822,4.925541784,4.899221773,0
38410,5.383812705,5.356015754,4.882493584,4.764165547,0
38422,4.958960638,5.019909569,4.505889072,4.723680174,0
38426,5.816746196,5.483119287,5.513876067,4.47509884,0
38430,5.460586244,5.252660017,5.157496087,4.504592463,0
38432,4.901236173,5.021364729,4.420184139,4.779380488,0
38438,5.158110044,5.126746672,4.833052732,4.604795192,0
38440,5.576035175,5.448707894,5.286382373,4.589242395,0
38443,5.4005528,5.67130545,4.485502094,5.236862338,0
38444,5.554099878,5.842290289,4.635576935,5.271818909,0
38449,5.490025721,5.33618832,5.078651171,4.625653462,0
38453,5.032270709,5.246837627,4.448625511,4.943297574,0
38454,5.840990472,5.787485662,5.193845386,4.914030142,0
38455,5.367649854,5.153632158,5.045550793,4.490895007,0
38468,5.007449189,5.330497104,4.407345576,5.032777692,0
38470,5.505611327,5.33875234,5.178048174,4.565071425,0
38471,5.003985721,5.14466071,4.409979332,4.886151354,0
38480,4.965310329,5.058811497,4.618730482,4.684362979,0
38481,4.976855222,4.935358981,4.663763986,4.548923087,0
38483,5.051319783,5.218440138,4.38706512,4.958569779,0
38484,5.202557883,5.44772671,4.404008774,5.122589939,0
38488,5.006871945,5.071709429,4.589157314,4.714054161,0
38498,5.66839432,5.444314429,5.4225521,4.49983672,0
38501,5.825404866,5.510885391,5.545899242,4.478503162,0
38504,5.688597883,5.595506813,5.151217947,4.791334267,0
38506,5.26663204,5.578577456,4.399445639,5.220095552,0
38509,5.315697835,5.465331177,4.560777192,5.043569019,0
38516,5.24065603,5.303984152,4.710571081,4.828240664,0
38526,4.952033702,5.031779969,4.612862452,4.665239796,0
38529,5.227956648,5.422856061,4.616500178,4.978282777,0
38530,5.129825056,5.020879384,4.893053908,4.473733103,0
38531,5.335901398,5.638448909,4.398176695,5.263146335,0
38533,4.963578595,5.026814584,4.599400735,4.669666273,0
38536,5.461740733,5.453266638,4.838382826,4.868494119,0
38544,4.707281968,4.6854212,4.49848313,4.434705089,0
38547,5.736509189,5.549544209,5.265646535,4.684987152,0
38553,5.163305246,5.162022067,4.745325213,4.690490185,0
38570,5.233729094,5.461785098,4.499202154,5.077188485,0
38588,4.726908287,4.803350403,4.378627247,4.620642896,0
38593,5.09057242,4.935911662,4.896360084,4.395342083,0
38594,4.52775888,4.611832412,4.365622243,4.457470237,0
38601,4.694005341,4.839148746,4.382121168,4.649509482,0
38602,5.510806529,5.5762924,4.878355204,4.939647019,0
38604,4.93933432,4.832479844,4.749797805,4.399470789,0
38605,5.184663299,5.049735109,4.904940431,4.491427558,0
38606,5.663776363,5.295376494,5.414072949,4.37609292,0
38607,5.455391042,5.169906518,5.275093705,4.355251829,0
38609,4.853324866,4.791520229,4.633728779,4.440282565,0
38611,5.459431755,5.349875047,4.993347027,4.690401427,0
38619,5.241233275,5.151908528,4.976824135,4.533885663,0
38626,5.568530995,5.315509127,5.362958371,4.426885743,0
38629,4.982050424,5.098716471,4.490137132,4.798996138,0
38630,4.715363393,4.791169556,4.504147437,4.52675348,0
38631,5.102117313,4.920975281,4.858618011,4.407018133,0
38632,5.443268904,5.378317135,4.926045101,4.755324045,0
38633,5.438073702,5.563768751,4.822356593,4.9632883,0
38646,5.158687289,5.032599371,4.920677724,4.465959568,0
38649,5.449041351,5.751235204,4.470780754,5.300791433,0
38650,4.748266339,4.732609846,4.521201608,4.462497982,0
38652,5.262591327,5.134435235,5.066957719,4.460138722,0
38660,5.129825056,5.376739546,4.357767577,5.097084727,0
38661,5.130402301,5.373082406,4.396110169,5.071668273,0
38664,5.241810519,5.237827701,4.767231461,4.739484931,0
38665,5.227379403,5.41642677,4.502720042,5.041109547,0
38669,5.191590234,5.071254692,4.869263552,4.533550671,0
38682,5.440959926,5.340054464,5.070382401,4.634074076,0
38683,5.095767622,5.1146524,4.737683592,4.655550793,0
38686,5.610669854,5.595045954,4.95604702,4.907862852,0
38687,4.878146386,4.836818216,4.65690397,4.465770598,0
38688,5.660890139,5.624332804,5.035493786,4.883119245,0
38692,5.050742538,4.910611636,4.857129366,4.398608972,0
38697,5.386121683,5.325617419,4.981146265,4.678023897,0
38703,5.520042443,5.806205985,4.550226188,5.294403677,0
38705,5.390739641,5.384989535,4.854986942,4.804373191,0
38708,5.495220923,5.446706174,4.924766837,4.810906969,0
38709,4.919130757,5.149482677,4.462389484,4.85754818,0
38710,5.176581873,5.370178207,4.483930894,5.017239211,0
38711,4.647248524,4.55862374,4.418710141,4.371400167,0
38714,5.020725816,4.9010123,4.794198835,4.431985067,0
38715,5.012067146,4.927325866,4.702978726,4.516036595,0
38718,5.134443013,5.146465668,4.688008392,4.713776433,0
38723,5.319738548,5.333140703,4.782184486,4.807554185,0
38724,5.305884676,5.078617068,5.088649592,4.396312701,0
38735,5.576035175,5.521768486,5.177897712,4.716338979,0
38737,5.230842871,5.445306981,4.443630961,5.097580057,0
38739,4.741339403,4.719057791,4.557893109,4.425273772,0
38745,5.459431755,5.344946391,4.935987597,4.722048161,0
38755,4.59471926,4.589387614,4.432107945,4.391038722,0
38757,5.669548809,5.44348803,5.188005318,4.646288404,0
38766,5.070946101,4.936970676,4.842667674,4.432108184,0
38770,5.342828334,5.5355654,4.577004486,5.086356389,0
38772,5.322047527,5.58178598,4.355187082,5.247604991,0
38774,5.326665484,5.081067404,5.021057392,4.443005449,0
38779,5.200248904,5.430822714,4.395805249,5.114905163,0
38780,5.504456838,5.290854478,5.187873497,4.518000737,0
38782,5.414983916,5.410025464,4.862087964,4.819983251,0
38791,5.427106054,5.439615765,4.799960344,4.881031987,0
38792,5.180622586,5.053488443,4.898337399,4.499052208,0
38798,5.596238738,5.697079453,4.93559746,4.997048062,0
38799,5.560449569,5.37389831,5.073649963,4.660114703,0
38802,5.341673845,5.442235753,4.639592814,4.979313522,0
38803,5.505034082,5.649320636,4.675425481,5.112677608,0
38810,5.304730187,5.354118099,4.766923879,4.833677844,0
38813,5.798274368,5.763775468,5.035697509,4.988438478,0
38816,5.426528809,5.636788242,4.636003023,5.126280579,0
38817,5.477903584,5.194878608,5.258873068,4.388212763,0
38818,5.089995175,5.143641923,4.502873168,4.827653712,0
38824,5.843876695,5.495644685,5.481088598,4.506436351,0
38827,5.661467384,5.745135599,4.885308427,5.061647141,0
38829,5.682825436,5.637678479,5.013495662,4.906422672,0
38843,5.287412847,5.535194614,4.428783127,5.172100057,0
38847,5.63491413,5.409320621,5.263709167,4.570494289,0
38848,5.200248904,5.170843977,4.756356897,4.690876715,0
38849,5.429415033,5.342174241,4.953329378,4.709000647,0
38852,5.625678215,5.290174121,5.423790418,4.36516416,0
38858,5.135020258,5.109535728,4.70956578,4.669165217,0
38863,4.915090044,4.776776237,4.747916361,4.349393762,0
38864,5.68455717,5.707693204,4.860406249,5.048568133,0
38865,5.292030804,5.293260215,4.75730228,4.790798852,0
38873,5.724387052,5.565893775,5.26590352,4.698046119,0
38878,4.840625484,4.812933123,4.621669158,4.467794866,0
38880,5.531587337,5.71564499,4.688837932,5.152876663,0
38884,4.964733085,4.974110496,4.792842011,4.498241928,0
38889,5.472131137,5.461477275,4.94183166,4.812241211,0
38893,5.251623679,5.13584842,4.885935576,4.578617132,0
38897,5.028229997,5.199491571,4.606758742,4.808267117,0
38901,5.249891945,5.176942707,4.900927215,4.604108028,0
38903,5.620483014,5.740648563,4.898597046,5.050704065,0
38904,5.489448477,5.674410783,4.662100912,5.138512086,0
38908,4.702086766,4.718683507,4.500444466,4.463829361,0
38912,5.532164581,5.66703354,4.674248413,5.126211863,0
38926,5.557563346,5.295022323,5.33582855,4.42649635,0
38927,5.667817075,5.3271679,5.473842439,4.365370309,0
38930,4.550271422,4.577100953,4.369110838,4.422923101,0
38938,4.949147479,5.11148935,4.365614254,4.887056119,0
38951,5.240078785,5.024788379,5.022785712,4.391525463,0
38952,5.540246006,5.747185416,4.598311548,5.226537709,0
38956,5.260282348,5.675321133,4.380974725,5.298540973,0
38961,4.952610947,5.079652471,4.490913411,4.782844937,0
38962,4.75461603,4.839042932,4.410728981,4.63069266,0
38963,5.234306339,5.281316357,4.645511443,4.85012109,0
38971,4.935870852,5.134622377,4.34833106,4.916223339,0
38972,5.126361588,5.189583538,4.609838559,4.798306112,0
38978,5.345714557,5.417402707,4.662497706,4.946550147,0
38979,5.80231508,5.699250825,5.155741137,4.869318715,0
38987,5.792501921,5.757012121,5.10078511,4.94549077,0
38988,5.667239831,5.623390098,5.127342374,4.827547774,0
38992,5.181777075,5.333000784,4.5570649,4.944711985,0
38993,5.02245755,4.953620194,4.891456078,4.41463992,0
38994,5.331860686,5.362865676,4.865824223,4.779970303,0
39008,5.087108952,5.112761741,4.791345377,4.619615014,0
39011,5.01379888,5.258942392,4.384540549,4.991593703,0
39013,5.464049712,5.57837982,4.792381304,4.99203177,0
39019,5.08191375,5.126372388,4.513773031,4.806795442,0
39024,5.053628762,4.975779907,4.737378673,4.536136123,0
39033,5.107889759,5.313054418,4.453671991,4.991642377,0
39034,4.885650567,4.793059341,4.756836246,4.358427096,0
39035,5.649922491,5.612864672,4.962654047,4.917586213,0
39036,4.676110757,4.720201631,4.449324562,4.499664929,0
39040,4.767892657,4.884168644,4.383804215,4.687174622,0
39041,5.03977489,4.886769393,4.769013041,4.43593912,0
39042,5.16503698,5.345801647,4.605593657,4.925319663,0
39043,5.501570614,5.242248275,5.116169549,4.522155212,0
39046,5.366495365,5.613823119,4.536751156,5.16672873,0
39050,5.192744724,5.27372049,4.662801294,4.833411568,0
39051,5.145410662,5.359857412,4.425422358,5.044281951,0
39056,5.457122776,5.143253647,5.233359719,4.358822215,0
39058,5.429415033,5.352117253,4.996241763,4.690441511,0
39059,5.066905389,5.202607398,4.558385773,4.840801437,0
39061,5.125207099,5.062525479,4.766816025,4.592383304,0
39064,5.023034795,5.232030671,4.46675156,4.920609731,0
39065,4.723444819,4.825733112,4.44053916,4.599483992,0
39069,5.259705104,5.431916707,4.466842104,5.073950228,0
39077,4.751729807,4.727640089,4.555596228,4.434705089,0
39085,5.48367603,5.695496617,4.576971198,5.202137684,0
39087,5.069214367,5.126130152,4.773609465,4.642320036,0
39090,5.072100591,5.012907484,4.790619696,4.533848441,0
39094,5.399975555,5.470133905,4.797499685,4.906270923,0
39099,5.075564059,5.080218269,4.734563829,4.62831622,0
39103,5.364763631,5.211570976,4.979375337,4.583464497,0
39105,5.1898585,5.188869076,4.798177432,4.679478393,0
39112,5.062864676,5.281549847,4.420527673,4.987327564,0
39114,4.845243441,4.941300303,4.34601687,4.759879366,0
39115,5.234306339,5.467945918,4.464739626,5.101983629,0
39120,5.435187479,5.287024188,5.081073215,4.58278306,0
39123,4.745380116,4.671579687,4.549073088,4.387396757,0
39129,5.001676743,5.083425919,4.616007514,4.706790272,0
39131,5.330128952,5.149783504,5.148284598,4.420555251,0
39139,5.002253987,5.03157009,4.551591001,4.704302168,0
39143,5.092304154,5.188205334,4.506846438,4.861121429,0
39144,5.128670567,5.114821178,4.900446534,4.551147778,0
39147,5.689175128,5.590839631,5.215786253,4.748572666,0
39149,5.485407764,5.52406666,4.86575099,4.907084066,0
39151,5.361300163,5.358255336,4.841161719,4.791440205,0
39154,5.825404866,5.836415429,5.052430782,5.032293815,0
39155,5.127516078,5.268879283,4.578758104,4.881183735,0
39165,5.107312515,5.021422446,4.863328946,4.493735282,0
39178,4.862560781,4.80921302,4.553905192,4.509729008,0
39181,4.887382301,4.891530146,4.579513079,4.565775767,0
39184,5.092881398,5.141446939,4.591910907,4.770161047,0
39191,5.814437218,5.716757349,5.195609656,4.859142972,0
39197,4.951456458,4.896804228,4.669367043,4.511172051,0
39198,5.253355413,5.294847424,4.878542949,4.716774183,0
39204,5.396512087,5.684833894,4.49543527,5.240764853,0
39209,5.126938833,5.346224029,4.428970872,5.03182139,0
39211,5.667817075,5.449903329,5.315948884,4.571716867,0
39212,5.370536078,5.475469202,4.679770247,4.980733659,0
39216,4.915667289,5.088389554,4.401400317,4.846146995,0
39218,5.52581489,5.511015691,4.926033117,4.860780711,0
39219,4.900081683,5.015268622,4.415016491,4.777602453,0
39222,5.345137313,5.557370068,4.537946866,5.125095222,0
39229,5.494066434,5.194652114,5.240749683,4.399865908,0
39231,5.24065603,5.479460399,4.478265256,5.102584897,0
39232,4.883341588,4.935780488,4.524618301,4.640121113,0
39233,5.245273987,5.231897747,4.961663392,4.611993228,0
39234,5.040352135,5.065205807,4.610646794,4.694910936,0
39236,5.247005721,5.197022871,4.782617232,4.696102019,0
39239,5.499261636,5.299054621,5.188238334,4.524797928,0
39240,5.319161303,5.623473175,4.401613361,5.250671457,0
39250,4.809454272,4.831227567,4.484854973,4.575092557,0
39251,5.165614225,5.249620271,4.694984251,4.794097236,0
39259,5.406902491,5.5363026,4.607859913,5.068873809,0
39261,5.323779261,5.513941752,4.509208563,5.10995186,0
39264,5.431146767,5.397237718,4.938762495,4.762765452,0
39265,5.378040258,5.730806992,4.380012032,5.337268353,0
39272,5.271249997,5.498967768,4.538673878,5.081669363,0
39273,4.920862491,4.85979121,4.689748695,4.46453084,0
39285,5.640686577,5.557630668,5.075186543,4.807390983,0
39287,5.040352135,5.120855196,4.528849887,4.7928403,0
39294,5.321470282,5.390901999,4.767078336,4.862716221,0
39295,5.611824344,5.421087831,5.263975472,4.580200471,0
39299,5.304152942,5.332612508,4.785782266,4.804917195,0
39300,5.437496458,5.721837292,4.533688649,5.245151245,0
39309,5.350332515,5.257489855,5.02214658,4.595203537,0
39320,5.098653845,5.032265314,4.722119397,4.595217853,0
39330,5.664353607,5.508052026,5.297954656,4.631193716,0
39333,5.423065341,5.593175408,4.551918556,5.143084585,0
39339,5.370536078,5.336385081,4.868953307,4.756638245,0
39342,5.20717584,5.089386479,4.937534829,4.50495895,0
39345,5.259705104,5.392751556,4.530130814,5.006860182,0
39348,5.310502633,5.19599359,4.998673127,4.557798946,0
39352,5.812128239,5.749135541,5.044155355,4.972622269,0
39355,4.960692372,5.018449161,4.775887705,4.54830464,0
39356,4.641476078,4.670672835,4.44206642,4.459494506,0
39365,4.801950092,4.733499208,4.62701523,4.391608495,0
39366,4.945106766,5.037814862,4.412237598,4.797996888,0
39376,5.259705104,5.224013297,4.842892701,4.680554949,0
39377,5.647613512,5.427369331,5.498788559,4.436852474,0
39381,5.674744011,5.474641929,5.201331219,4.663616373,0
39390,4.891423013,4.929985207,4.576240191,4.601511124,0
39393,5.203712372,5.071128764,4.993553414,4.452247796,0
39394,4.711899926,4.668571423,4.528505022,4.398671962,0
39397,5.544863964,5.355201599,5.160185768,4.590233056,0
39400,5.293185294,5.165890835,5.003369415,4.528849328,0
39401,5.334746909,5.456287145,4.62494604,4.998734475,0
39411,4.949724724,4.913757196,4.606168876,4.567768541,0
39412,5.094035888,4.994397914,4.910446286,4.438679183,0
39420,5.212371042,5.248380237,4.726101988,4.773760065,0
39423,5.180045341,5.373382358,4.484988125,5.019045878,0
39440,5.120589142,4.99067956,4.90508823,4.438896785,0
39443,5.02245755,4.919946,4.826328531,4.427644486,0
39444,4.961269617,5.073647311,4.546685664,4.742631566,0
39447,4.891423013,4.839161864,4.645419567,4.475554086,0
39449,5.320315793,5.673784645,4.401135344,5.28616058,0
39456,5.04727907,4.951939414,4.783040656,4.485036939,0
39457,5.283949379,5.403873389,4.726883593,4.897263357,0
39458,5.120011897,5.23182429,4.672406914,4.793684938,0
39464,5.480212562,5.60394307,4.753834989,5.033782668,0
39466,5.23199736,5.19445885,4.843549143,4.655427676,0
39467,5.282217645,5.238370762,4.942095302,4.629865201,0
39476,5.260282348,5.657556634,4.435703062,5.255347031,0
39478,5.092304154,5.337056694,4.52489659,4.967265258,0
39479,5.350332515,5.632860009,4.390310046,5.263670297,0
39483,5.607206386,5.791703353,4.739742129,5.178155684,0
39492,5.085954462,5.026931767,4.776104743,4.555554213,0
39493,5.248737455,5.11712285,4.912519471,4.545335522,0
39508,5.120011897,5.255977853,4.628923305,4.840074189,0
39517,4.523140923,4.521331758,4.371415708,4.369000822,0
39518,5.296071517,5.537303897,4.43806785,5.168269121,0
39523,5.159841778,5.209141628,4.690899132,4.763681669,0
39525,5.138483726,5.233066073,4.701241086,4.776763541,0
39527,4.978009712,4.798136661,4.766690862,4.356431459,0
39530,5.171386671,5.110809867,4.812089204,4.604637717,0
39540,5.609515365,5.463044371,5.246592414,4.625979865,0
39545,4.920862491,4.976323844,4.557668081,4.653515072,0
39547,5.756135508,5.488593629,5.55914392,4.451102524,0
39548,5.660890139,5.413311818,5.263787727,4.573798399,0
39552,5.272981731,5.232258039,4.919727015,4.638898535,0
39559,5.679939213,5.612343473,5.100367011,4.835100845,0
39563,5.099231089,5.278276611,4.418150901,4.986233829,0
39565,5.7948109,5.714858819,5.202716005,4.853473874,0
39566,5.020148572,5.070935501,4.591969494,4.711617594,0
39570,4.81407223,4.852169983,4.392082306,4.654270951,0
39572,5.244696743,5.358853491,4.624996638,4.923753504,0
39575,5.247005721,5.210827655,4.76026226,4.721615821,0
39589,4.899504439,5.045542778,4.357706327,4.838648325,0
39592,4.950301968,5.036715621,4.392533693,4.809518327,0
39600,4.987822871,4.959960286,4.712670896,4.538443846,0
39605,4.932407384,4.778821681,4.750484872,4.34954551,0
39620,4.902967907,4.931344173,4.566219134,4.609227395,0
39626,5.780379783,5.600454708,5.379691644,4.656320989,0
39627,5.283949379,5.194627628,4.958009688,4.582679985,0
39631,5.331283441,5.269306911,4.801116107,4.744129009,0
39632,5.170232182,5.451646198,4.45375854,5.0963403,0
39633,5.392471375,5.32674202,5.016968279,4.656521411,0
39637,4.927789427,5.013583469,4.455858355,4.750261942,0
39642,5.434610234,5.680132607,4.652471323,5.148149552,0
39652,5.432301256,5.446025816,4.867388765,4.845245093,0
39655,5.203712372,5.336880045,4.532572831,4.962503789,0
39657,5.208330329,5.262132551,4.740300038,4.776116462,0
39669,4.954342681,4.888557736,4.76254183,4.441874493,0
39674,5.323202016,5.196992263,4.937480237,4.597809031,0
39676,5.736509189,5.383000058,5.474377712,4.41401002,0
39677,4.84755242,4.837566784,4.606168876,4.500291965,0
39694,5.010912657,4.867465782,4.82430195,4.381295319,0
39698,5.252778168,5.329975904,4.808546016,4.788774584,0
39702,5.514847242,5.769922296,4.492054528,5.301804998,0
39705,4.945106766,5.094356237,4.40070393,4.851418111,0
39706,5.084799973,5.024768265,4.673911538,4.619941417,0
39711,4.788673465,4.958748235,4.355737002,4.768265621,0
39716,5.161573512,5.030309068,4.86961108,4.497454553,0
39717,4.872951184,4.878631339,4.531784568,4.585829484,0
39719,5.698988287,5.514413105,5.2353863,4.675060505,0
41911,5.147719641,4.988260706,4.945444087,4.409964346,0
41914,5.16619147,5.316269063,4.523350689,4.952096128,0
41920,5.305884676,5.345064448,4.646395575,4.900003421,0
41926,5.466935935,5.448468282,4.822464446,4.874357913,0
41931,5.002831232,4.897140034,4.752677894,4.456178943,0
41934,5.109621493,5.33675062,4.39942966,5.042257683,0
41946,5.008603679,4.849154723,4.823931787,4.364734683,0
41947,5.008603679,5.018015412,4.646404896,4.631912375,0
41957,5.795388144,5.447766936,5.602828589,4.387977982,0
41958,5.579498643,5.634585389,4.887251122,4.97854619,0
41959,5.294917028,5.076529648,5.064057658,4.410671551,0
41965,5.475594605,5.39952977,5.04883966,4.696625981,0
41968,5.664353607,5.618419467,5.018892333,4.888444761,0
41969,4.864869759,4.908441138,4.467486562,4.653695452,0
41970,4.720558595,4.737216688,4.392198148,4.553223584,0
41972,5.419601873,5.38278056,4.844334743,4.80913466,0
41975,5.431146767,5.56591039,4.80851406,4.973097557,0
41985,5.633759641,5.549236387,5.101305736,4.784957964,0
41986,4.71247717,4.707140168,4.491262271,4.459505959,0
41987,5.252200923,5.220208367,4.86475634,4.663579151,0
41990,5.65973565,5.310987111,5.441170813,4.37228489,0
41998,5.339364866,5.345990539,4.815789512,4.797195198,0
42004,4.805990804,4.881834616,4.385295523,4.684208367,0
42010,5.427683299,5.193063156,5.183044056,4.436105184,0
42015,5.456545531,5.315112106,5.12952208,4.575816942,0
42020,4.781746529,4.900167537,4.393645516,4.694472869,0
42023,5.29895774,5.24068905,4.854615447,4.687040053,0
42024,5.139060971,5.307114846,4.649179794,4.868385318,0
42028,4.848706909,4.997475264,4.532919027,4.68746094,0
42038,5.442114415,5.453613813,4.885082068,4.840495077,0
42040,4.759233987,4.728364171,4.478769904,4.487241589,0
42042,5.713419403,5.467580379,5.337566191,4.572959487,0
42049,5.44269166,5.820785572,4.468403982,5.349574303,0
42051,5.020725816,4.899422467,4.774225962,4.443875856,0
42052,5.531010092,5.710555427,4.847507767,5.058125429,0
42053,5.54313223,5.266340623,5.339105433,4.399175882,0
42063,5.392471375,5.192815673,5.13143415,4.469421153,0
42066,4.927212182,4.847722299,4.631126979,4.492767527,0
42068,4.688232895,4.687754354,4.441039814,4.475797456,0
42072,5.524083156,5.758969242,4.647522045,5.207090986,0
42073,5.196785436,5.357532129,4.548006536,4.969160684,0
42077,5.571417218,5.472310524,5.072193275,4.741280145,0
42080,5.222761446,5.458113966,4.543266308,5.048487964,0
42081,5.658003916,5.639723049,5.075028092,4.871451785,0
42084,4.881609854,4.844561873,4.636129518,4.486603099,0
42085,5.445577883,5.401163328,4.934289903,4.768675056,0
42091,5.234306339,5.453760728,4.589539461,5.017834753,0
42092,5.180622586,5.039614574,4.931044977,4.465366889,0
42094,5.757867242,5.718814162,5.06729859,4.936340045,0
42101,5.620483014,5.816796999,4.679511931,5.229652849,0
42105,5.02361204,5.217688946,4.504251296,4.886265881,0
42106,4.822730899,4.894980905,4.496674919,4.62305942,0
42107,5.416138405,5.384763915,4.875552344,4.7915805,0
42111,5.259705104,5.558110766,4.490905422,5.152848031,0
42114,5.226802158,5.308117017,4.662985044,4.860732037,0
42115,5.038043156,4.89596034,4.855355775,4.386457634,0
42118,4.6714928,4.808058686,4.34505684,4.646803777,0
42125,4.868910472,4.754185397,4.686100317,4.370535487,0
42139,4.974546244,5.180567491,4.398015581,4.922089996,0
42140,5.745167859,5.423371138,5.501897669,4.431409568,0
42143,5.351487004,5.278844158,4.950779507,4.658265088,0
42146,5.060555698,4.953419935,4.776429635,4.49071749,0
42147,5.50849755,5.370915406,5.16584608,4.599853342,0
42148,5.351487004,5.625153081,4.455709224,5.221134887,0
42150,5.536782538,5.197976071,5.319235087,4.351383672,0
42153,5.109044249,5.232627076,4.542984024,4.874337871,0
42155,4.938757075,4.937158693,4.46904844,4.677296649,0
42159,5.275867954,5.341382822,4.719901077,4.852317149,0
42162,5.825404866,5.757806163,5.108386785,4.941648382,0
42165,5.255087147,5.500315365,4.409642456,5.157852871,0
42169,5.736509189,5.489604545,5.292918829,4.619113958,0
42172,5.386698928,5.217843732,5.057533186,4.538793154,0
42173,5.566222016,5.324301304,5.220980532,4.52551086,0
42174,5.491757455,5.309838024,5.026631156,4.636376073,0
42178,5.167345959,5.454738414,4.447179475,5.102493275,0
42182,5.313966101,5.191002845,4.910092101,4.610198013,0
42185,5.47501736,5.810586332,4.544978649,5.300321871,0
42188,5.040929379,5.097647837,4.671308406,4.683532657,0
42190,5.340519356,5.416109329,4.674117924,4.938573326,0
42200,5.099808334,5.179435894,4.545175714,4.83030788,0
42201,4.968196553,5.05702053,4.453297832,4.787912766,0
42210,5.713419403,5.338784696,5.426844936,4.406010294,0
42211,5.22333869,5.197949836,4.72497685,4.733140123,0
42215,5.562758548,5.560179822,4.925541784,4.899221773,0
42220,5.383812705,5.356015754,4.882493584,4.764165547,0
42232,4.958960638,5.019909569,4.505889072,4.723680174,0
42236,5.816746196,5.483119287,5.513876067,4.47509884,0
42240,5.460586244,5.252660017,5.157496087,4.504592463,0
42242,4.901236173,5.021364729,4.420184139,4.779380488,0
42248,5.158110044,5.126746672,4.833052732,4.604795192,0
42250,5.576035175,5.448707894,5.286382373,4.589242395,0
42253,5.4005528,5.67130545,4.485502094,5.236862338,0
42254,5.554099878,5.842290289,4.635576935,5.271818909,0
42259,5.490025721,5.33618832,5.078651171,4.625653462,0
42263,5.032270709,5.246837627,4.448625511,4.943297574,0
42264,5.840990472,5.787485662,5.193845386,4.914030142,0
42265,5.367649854,5.153632158,5.045550793,4.490895007,0
42278,5.007449189,5.330497104,4.407345576,5.032777692,0
42280,5.505611327,5.33875234,5.178048174,4.565071425,0
42281,5.003985721,5.14466071,4.409979332,4.886151354,0
42290,4.965310329,5.058811497,4.618730482,4.684362979,0
42291,4.976855222,4.935358981,4.663763986,4.548923087,0
42293,5.051319783,5.218440138,4.38706512,4.958569779,0
42294,5.202557883,5.44772671,4.404008774,5.122589939,0
42298,5.006871945,5.071709429,4.589157314,4.714054161,0
42308,5.66839432,5.444314429,5.4225521,4.49983672,0
42311,5.825404866,5.510885391,5.545899242,4.478503162,0
42314,5.688597883,5.595506813,5.151217947,4.791334267,0
42316,5.26663204,5.578577456,4.399445639,5.220095552,0
42319,5.315697835,5.465331177,4.560777192,5.043569019,0
42326,5.24065603,5.303984152,4.710571081,4.828240664,0
42336,4.952033702,5.031779969,4.612862452,4.665239796,0
42339,5.227956648,5.422856061,4.616500178,4.978282777,0
42340,5.129825056,5.020879384,4.893053908,4.473733103,0
42341,5.335901398,5.638448909,4.398176695,5.263146335,0
42343,4.963578595,5.026814584,4.599400735,4.669666273,0
42346,5.461740733,5.453266638,4.838382826,4.868494119,0
42354,4.707281968,4.6854212,4.49848313,4.434705089,0
42357,5.736509189,5.549544209,5.265646535,4.684987152,0
42363,5.163305246,5.162022067,4.745325213,4.690490185,0
42380,5.233729094,5.461785098,4.499202154,5.077188485,0
42398,4.726908287,4.803350403,4.378627247,4.620642896,0
42403,5.09057242,4.935911662,4.896360084,4.395342083,0
42404,4.52775888,4.611832412,4.365622243,4.457470237,0
42411,4.694005341,4.839148746,4.382121168,4.649509482,0
42412,5.510806529,5.5762924,4.878355204,4.939647019,0
42414,4.93933432,4.832479844,4.749797805,4.399470789,0
42415,5.184663299,5.049735109,4.904940431,4.491427558,0
42416,5.663776363,5.295376494,5.414072949,4.37609292,0
42417,5.455391042,5.169906518,5.275093705,4.355251829,0
42419,4.853324866,4.791520229,4.633728779,4.440282565,0
42421,5.459431755,5.349875047,4.993347027,4.690401427,0
42429,5.241233275,5.151908528,4.976824135,4.533885663,0
42436,5.568530995,5.315509127,5.362958371,4.426885743,0
42439,4.982050424,5.098716471,4.490137132,4.798996138,0
42440,4.715363393,4.791169556,4.504147437,4.52675348,0
42441,5.102117313,4.920975281,4.858618011,4.407018133,0
42442,5.443268904,5.378317135,4.926045101,4.755324045,0
42443,5.438073702,5.563768751,4.822356593,4.9632883,0
42456,5.158687289,5.032599371,4.920677724,4.465959568,0
42459,5.449041351,5.751235204,4.470780754,5.300791433,0
42460,4.748266339,4.732609846,4.521201608,4.462497982,0
42462,5.262591327,5.134435235,5.066957719,4.460138722,0
42470,5.129825056,5.376739546,4.357767577,5.097084727,0
42471,5.130402301,5.373082406,4.396110169,5.071668273,0
42474,5.241810519,5.237827701,4.767231461,4.739484931,0
42475,5.227379403,5.41642677,4.502720042,5.041109547,0
42479,5.191590234,5.071254692,4.869263552,4.533550671,0
42492,5.440959926,5.340054464,5.070382401,4.634074076,0
42493,5.095767622,5.1146524,4.737683592,4.655550793,0
42496,5.610669854,5.595045954,4.95604702,4.907862852,0
42497,4.878146386,4.836818216,4.65690397,4.465770598,0
42498,5.660890139,5.624332804,5.035493786,4.883119245,0
42502,5.050742538,4.910611636,4.857129366,4.398608972,0
42507,5.386121683,5.325617419,4.981146265,4.678023897,0
42513,5.520042443,5.806205985,4.550226188,5.294403677,0
42515,5.390739641,5.384989535,4.854986942,4.804373191,0
42518,5.495220923,5.446706174,4.924766837,4.810906969,0
42519,4.919130757,5.149482677,4.462389484,4.85754818,0
42520,5.176581873,5.370178207,4.483930894,5.017239211,0
42521,4.647248524,4.55862374,4.418710141,4.371400167,0
42524,5.020725816,4.9010123,4.794198835,4.431985067,0
42525,5.012067146,4.927325866,4.702978726,4.516036595,0
42528,5.134443013,5.146465668,4.688008392,4.713776433,0
42533,5.319738548,5.333140703,4.782184486,4.807554185,0
42534,5.305884676,5.078617068,5.088649592,4.396312701,0
42545,5.576035175,5.521768486,5.177897712,4.716338979,0
42547,5.230842871,5.445306981,4.443630961,5.097580057,0
42549,4.741339403,4.719057791,4.557893109,4.425273772,0
42555,5.459431755,5.344946391,4.935987597,4.722048161,0
42565,4.59471926,4.589387614,4.432107945,4.391038722,0
42567,5.669548809,5.44348803,5.188005318,4.646288404,0
42576,5.070946101,4.936970676,4.842667674,4.432108184,0
42580,5.342828334,5.5355654,4.577004486,5.086356389,0
42582,5.322047527,5.58178598,4.355187082,5.247604991,0
42584,5.326665484,5.081067404,5.021057392,4.443005449,0
42589,5.200248904,5.430822714,4.395805249,5.114905163,0
42590,5.504456838,5.290854478,5.187873497,4.518000737,0
42592,5.414983916,5.410025464,4.862087964,4.819983251,0
42601,5.427106054,5.439615765,4.799960344,4.881031987,0
42602,5.180622586,5.053488443,4.898337399,4.499052208,0
42608,5.596238738,5.697079453,4.93559746,4.997048062,0
42609,5.560449569,5.37389831,5.073649963,4.660114703,0
42612,5.341673845,5.442235753,4.639592814,4.979313522,0
42613,5.505034082,5.649320636,4.675425481,5.112677608,0
42620,5.304730187,5.354118099,4.766923879,4.833677844,0
42623,5.798274368,5.763775468,5.035697509,4.988438478,0
42626,5.426528809,5.636788242,4.636003023,5.126280579,0
42627,5.477903584,5.194878608,5.258873068,4.388212763,0
42628,5.089995175,5.143641923,4.502873168,4.827653712,0
42634,5.843876695,5.495644685,5.481088598,4.506436351,0
42637,5.661467384,5.745135599,4.885308427,5.061647141,0
42639,5.682825436,5.637678479,5.013495662,4.906422672,0
42653,5.287412847,5.535194614,4.428783127,5.172100057,0
42657,5.63491413,5.409320621,5.263709167,4.570494289,0
42658,5.200248904,5.170843977,4.756356897,4.690876715,0
42659,5.429415033,5.342174241,4.953329378,4.709000647,0
42662,5.625678215,5.290174121,5.423790418,4.36516416,0
42668,5.135020258,5.109535728,4.70956578,4.669165217,0
42673,4.915090044,4.776776237,4.747916361,4.349393762,0
42674,5.68455717,5.707693204,4.860406249,5.048568133,0
42675,5.292030804,5.293260215,4.75730228,4.790798852,0
42683,5.724387052,5.565893775,5.26590352,4.698046119,0
42688,4.840625484,4.812933123,4.621669158,4.467794866,0
42690,5.531587337,5.71564499,4.688837932,5.152876663,0
42694,4.964733085,4.974110496,4.792842011,4.498241928,0
42699,5.472131137,5.461477275,4.94183166,4.812241211,0
42703,5.251623679,5.13584842,4.885935576,4.578617132,0
42707,5.028229997,5.199491571,4.606758742,4.808267117,0
42711,5.249891945,5.176942707,4.900927215,4.604108028,0
42713,5.620483014,5.740648563,4.898597046,5.050704065,0
42714,5.489448477,5.674410783,4.662100912,5.138512086,0
42718,4.702086766,4.718683507,4.500444466,4.463829361,0
42722,5.532164581,5.66703354,4.674248413,5.126211863,0
42736,5.557563346,5.295022323,5.33582855,4.42649635,0
42737,5.667817075,5.3271679,5.473842439,4.365370309,0
42740,4.550271422,4.577100953,4.369110838,4.422923101,0
42748,4.949147479,5.11148935,4.365614254,4.887056119,0
42761,5.240078785,5.024788379,5.022785712,4.391525463,0
42762,5.540246006,5.747185416,4.598311548,5.226537709,0
42766,5.260282348,5.675321133,4.380974725,5.298540973,0
42771,4.952610947,5.079652471,4.490913411,4.782844937,0
42772,4.75461603,4.839042932,4.410728981,4.63069266,0
42773,5.234306339,5.281316357,4.645511443,4.85012109,0
42781,4.935870852,5.134622377,4.34833106,4.916223339,0
42782,5.126361588,5.189583538,4.609838559,4.798306112,0
42788,5.345714557,5.417402707,4.662497706,4.946550147,0
42789,5.80231508,5.699250825,5.155741137,4.869318715,0
42797,5.792501921,5.757012121,5.10078511,4.94549077,0
42798,5.667239831,5.623390098,5.127342374,4.827547774,0
42802,5.181777075,5.333000784,4.5570649,4.944711985,0
42803,5.02245755,4.953620194,4.891456078,4.41463992,0
42804,5.331860686,5.362865676,4.865824223,4.779970303,0
42818,5.087108952,5.112761741,4.791345377,4.619615014,0
42821,5.01379888,5.258942392,4.384540549,4.991593703,0
42823,5.464049712,5.57837982,4.792381304,4.99203177,0
42829,5.08191375,5.126372388,4.513773031,4.806795442,0
42834,5.053628762,4.975779907,4.737378673,4.536136123,0
42843,5.107889759,5.313054418,4.453671991,4.991642377,0
42844,4.885650567,4.793059341,4.756836246,4.358427096,0
42845,5.649922491,5.612864672,4.962654047,4.917586213,0
42846,4.676110757,4.720201631,4.449324562,4.499664929,0
42850,4.767892657,4.884168644,4.383804215,4.687174622,0
42851,5.03977489,4.886769393,4.769013041,4.43593912,0
42852,5.16503698,5.345801647,4.605593657,4.925319663,0
42853,5.501570614,5.242248275,5.116169549,4.522155212,0
42856,5.366495365,5.613823119,4.536751156,5.16672873,0
42860,5.192744724,5.27372049,4.662801294,4.833411568,0
42861,5.145410662,5.359857412,4.425422358,5.044281951,0
42866,5.457122776,5.143253647,5.233359719,4.358822215,0
42868,5.429415033,5.352117253,4.996241763,4.690441511,0
42869,5.066905389,5.202607398,4.558385773,4.840801437,0
42871,5.125207099,5.062525479,4.766816025,4.592383304,0
42874,5.023034795,5.232030671,4.46675156,4.920609731,0
42875,4.723444819,4.825733112,4.44053916,4.599483992,0
42879,5.259705104,5.431916707,4.466842104,5.073950228,0
42887,4.751729807,4.727640089,4.555596228,4.434705089,0
42895,5.48367603,5.695496617,4.576971198,5.202137684,0
42897,5.069214367,5.126130152,4.773609465,4.642320036,0
42900,5.072100591,5.012907484,4.790619696,4.533848441,0
42904,5.399975555,5.470133905,4.797499685,4.906270923,0
42909,5.075564059,5.080218269,4.734563829,4.62831622,0
42913,5.364763631,5.211570976,4.979375337,4.583464497,0
42915,5.1898585,5.188869076,4.798177432,4.679478393,0
42922,5.062864676,5.281549847,4.420527673,4.987327564,0
42924,4.845243441,4.941300303,4.34601687,4.759879366,0
42925,5.234306339,5.467945918,4.464739626,5.101983629,0
42930,5.435187479,5.287024188,5.081073215,4.58278306,0
42933,4.745380116,4.671579687,4.549073088,4.387396757,0
42939,5.001676743,5.083425919,4.616007514,4.706790272,0
42941,5.330128952,5.149783504,5.148284598,4.420555251,0
42949,5.002253987,5.03157009,4.551591001,4.704302168,0
42953,5.092304154,5.188205334,4.506846438,4.861121429,0
42954,5.128670567,5.114821178,4.900446534,4.551147778,0
42957,5.689175128,5.590839631,5.215786253,4.748572666,0
42959,5.485407764,5.52406666,4.86575099,4.907084066,0
42961,5.361300163,5.358255336,4.841161719,4.791440205,0
42964,5.825404866,5.836415429,5.052430782,5.032293815,0
42965,5.127516078,5.268879283,4.578758104,4.881183735,0
42975,5.107312515,5.021422446,4.863328946,4.493735282,0
42988,4.862560781,4.80921302,4.553905192,4.509729008,0
42991,4.887382301,4.891530146,4.579513079,4.565775767,0
42994,5.092881398,5.141446939,4.591910907,4.770161047,0
43001,5.814437218,5.716757349,5.195609656,4.859142972,0
43007,4.951456458,4.896804228,4.669367043,4.511172051,0
43008,5.253355413,5.294847424,4.878542949,4.716774183,0
43014,5.396512087,5.684833894,4.49543527,5.240764853,0
43019,5.126938833,5.346224029,4.428970872,5.03182139,0
43021,5.667817075,5.449903329,5.315948884,4.571716867,0
43022,5.370536078,5.475469202,4.679770247,4.980733659,0
43026,4.915667289,5.088389554,4.401400317,4.846146995,0
43028,5.52581489,5.511015691,4.926033117,4.860780711,0
43029,4.900081683,5.015268622,4.415016491,4.777602453,0
43032,5.345137313,5.557370068,4.537946866,5.125095222,0
43039,5.494066434,5.194652114,5.240749683,4.399865908,0
43041,5.24065603,5.479460399,4.478265256,5.102584897,0
43042,4.883341588,4.935780488,4.524618301,4.640121113,0
43043,5.245273987,5.231897747,4.961663392,4.611993228,0
43044,5.040352135,5.065205807,4.610646794,4.694910936,0
43046,5.247005721,5.197022871,4.782617232,4.696102019,0
43049,5.499261636,5.299054621,5.188238334,4.524797928,0
43050,5.319161303,5.623473175,4.401613361,5.250671457,0
43060,4.809454272,4.831227567,4.484854973,4.575092557,0
43061,5.165614225,5.249620271,4.694984251,4.794097236,0
43069,5.406902491,5.5363026,4.607859913,5.068873809,0
43071,5.323779261,5.513941752,4.509208563,5.10995186,0
43074,5.431146767,5.397237718,4.938762495,4.762765452,0
43075,5.378040258,5.730806992,4.380012032,5.337268353,0
43082,5.271249997,5.498967768,4.538673878,5.081669363,0
43083,4.920862491,4.85979121,4.689748695,4.46453084,0
43095,5.640686577,5.557630668,5.075186543,4.807390983,0
43097,5.040352135,5.120855196,4.528849887,4.7928403,0
43104,5.321470282,5.390901999,4.767078336,4.862716221,0
43105,5.611824344,5.421087831,5.263975472,4.580200471,0
43109,5.304152942,5.332612508,4.785782266,4.804917195,0
43110,5.437496458,5.721837292,4.533688649,5.245151245,0
43119,5.350332515,5.257489855,5.02214658,4.595203537,0
43130,5.098653845,5.032265314,4.722119397,4.595217853,0
43140,5.664353607,5.508052026,5.297954656,4.631193716,0
43143,5.423065341,5.593175408,4.551918556,5.143084585,0
43149,5.370536078,5.336385081,4.868953307,4.756638245,0
43152,5.20717584,5.089386479,4.937534829,4.50495895,0
43155,5.259705104,5.392751556,4.530130814,5.006860182,0
43158,5.310502633,5.19599359,4.998673127,4.557798946,0
43162,5.812128239,5.749135541,5.044155355,4.972622269,0
43165,4.960692372,5.018449161,4.775887705,4.54830464,0
43166,4.641476078,4.670672835,4.44206642,4.459494506,0
43175,4.801950092,4.733499208,4.62701523,4.391608495,0
43176,4.945106766,5.037814862,4.412237598,4.797996888,0
43186,5.259705104,5.224013297,4.842892701,4.680554949,0
43187,5.647613512,5.427369331,5.498788559,4.436852474,0
43191,5.674744011,5.474641929,5.201331219,4.663616373,0
43200,4.891423013,4.929985207,4.576240191,4.601511124,0
43203,5.203712372,5.071128764,4.993553414,4.452247796,0
43204,4.711899926,4.668571423,4.528505022,4.398671962,0
43207,5.544863964,5.355201599,5.160185768,4.590233056,0
43210,5.293185294,5.165890835,5.003369415,4.528849328,0
43211,5.334746909,5.456287145,4.62494604,4.998734475,0
43221,4.949724724,4.913757196,4.606168876,4.567768541,0
43222,5.094035888,4.994397914,4.910446286,4.438679183,0
43230,5.212371042,5.248380237,4.726101988,4.773760065,0
43233,5.180045341,5.373382358,4.484988125,5.019045878,0
43250,5.120589142,4.99067956,4.90508823,4.438896785,0
43253,5.02245755,4.919946,4.826328531,4.427644486,0
43254,4.961269617,5.073647311,4.546685664,4.742631566,0
43257,4.891423013,4.839161864,4.645419567,4.475554086,0
43259,5.320315793,5.673784645,4.401135344,5.28616058,0
43266,5.04727907,4.951939414,4.783040656,4.485036939,0
43267,5.283949379,5.403873389,4.726883593,4.897263357,0
43268,5.120011897,5.23182429,4.672406914,4.793684938,0
43274,5.480212562,5.60394307,4.753834989,5.033782668,0
43276,5.23199736,5.19445885,4.843549143,4.655427676,0
43277,5.282217645,5.238370762,4.942095302,4.629865201,0
43286,5.260282348,5.657556634,4.435703062,5.255347031,0
43288,5.092304154,5.337056694,4.52489659,4.967265258,0
43289,5.350332515,5.632860009,4.390310046,5.263670297,0
43293,5.607206386,5.791703353,4.739742129,5.178155684,0
43302,5.085954462,5.026931767,4.776104743,4.555554213,0
43303,5.248737455,5.11712285,4.912519471,4.545335522,0
43318,5.120011897,5.255977853,4.628923305,4.840074189,0
43327,4.523140923,4.521331758,4.371415708,4.369000822,0
43328,5.296071517,5.537303897,4.43806785,5.168269121,0
43333,5.159841778,5.209141628,4.690899132,4.763681669,0
43335,5.138483726,5.233066073,4.701241086,4.776763541,0
43337,4.978009712,4.798136661,4.766690862,4.356431459,0
43340,5.171386671,5.110809867,4.812089204,4.604637717,0
43350,5.609515365,5.463044371,5.246592414,4.625979865,0
43355,4.920862491,4.976323844,4.557668081,4.653515072,0
43357,5.756135508,5.488593629,5.55914392,4.451102524,0
43358,5.660890139,5.413311818,5.263787727,4.573798399,0
43362,5.272981731,5.232258039,4.919727015,4.638898535,0
43369,5.679939213,5.612343473,5.100367011,4.835100845,0
43373,5.099231089,5.278276611,4.418150901,4.986233829,0
43375,5.7948109,5.714858819,5.202716005,4.853473874,0
43376,5.020148572,5.070935501,4.591969494,4.711617594,0
43380,4.81407223,4.852169983,4.392082306,4.654270951,0
43382,5.244696743,5.358853491,4.624996638,4.923753504,0
43385,5.247005721,5.210827655,4.76026226,4.721615821,0
43399,4.899504439,5.045542778,4.357706327,4.838648325,0
43402,4.950301968,5.036715621,4.392533693,4.809518327,0
43410,4.987822871,4.959960286,4.712670896,4.538443846,0
43415,4.932407384,4.778821681,4.750484872,4.34954551,0
43430,4.902967907,4.931344173,4.566219134,4.609227395,0
43436,5.780379783,5.600454708,5.379691644,4.656320989,0
43437,5.283949379,5.194627628,4.958009688,4.582679985,0
43441,5.331283441,5.269306911,4.801116107,4.744129009,0
43442,5.170232182,5.451646198,4.45375854,5.0963403,0
43443,5.392471375,5.32674202,5.016968279,4.656521411,0
43447,4.927789427,5.013583469,4.455858355,4.750261942,0
43452,5.434610234,5.680132607,4.652471323,5.148149552,0
43462,5.432301256,5.446025816,4.867388765,4.845245093,0
43465,5.203712372,5.336880045,4.532572831,4.962503789,0
43467,5.208330329,5.262132551,4.740300038,4.776116462,0
43479,4.954342681,4.888557736,4.76254183,4.441874493,0
43484,5.323202016,5.196992263,4.937480237,4.597809031,0
43486,5.736509189,5.383000058,5.474377712,4.41401002,0
43487,4.84755242,4.837566784,4.606168876,4.500291965,0
43504,5.010912657,4.867465782,4.82430195,4.381295319,0
43508,5.252778168,5.329975904,4.808546016,4.788774584,0
43512,5.514847242,5.769922296,4.492054528,5.301804998,0
43515,4.945106766,5.094356237,4.40070393,4.851418111,0
43516,5.084799973,5.024768265,4.673911538,4.619941417,0
43521,4.788673465,4.958748235,4.355737002,4.768265621,0
43526,5.161573512,5.030309068,4.86961108,4.497454553,0
43527,4.872951184,4.878631339,4.531784568,4.585829484,0
43529,5.698988287,5.514413105,5.2353863,4.675060505,0
45721,5.147719641,4.988260706,4.945444087,4.409964346,0
45724,5.16619147,5.316269063,4.523350689,4.952096128,0
45730,5.305884676,5.345064448,4.646395575,4.900003421,0
45736,5.466935935,5.448468282,4.822464446,4.874357913,0
45741,5.002831232,4.897140034,4.752677894,4.456178943,0
45744,5.109621493,5.33675062,4.39942966,5.042257683,0
45756,5.008603679,4.849154723,4.823931787,4.364734683,0
45757,5.008603679,5.018015412,4.646404896,4.631912375,0
45767,5.795388144,5.447766936,5.602828589,4.387977982,0
45768,5.579498643,5.634585389,4.887251122,4.97854619,0
45769,5.294917028,5.076529648,5.064057658,4.410671551,0
45775,5.475594605,5.39952977,5.04883966,4.696625981,0
45778,5.664353607,5.618419467,5.018892333,4.888444761,0
45779,4.864869759,4.908441138,4.467486562,4.653695452,0
45780,4.720558595,4.737216688,4.392198148,4.553223584,0
45782,5.419601873,5.38278056,4.844334743,4.80913466,0
45785,5.431146767,5.56591039,4.80851406,4.973097557,0
45795,5.633759641,5.549236387,5.101305736,4.784957964,0
45796,4.71247717,4.707140168,4.491262271,4.459505959,0
45797,5.252200923,5.220208367,4.86475634,4.663579151,0
45800,5.65973565,5.310987111,5.441170813,4.37228489,0
45808,5.339364866,5.345990539,4.815789512,4.797195198,0
45814,4.805990804,4.881834616,4.385295523,4.684208367,0
45820,5.427683299,5.193063156,5.183044056,4.436105184,0
45825,5.456545531,5.315112106,5.12952208,4.575816942,0
45830,4.781746529,4.900167537,4.393645516,4.694472869,0
45833,5.29895774,5.24068905,4.854615447,4.687040053,0
45834,5.139060971,5.307114846,4.649179794,4.868385318,0
45838,4.848706909,4.997475264,4.532919027,4.68746094,0
45848,5.442114415,5.453613813,4.885082068,4.840495077,0
45850,4.759233987,4.728364171,4.478769904,4.487241589,0
45852,5.713419403,5.467580379,5.337566191,4.572959487,0
45859,5.44269166,5.820785572,4.468403982,5.349574303,0
45861,5.020725816,4.899422467,4.774225962,4.443875856,0
45862,5.531010092,5.710555427,4.847507767,5.058125429,0
45863,5.54313223,5.266340623,5.339105433,4.399175882,0
45873,5.392471375,5.192815673,5.13143415,4.469421153,0
45876,4.927212182,4.847722299,4.631126979,4.492767527,0
45878,4.688232895,4.687754354,4.441039814,4.475797456,0
45882,5.524083156,5.758969242,4.647522045,5.207090986,0
45883,5.196785436,5.357532129,4.548006536,4.969160684,0
45887,5.571417218,5.472310524,5.072193275,4.741280145,0
45890,5.222761446,5.458113966,4.543266308,5.048487964,0
45891,5.658003916,5.639723049,5.075028092,4.871451785,0
45894,4.881609854,4.844561873,4.636129518,4.486603099,0
45895,5.445577883,5.401163328,4.934289903,4.768675056,0
45901,5.234306339,5.453760728,4.589539461,5.017834753,0
45902,5.180622586,5.039614574,4.931044977,4.465366889,0
45904,5.757867242,5.718814162,5.06729859,4.936340045,0
45911,5.620483014,5.816796999,4.679511931,5.229652849,0
45915,5.02361204,5.217688946,4.504251296,4.886265881,0
45916,4.822730899,4.894980905,4.496674919,4.62305942,0
45917,5.416138405,5.384763915,4.875552344,4.7915805,0
45921,5.259705104,5.558110766,4.490905422,5.152848031,0
45924,5.226802158,5.308117017,4.662985044,4.860732037,0
45925,5.038043156,4.89596034,4.855355775,4.386457634,0
45928,4.6714928,4.808058686,4.34505684,4.646803777,0
45935,4.868910472,4.754185397,4.686100317,4.370535487,0
45949,4.974546244,5.180567491,4.398015581,4.922089996,0
45950,5.745167859,5.423371138,5.501897669,4.431409568,0
45953,5.351487004,5.278844158,4.950779507,4.658265088,0
45956,5.060555698,4.953419935,4.776429635,4.49071749,0
45957,5.50849755,5.370915406,5.16584608,4.599853342,0
45958,5.351487004,5.625153081,4.455709224,5.221134887,0
45960,5.536782538,5.197976071,5.319235087,4.351383672,0
45963,5.109044249,5.232627076,4.542984024,4.874337871,0
45965,4.938757075,4.937158693,4.46904844,4.677296649,0
45969,5.275867954,5.341382822,4.719901077,4.852317149,0
45972,5.825404866,5.757806163,5.108386785,4.941648382,0
45975,5.255087147,5.500315365,4.409642456,5.157852871,0
45979,5.736509189,5.489604545,5.292918829,4.619113958,0
45982,5.386698928,5.217843732,5.057533186,4.538793154,0
45983,5.566222016,5.324301304,5.220980532,4.52551086,0
45984,5.491757455,5.309838024,5.026631156,4.636376073,0
45988,5.167345959,5.454738414,4.447179475,5.102493275,0
45992,5.313966101,5.191002845,4.910092101,4.610198013,0
45995,5.47501736,5.810586332,4.544978649,5.300321871,0
45998,5.040929379,5.097647837,4.671308406,4.683532657,0
46000,5.340519356,5.416109329,4.674117924,4.938573326,0
46010,5.099808334,5.179435894,4.545175714,4.83030788,0
46011,4.968196553,5.05702053,4.453297832,4.787912766,0
46020,5.713419403,5.338784696,5.426844936,4.406010294,0
46021,5.22333869,5.197949836,4.72497685,4.733140123,0
46025,5.562758548,5.560179822,4.925541784,4.899221773,0
46030,5.383812705,5.356015754,4.882493584,4.764165547,0
46042,4.958960638,5.019909569,4.505889072,4.723680174,0
46046,5.816746196,5.483119287,5.513876067,4.47509884,0
46050,5.460586244,5.252660017,5.157496087,4.504592463,0
46052,4.901236173,5.021364729,4.420184139,4.779380488,0
46058,5.158110044,5.126746672,4.833052732,4.604795192,0
46060,5.576035175,5.448707894,5.286382373,4.589242395,0
46063,5.4005528,5.67130545,4.485502094,5.236862338,0
46064,5.554099878,5.842290289,4.635576935,5.271818909,0
46069,5.490025721,5.33618832,5.078651171,4.625653462,0
46073,5.032270709,5.246837627,4.448625511,4.943297574,0
46074,5.840990472,5.787485662,5.193845386,4.914030142,0
46075,5.367649854,5.153632158,5.045550793,4.490895007,0
46088,5.007449189,5.330497104,4.407345576,5.032777692,0
46090,5.505611327,5.33875234,5.178048174,4.565071425,0
46091,5.003985721,5.14466071,4.409979332,4.886151354,0
46100,4.965310329,5.058811497,4.618730482,4.684362979,0
46101,4.976855222,4.935358981,4.663763986,4.548923087,0
46103,5.051319783,5.218440138,4.38706512,4.958569779,0
46104,5.202557883,5.44772671,4.404008774,5.122589939,0
46108,5.006871945,5.071709429,4.589157314,4.714054161,0
46118,5.66839432,5.444314429,5.4225521,4.49983672,0
46121,5.825404866,5.510885391,5.545899242,4.478503162,0
46124,5.688597883,5.595506813,5.151217947,4.791334267,0
46126,5.26663204,5.578577456,4.399445639,5.220095552,0
46129,5.315697835,5.465331177,4.560777192,5.043569019,0
46136,5.24065603,5.303984152,4.710571081,4.828240664,0
46146,4.952033702,5.031779969,4.612862452,4.665239796,0
46149,5.227956648,5.422856061,4.616500178,4.978282777,0
46150,5.129825056,5.020879384,4.893053908,4.473733103,0
46151,5.335901398,5.638448909,4.398176695,5.263146335,0
46153,4.963578595,5.026814584,4.599400735,4.669666273,0
46156,5.461740733,5.453266638,4.838382826,4.868494119,0
46164,4.707281968,4.6854212,4.49848313,4.434705089,0
46167,5.736509189,5.549544209,5.265646535,4.684987152,0
46173,5.163305246,5.162022067,4.745325213,4.690490185,0
46190,5.233729094,5.461785098,4.499202154,5.077188485,0
46208,4.726908287,4.803350403,4.378627247,4.620642896,0
46213,5.09057242,4.935911662,4.896360084,4.395342083,0
46214,4.52775888,4.611832412,4.365622243,4.457470237,0
46221,4.694005341,4.839148746,4.382121168,4.649509482,0
46222,5.510806529,5.5762924,4.878355204,4.939647019,0
46224,4.93933432,4.832479844,4.749797805,4.399470789,0
46225,5.184663299,5.049735109,4.904940431,4.491427558,0
46226,5.663776363,5.295376494,5.414072949,4.37609292,0
46227,5.455391042,5.169906518,5.275093705,4.355251829,0
46229,4.853324866,4.791520229,4.633728779,4.440282565,0
46231,5.459431755,5.349875047,4.993347027,4.690401427,0
46239,5.241233275,5.151908528,4.976824135,4.533885663,0
46246,5.568530995,5.315509127,5.362958371,4.426885743,0
46249,4.982050424,5.098716471,4.490137132,4.798996138,0
46250,4.715363393,4.791169556,4.504147437,4.52675348,0
46251,5.102117313,4.920975281,4.858618011,4.407018133,0
46252,5.443268904,5.378317135,4.926045101,4.755324045,0
46253,5.438073702,5.563768751,4.822356593,4.9632883,0
46266,5.158687289,5.032599371,4.920677724,4.465959568,0
46269,5.449041351,5.751235204,4.470780754,5.300791433,0
46270,4.748266339,4.732609846,4.521201608,4.462497982,0
46272,5.262591327,5.134435235,5.066957719,4.460138722,0
46280,5.129825056,5.376739546,4.357767577,5.097084727,0
46281,5.130402301,5.373082406,4.396110169,5.071668273,0
46284,5.241810519,5.237827701,4.767231461,4.739484931,0
46285,5.227379403,5.41642677,4.502720042,5.041109547,0
46289,5.191590234,5.071254692,4.869263552,4.533550671,0
46302,5.440959926,5.340054464,5.070382401,4.634074076,0
46303,5.095767622,5.1146524,4.737683592,4.655550793,0
46306,5.610669854,5.595045954,4.95604702,4.907862852,0
46307,4.878146386,4.836818216,4.65690397,4.465770598,0
46308,5.660890139,5.624332804,5.035493786,4.883119245,0
46312,5.050742538,4.910611636,4.857129366,4.398608972,0
46317,5.386121683,5.325617419,4.981146265,4.678023897,0
46323,5.520042443,5.806205985,4.550226188,5.294403677,0
46325,5.390739641,5.384989535,4.854986942,4.804373191,0
46328,5.495220923,5.446706174,4.924766837,4.810906969,0
46329,4.919130757,5.149482677,4.462389484,4.85754818,0
46330,5.176581873,5.370178207,4.483930894,5.017239211,0
46331,4.647248524,4.55862374,4.418710141,4.371400167,0
46334,5.020725816,4.9010123,4.794198835,4.431985067,0
46335,5.012067146,4.927325866,4.702978726,4.516036595,0
46338,5.134443013,5.146465668,4.688008392,4.713776433,0
46343,5.319738548,5.333140703,4.782184486,4.807554185,0
46344,5.305884676,5.078617068,5.088649592,4.396312701,0
46355,5.576035175,5.521768486,5.177897712,4.716338979,0
46357,5.230842871,5.445306981,4.443630961,5.097580057,0
46359,4.741339403,4.719057791,4.557893109,4.425273772,0
46365,5.459431755,5.344946391,4.935987597,4.722048161,0
46375,4.59471926,4.589387614,4.432107945,4.391038722,0
46377,5.669548809,5.44348803,5.188005318,4.646288404,0
46386,5.070946101,4.936970676,4.842667674,4.432108184,0
46390,5.342828334,5.5355654,4.577004486,5.086356389,0
46392,5.322047527,5.58178598,4.355187082,5.247604991,0
46394,5.326665484,5.081067404,5.021057392,4.443005449,0
46399,5.200248904,5.430822714,4.395805249,5.114905163,0
46400,5.504456838,5.290854478,5.187873497,4.518000737,0
46402,5.414983916,5.410025464,4.862087964,4.819983251,0
46411,5.427106054,5.439615765,4.799960344,4.881031987,0
46412,5.180622586,5.053488443,4.898337399,4.499052208,0
46418,5.596238738,5.697079453,4.93559746,4.997048062,0
46419,5.560449569,5.37389831,5.073649963,4.660114703,0
46422,5.341673845,5.442235753,4.639592814,4.979313522,0
46423,5.505034082,5.649320636,4.675425481,5.112677608,0
46430,5.304730187,5.354118099,4.766923879,4.833677844,0
46433,5.798274368,5.763775468,5.035697509,4.988438478,0
46436,5.426528809,5.636788242,4.636003023,5.126280579,0
46437,5.477903584,5.194878608,5.258873068,4.388212763,0
46438,5.089995175,5.143641923,4.502873168,4.827653712,0
46444,5.843876695,5.495644685,5.481088598,4.506436351,0
46447,5.661467384,5.745135599,4.885308427,5.061647141,0
46449,5.682825436,5.637678479,5.013495662,4.906422672,0
46463,5.287412847,5.535194614,4.428783127,5.172100057,0
46467,5.63491413,5.409320621,5.263709167,4.570494289,0
46468,5.200248904,5.170843977,4.756356897,4.690876715,0
46469,5.429415033,5.342174241,4.953329378,4.709000647,0
46472,5.625678215,5.290174121,5.423790418,4.36516416,0
46478,5.135020258,5.109535728,4.70956578,4.669165217,0
46483,4.915090044,4.776776237,4.747916361,4.349393762,0
46484,5.68455717,5.707693204,4.860406249,5.048568133,0
46485,5.292030804,5.293260215,4.75730228,4.790798852,0
46493,5.724387052,5.565893775,5.26590352,4.698046119,0
46498,4.840625484,4.812933123,4.621669158,4.467794866,0
46500,5.531587337,5.71564499,4.688837932,5.152876663,0
46504,4.964733085,4.974110496,4.792842011,4.498241928,0
46509,5.472131137,5.461477275,4.94183166,4.812241211,0
46513,5.251623679,5.13584842,4.885935576,4.578617132,0
46517,5.028229997,5.199491571,4.606758742,4.808267117,0
46521,5.249891945,5.176942707,4.900927215,4.604108028,0
46523,5.620483014,5.740648563,4.898597046,5.050704065,0
46524,5.489448477,5.674410783,4.662100912,5.138512086,0
46528,4.702086766,4.718683507,4.500444466,4.463829361,0
46532,5.532164581,5.66703354,4.674248413,5.126211863,0
46546,5.557563346,5.295022323,5.33582855,4.42649635,0
46547,5.667817075,5.3271679,5.473842439,4.365370309,0
46550,4.550271422,4.577100953,4.369110838,4.422923101,0
46558,4.949147479,5.11148935,4.365614254,4.887056119,0
46571,5.240078785,5.024788379,5.022785712,4.391525463,0
46572,5.540246006,5.747185416,4.598311548,5.226537709,0
46576,5.260282348,5.675321133,4.380974725,5.298540973,0
46581,4.952610947,5.079652471,4.490913411,4.782844937,0
46582,4.75461603,4.839042932,4.410728981,4.63069266,0
46583,5.234306339,5.281316357,4.645511443,4.85012109,0
46591,4.935870852,5.134622377,4.34833106,4.916223339,0
46592,5.126361588,5.189583538,4.609838559,4.798306112,0
46598,5.345714557,5.417402707,4.662497706,4.946550147,0
46599,5.80231508,5.699250825,5.155741137,4.869318715,0
46607,5.792501921,5.757012121,5.10078511,4.94549077,0
46608,5.667239831,5.623390098,5.127342374,4.827547774,0
46612,5.181777075,5.333000784,4.5570649,4.944711985,0
46613,5.02245755,4.953620194,4.891456078,4.41463992,0
46614,5.331860686,5.362865676,4.865824223,4.779970303,0
46628,5.087108952,5.112761741,4.791345377,4.619615014,0
46631,5.01379888,5.258942392,4.384540549,4.991593703,0
46633,5.464049712,5.57837982,4.792381304,4.99203177,0
46639,5.08191375,5.126372388,4.513773031,4.806795442,0
46644,5.053628762,4.975779907,4.737378673,4.536136123,0
46653,5.107889759,5.313054418,4.453671991,4.991642377,0
46654,4.885650567,4.793059341,4.756836246,4.358427096,0
46655,5.649922491,5.612864672,4.962654047,4.917586213,0
46656,4.676110757,4.720201631,4.449324562,4.499664929,0
46660,4.767892657,4.884168644,4.383804215,4.687174622,0
46661,5.03977489,4.886769393,4.769013041,4.43593912,0
46662,5.16503698,5.345801647,4.605593657,4.925319663,0
46663,5.501570614,5.242248275,5.116169549,4.522155212,0
46666,5.366495365,5.613823119,4.536751156,5.16672873,0
46670,5.192744724,5.27372049,4.662801294,4.833411568,0
46671,5.145410662,5.359857412,4.425422358,5.044281951,0
46676,5.457122776,5.143253647,5.233359719,4.358822215,0
46678,5.429415033,5.352117253,4.996241763,4.690441511,0
46679,5.066905389,5.202607398,4.558385773,4.840801437,0
46681,5.125207099,5.062525479,4.766816025,4.592383304,0
46684,5.023034795,5.232030671,4.46675156,4.920609731,0
46685,4.723444819,4.825733112,4.44053916,4.599483992,0
46689,5.259705104,5.431916707,4.466842104,5.073950228,0
46697,4.751729807,4.727640089,4.555596228,4.434705089,0
46705,5.48367603,5.695496617,4.576971198,5.202137684,0
46707,5.069214367,5.126130152,4.773609465,4.642320036,0
46710,5.072100591,5.012907484,4.790619696,4.533848441,0
46714,5.399975555,5.470133905,4.797499685,4.906270923,0
46719,5.075564059,5.080218269,4.734563829,4.62831622,0
46723,5.364763631,5.211570976,4.979375337,4.583464497,0
46725,5.1898585,5.188869076,4.798177432,4.679478393,0
46732,5.062864676,5.281549847,4.420527673,4.987327564,0
46734,4.845243441,4.941300303,4.34601687,4.759879366,0
46735,5.234306339,5.467945918,4.464739626,5.101983629,0
46740,5.435187479,5.287024188,5.081073215,4.58278306,0
46743,4.745380116,4.671579687,4.549073088,4.387396757,0
46749,5.001676743,5.083425919,4.616007514,4.706790272,0
46751,5.330128952,5.149783504,5.148284598,4.420555251,0
46759,5.002253987,5.03157009,4.551591001,4.704302168,0
46763,5.092304154,5.188205334,4.506846438,4.861121429,0
46764,5.128670567,5.114821178,4.900446534,4.551147778,0
46767,5.689175128,5.590839631,5.215786253,4.748572666,0
46769,5.485407764,5.52406666,4.86575099,4.907084066,0
46771,5.361300163,5.358255336,4.841161719,4.791440205,0
46774,5.825404866,5.836415429,5.052430782,5.032293815,0
46775,5.127516078,5.268879283,4.578758104,4.881183735,0
46785,5.107312515,5.021422446,4.863328946,4.493735282,0
46798,4.862560781,4.80921302,4.553905192,4.509729008,0
46801,4.887382301,4.891530146,4.579513079,4.565775767,0
46804,5.092881398,5.141446939,4.591910907,4.770161047,0
46811,5.814437218,5.716757349,5.195609656,4.859142972,0
46817,4.951456458,4.896804228,4.669367043,4.511172051,0
46818,5.253355413,5.294847424,4.878542949,4.716774183,0
46824,5.396512087,5.684833894,4.49543527,5.240764853,0
46829,5.126938833,5.346224029,4.428970872,5.03182139,0
46831,5.667817075,5.449903329,5.315948884,4.571716867,0
46832,5.370536078,5.475469202,4.679770247,4.980733659,0
46836,4.915667289,5.088389554,4.401400317,4.846146995,0
46838,5.52581489,5.511015691,4.926033117,4.860780711,0
46839,4.900081683,5.015268622,4.415016491,4.777602453,0
46842,5.345137313,5.557370068,4.537946866,5.125095222,0
46849,5.494066434,5.194652114,5.240749683,4.399865908,0
46851,5.24065603,5.479460399,4.478265256,5.102584897,0
46852,4.883341588,4.935780488,4.524618301,4.640121113,0
46853,5.245273987,5.231897747,4.961663392,4.611993228,0
46854,5.040352135,5.065205807,4.610646794,4.694910936,0
46856,5.247005721,5.197022871,4.782617232,4.696102019,0
46859,5.499261636,5.299054621,5.188238334,4.524797928,0
46860,5.319161303,5.623473175,4.401613361,5.250671457,0
46870,4.809454272,4.831227567,4.484854973,4.575092557,0
46871,5.165614225,5.249620271,4.694984251,4.794097236,0
46879,5.406902491,5.5363026,4.607859913,5.068873809,0
46881,5.323779261,5.513941752,4.509208563,5.10995186,0
46884,5.431146767,5.397237718,4.938762495,4.762765452,0
46885,5.378040258,5.730806992,4.380012032,5.337268353,0
46892,5.271249997,5.498967768,4.538673878,5.081669363,0
46893,4.920862491,4.85979121,4.689748695,4.46453084,0
46905,5.640686577,5.557630668,5.075186543,4.807390983,0
46907,5.040352135,5.120855196,4.528849887,4.7928403,0
46914,5.321470282,5.390901999,4.767078336,4.862716221,0
46915,5.611824344,5.421087831,5.263975472,4.580200471,0
46919,5.304152942,5.332612508,4.785782266,4.804917195,0
46920,5.437496458,5.721837292,4.533688649,5.245151245,0
46929,5.350332515,5.257489855,5.02214658,4.595203537,0
46940,5.098653845,5.032265314,4.722119397,4.595217853,0
46950,5.664353607,5.508052026,5.297954656,4.631193716,0
46953,5.423065341,5.593175408,4.551918556,5.143084585,0
46959,5.370536078,5.336385081,4.868953307,4.756638245,0
46962,5.20717584,5.089386479,4.937534829,4.50495895,0
46965,5.259705104,5.392751556,4.530130814,5.006860182,0
46968,5.310502633,5.19599359,4.998673127,4.557798946,0
46972,5.812128239,5.749135541,5.044155355,4.972622269,0
46975,4.960692372,5.018449161,4.775887705,4.54830464,0
46976,4.641476078,4.670672835,4.44206642,4.459494506,0
46985,4.801950092,4.733499208,4.62701523,4.391608495,0
46986,4.945106766,5.037814862,4.412237598,4.797996888,0
46996,5.259705104,5.224013297,4.842892701,4.680554949,0
46997,5.647613512,5.427369331,5.498788559,4.436852474,0
47001,5.674744011,5.474641929,5.201331219,4.663616373,0
47010,4.891423013,4.929985207,4.576240191,4.601511124,0
47013,5.203712372,5.071128764,4.993553414,4.452247796,0
47014,4.711899926,4.668571423,4.528505022,4.398671962,0
47017,5.544863964,5.355201599,5.160185768,4.590233056,0
47020,5.293185294,5.165890835,5.003369415,4.528849328,0
47021,5.334746909,5.456287145,4.62494604,4.998734475,0
47031,4.949724724,4.913757196,4.606168876,4.567768541,0
47032,5.094035888,4.994397914,4.910446286,4.438679183,0
47040,5.212371042,5.248380237,4.726101988,4.773760065,0
47043,5.180045341,5.373382358,4.484988125,5.019045878,0
47060,5.120589142,4.99067956,4.90508823,4.438896785,0
47063,5.02245755,4.919946,4.826328531,4.427644486,0
47064,4.961269617,5.073647311,4.546685664,4.742631566,0
47067,4.891423013,4.839161864,4.645419567,4.475554086,0
47069,5.320315793,5.673784645,4.401135344,5.28616058,0
47076,5.04727907,4.951939414,4.783040656,4.485036939,0
47077,5.283949379,5.403873389,4.726883593,4.897263357,0
47078,5.120011897,5.23182429,4.672406914,4.793684938,0
47084,5.480212562,5.60394307,4.753834989,5.033782668,0
47086,5.23199736,5.19445885,4.843549143,4.655427676,0
47087,5.282217645,5.238370762,4.942095302,4.629865201,0
47096,5.260282348,5.657556634,4.435703062,5.255347031,0
47098,5.092304154,5.337056694,4.52489659,4.967265258,0
47099,5.350332515,5.632860009,4.390310046,5.263670297,0
47103,5.607206386,5.791703353,4.739742129,5.178155684,0
47112,5.085954462,5.026931767,4.776104743,4.555554213,0
47113,5.248737455,5.11712285,4.912519471,4.545335522,0
47128,5.120011897,5.255977853,4.628923305,4.840074189,0
47137,4.523140923,4.521331758,4.371415708,4.369000822,0
47138,5.296071517,5.537303897,4.43806785,5.168269121,0
47143,5.159841778,5.209141628,4.690899132,4.763681669,0
47145,5.138483726,5.233066073,4.701241086,4.776763541,0
47147,4.978009712,4.798136661,4.766690862,4.356431459,0
47150,5.171386671,5.110809867,4.812089204,4.604637717,0
47160,5.609515365,5.463044371,5.246592414,4.625979865,0
47165,4.920862491,4.976323844,4.557668081,4.653515072,0
47167,5.756135508,5.488593629,5.55914392,4.451102524,0
47168,5.660890139,5.413311818,5.263787727,4.573798399,0
47172,5.272981731,5.232258039,4.919727015,4.638898535,0
47179,5.679939213,5.612343473,5.100367011,4.835100845,0
47183,5.099231089,5.278276611,4.418150901,4.986233829,0
47185,5.7948109,5.714858819,5.202716005,4.853473874,0
47186,5.020148572,5.070935501,4.591969494,4.711617594,0
47190,4.81407223,4.852169983,4.392082306,4.654270951,0
47192,5.244696743,5.358853491,4.624996638,4.923753504,0
47195,5.247005721,5.210827655,4.76026226,4.721615821,0
47209,4.899504439,5.045542778,4.357706327,4.838648325,0
47212,4.950301968,5.036715621,4.392533693,4.809518327,0
47220,4.987822871,4.959960286,4.712670896,4.538443846,0
47225,4.932407384,4.778821681,4.750484872,4.34954551,0
47240,4.902967907,4.931344173,4.566219134,4.609227395,0
47246,5.780379783,5.600454708,5.379691644,4.656320989,0
47247,5.283949379,5.194627628,4.958009688,4.582679985,0
47251,5.331283441,5.269306911,4.801116107,4.744129009,0
47252,5.170232182,5.451646198,4.45375854,5.0963403,0
47253,5.392471375,5.32674202,5.016968279,4.656521411,0
47257,4.927789427,5.013583469,4.455858355,4.750261942,0
47262,5.434610234,5.680132607,4.652471323,5.148149552,0
47272,5.432301256,5.446025816,4.867388765,4.845245093,0
47275,5.203712372,5.336880045,4.532572831,4.962503789,0
47277,5.208330329,5.262132551,4.740300038,4.776116462,0
47289,4.954342681,4.888557736,4.76254183,4.441874493,0
47294,5.323202016,5.196992263,4.937480237,4.597809031,0
47296,5.736509189,5.383000058,5.474377712,4.41401002,0
47297,4.84755242,4.837566784,4.606168876,4.500291965,0
47314,5.010912657,4.867465782,4.82430195,4.381295319,0
47318,5.252778168,5.329975904,4.808546016,4.788774584,0
47322,5.514847242,5.769922296,4.492054528,5.301804998,0
47325,4.945106766,5.094356237,4.40070393,4.851418111,0
47326,5.084799973,5.024768265,4.673911538,4.619941417,0
47331,4.788673465,4.958748235,4.355737002,4.768265621,0
47336,5.161573512,5.030309068,4.86961108,4.497454553,0
47337,4.872951184,4.878631339,4.531784568,4.585829484,0
47339,5.698988287,5.514413105,5.2353863,4.675060505,0
49531,5.147719641,4.988260706,4.945444087,4.409964346,0
49534,5.16619147,5.316269063,4.523350689,4.952096128,0
49540,5.305884676,5.345064448,4.646395575,4.900003421,0
49546,5.466935935,5.448468282,4.822464446,4.874357913,0
49551,5.002831232,4.897140034,4.752677894,4.456178943,0
49554,5.109621493,5.33675062,4.39942966,5.042257683,0
49566,5.008603679,4.849154723,4.823931787,4.364734683,0
49567,5.008603679,5.018015412,4.646404896,4.631912375,0
49577,5.795388144,5.447766936,5.602828589,4.387977982,0
49578,5.579498643,5.634585389,4.887251122,4.97854619,0
49579,5.294917028,5.076529648,5.064057658,4.410671551,0
49585,5.475594605,5.39952977,5.04883966,4.696625981,0
49588,5.664353607,5.618419467,5.018892333,4.888444761,0
49589,4.864869759,4.908441138,4.467486562,4.653695452,0
49590,4.720558595,4.737216688,4.392198148,4.553223584,0
49592,5.419601873,5.38278056,4.844334743,4.80913466,0
49595,5.431146767,5.56591039,4.80851406,4.973097557,0
49605,5.633759641,5.549236387,5.101305736,4.784957964,0
49606,4.71247717,4.707140168,4.491262271,4.459505959,0
49607,5.252200923,5.220208367,4.86475634,4.663579151,0
49610,5.65973565,5.310987111,5.441170813,4.37228489,0
49618,5.339364866,5.345990539,4.815789512,4.797195198,0
49624,4.805990804,4.881834616,4.385295523,4.684208367,0
49630,5.427683299,5.193063156,5.183044056,4.436105184,0
49635,5.456545531,5.315112106,5.12952208,4.575816942,0
49640,4.781746529,4.900167537,4.393645516,4.694472869,0
49643,5.29895774,5.24068905,4.854615447,4.687040053,0
49644,5.139060971,5.307114846,4.649179794,4.868385318,0
49648,4.848706909,4.997475264,4.532919027,4.68746094,0
49658,5.442114415,5.453613813,4.885082068,4.840495077,0
49660,4.759233987,4.728364171,4.478769904,4.487241589,0
49662,5.713419403,5.467580379,5.337566191,4.572959487,0
49669,5.44269166,5.820785572,4.468403982,5.349574303,0
49671,5.020725816,4.899422467,4.774225962,4.443875856,0
49672,5.531010092,5.710555427,4.847507767,5.058125429,0
49673,5.54313223,5.266340623,5.339105433,4.399175882,0
49683,5.392471375,5.192815673,5.13143415,4.469421153,0
49686,4.927212182,4.847722299,4.631126979,4.492767527,0
49688,4.688232895,4.687754354,4.441039814,4.475797456,0
49692,5.524083156,5.758969242,4.647522045,5.207090986,0
49693,5.196785436,5.357532129,4.548006536,4.969160684,0
49697,5.571417218,5.472310524,5.072193275,4.741280145,0
49700,5.222761446,5.458113966,4.543266308,5.048487964,0
49701,5.658003916,5.639723049,5.075028092,4.871451785,0
49704,4.881609854,4.844561873,4.636129518,4.486603099,0
49705,5.445577883,5.401163328,4.934289903,4.768675056,0
49711,5.234306339,5.453760728,4.589539461,5.017834753,0
49712,5.180622586,5.039614574,4.931044977,4.465366889,0
49714,5.757867242,5.718814162,5.06729859,4.936340045,0
49721,5.620483014,5.816796999,4.679511931,5.229652849,0
49725,5.02361204,5.217688946,4.504251296,4.886265881,0
49726,4.822730899,4.894980905,4.496674919,4.62305942,0
49727,5.416138405,5.384763915,4.875552344,4.7915805,0
49731,5.259705104,5.558110766,4.490905422,5.152848031,0
49734,5.226802158,5.308117017,4.662985044,4.860732037,0
49735,5.038043156,4.89596034,4.855355775,4.386457634,0
49738,4.6714928,4.808058686,4.34505684,4.646803777,0
49745,4.868910472,4.754185397,4.686100317,4.370535487,0
49759,4.974546244,5.180567491,4.398015581,4.922089996,0
49760,5.745167859,5.423371138,5.501897669,4.431409568,0
49763,5.351487004,5.278844158,4.950779507,4.658265088,0
49766,5.060555698,4.953419935,4.776429635,4.49071749,0
49767,5.50849755,5.370915406,5.16584608,4.599853342,0
49768,5.351487004,5.625153081,4.455709224,5.221134887,0
49770,5.536782538,5.197976071,5.319235087,4.351383672,0
49773,5.109044249,5.232627076,4.542984024,4.874337871,0
49775,4.938757075,4.937158693,4.46904844,4.677296649,0
49779,5.275867954,5.341382822,4.719901077,4.852317149,0
49782,5.825404866,5.757806163,5.108386785,4.941648382,0
49785,5.255087147,5.500315365,4.409642456,5.157852871,0
49789,5.736509189,5.489604545,5.292918829,4.619113958,0
49792,5.386698928,5.217843732,5.057533186,4.538793154,0
49793,5.566222016,5.324301304,5.220980532,4.52551086,0
49794,5.491757455,5.309838024,5.026631156,4.636376073,0
49798,5.167345959,5.454738414,4.447179475,5.102493275,0
49802,5.313966101,5.191002845,4.910092101,4.610198013,0
49805,5.47501736,5.810586332,4.544978649,5.300321871,0
49808,5.040929379,5.097647837,4.671308406,4.683532657,0
49810,5.340519356,5.416109329,4.674117924,4.938573326,0
49820,5.099808334,5.179435894,4.545175714,4.83030788,0
49821,4.968196553,5.05702053,4.453297832,4.787912766,0
49830,5.713419403,5.338784696,5.426844936,4.406010294,0
49831,5.22333869,5.197949836,4.72497685,4.733140123,0
49835,5.562758548,5.560179822,4.925541784,4.899221773,0
49840,5.383812705,5.356015754,4.882493584,4.764165547,0
49852,4.958960638,5.019909569,4.505889072,4.723680174,0
49856,5.816746196,5.483119287,5.513876067,4.47509884,0
49860,5.460586244,5.252660017,5.157496087,4.504592463,0
49862,4.901236173,5.021364729,4.420184139,4.779380488,0
49868,5.158110044,5.126746672,4.833052732,4.604795192,0
49870,5.576035175,5.448707894,5.286382373,4.589242395,0
49873,5.4005528,5.67130545,4.485502094,5.236862338,0
49874,5.554099878,5.842290289,4.635576935,5.271818909,0
49879,5.490025721,5.33618832,5.078651171,4.625653462,0
49883,5.032270709,5.246837627,4.448625511,4.943297574,0
49884,5.840990472,5.787485662,5.193845386,4.914030142,0
49885,5.367649854,5.153632158,5.045550793,4.490895007,0
49898,5.007449189,5.330497104,4.407345576,5.032777692,0
49900,5.505611327,5.33875234,5.178048174,4.565071425,0
49901,5.003985721,5.14466071,4.409979332,4.886151354,0
49910,4.965310329,5.058811497,4.618730482,4.684362979,0
49911,4.976855222,4.935358981,4.663763986,4.548923087,0
49913,5.051319783,5.218440138,4.38706512,4.958569779,0
49914,5.202557883,5.44772671,4.404008774,5.122589939,0
49918,5.006871945,5.071709429,4.589157314,4.714054161,0
49928,5.66839432,5.444314429,5.4225521,4.49983672,0
49931,5.825404866,5.510885391,5.545899242,4.478503162,0
49934,5.688597883,5.595506813,5.151217947,4.791334267,0
49936,5.26663204,5.578577456,4.399445639,5.220095552,0
49939,5.315697835,5.465331177,4.560777192,5.043569019,0
49946,5.24065603,5.303984152,4.710571081,4.828240664,0
49956,4.952033702,5.031779969,4.612862452,4.665239796,0
49959,5.227956648,5.422856061,4.616500178,4.978282777,0
49960,5.129825056,5.020879384,4.893053908,4.473733103,0
49961,5.335901398,5.638448909,4.398176695,5.263146335,0
49963,4.963578595,5.026814584,4.599400735,4.669666273,0
49966,5.461740733,5.453266638,4.838382826,4.868494119,0
49974,4.707281968,4.6854212,4.49848313,4.434705089,0
49977,5.736509189,5.549544209,5.265646535,4.684987152,0
49983,5.163305246,5.162022067,4.745325213,4.690490185,0
50000,5.233729094,5.461785098,4.499202154,5.077188485,0
50018,4.726908287,4.803350403,4.378627247,4.620642896,0
50023,5.09057242,4.935911662,4.896360084,4.395342083,0
50024,4.52775888,4.611832412,4.365622243,4.457470237,0
50031,4.694005341,4.839148746,4.382121168,4.649509482,0
50032,5.510806529,5.5762924,4.878355204,4.939647019,0
50034,4.93933432,4.832479844,4.749797805,4.399470789,0
50035,5.184663299,5.049735109,4.904940431,4.491427558,0
50036,5.663776363,5.295376494,5.414072949,4.37609292,0
50037,5.455391042,5.169906518,5.275093705,4.355251829,0
50039,4.853324866,4.791520229,4.633728779,4.440282565,0
50041,5.459431755,5.349875047,4.993347027,4.690401427,0
50049,5.241233275,5.151908528,4.976824135,4.533885663,0
50056,5.568530995,5.315509127,5.362958371,4.426885743,0
50059,4.982050424,5.098716471,4.490137132,4.798996138,0
50060,4.715363393,4.791169556,4.504147437,4.52675348,0
50061,5.102117313,4.920975281,4.858618011,4.407018133,0
50062,5.443268904,5.378317135,4.926045101,4.755324045,0
50063,5.438073702,5.563768751,4.822356593,4.9632883,0
50076,5.158687289,5.032599371,4.920677724,4.465959568,0
50079,5.449041351,5.751235204,4.470780754,5.300791433,0
50080,4.748266339,4.732609846,4.521201608,4.462497982,0
50082,5.262591327,5.134435235,5.066957719,4.460138722,0
50090,5.129825056,5.376739546,4.357767577,5.097084727,0
50091,5.130402301,5.373082406,4.396110169,5.071668273,0
50094,5.241810519,5.237827701,4.767231461,4.739484931,0
50095,5.227379403,5.41642677,4.502720042,5.041109547,0
50099,5.191590234,5.071254692,4.869263552,4.533550671,0
50112,5.440959926,5.340054464,5.070382401,4.634074076,0
50113,5.095767622,5.1146524,4.737683592,4.655550793,0
50116,5.610669854,5.595045954,4.95604702,4.907862852,0
50117,4.878146386,4.836818216,4.65690397,4.465770598,0
50118,5.660890139,5.624332804,5.035493786,4.883119245,0
50122,5.050742538,4.910611636,4.857129366,4.398608972,0
50127,5.386121683,5.325617419,4.981146265,4.678023897,0
50133,5.520042443,5.806205985,4.550226188,5.294403677,0
50135,5.390739641,5.384989535,4.854986942,4.804373191,0
50138,5.495220923,5.446706174,4.924766837,4.810906969,0
50139,4.919130757,5.149482677,4.462389484,4.85754818,0
50140,5.176581873,5.370178207,4.483930894,5.017239211,0
50141,4.647248524,4.55862374,4.418710141,4.371400167,0
50144,5.020725816,4.9010123,4.794198835,4.431985067,0
50145,5.012067146,4.927325866,4.702978726,4.516036595,0
50148,5.134443013,5.146465668,4.688008392,4.713776433,0
50153,5.319738548,5.333140703,4.782184486,4.807554185,0
50154,5.305884676,5.078617068,5.088649592,4.396312701,0
50165,5.576035175,5.521768486,5.177897712,4.716338979,0
50167,5.230842871,5.445306981,4.443630961,5.097580057,0
50169,4.741339403,4.719057791,4.557893109,4.425273772,0
50175,5.459431755,5.344946391,4.935987597,4.722048161,0
50185,4.59471926,4.589387614,4.432107945,4.391038722,0
50187,5.669548809,5.44348803,5.188005318,4.646288404,0
50196,5.070946101,4.936970676,4.842667674,4.432108184,0
50200,5.342828334,5.5355654,4.577004486,5.086356389,0
50202,5.322047527,5.58178598,4.355187082,5.247604991,0
50204,5.326665484,5.081067404,5.021057392,4.443005449,0
50209,5.200248904,5.430822714,4.395805249,5.114905163,0
50210,5.504456838,5.290854478,5.187873497,4.518000737,0
50212,5.414983916,5.410025464,4.862087964,4.819983251,0
50221,5.427106054,5.439615765,4.799960344,4.881031987,0
50222,5.180622586,5.053488443,4.898337399,4.499052208,0
50228,5.596238738,5.697079453,4.93559746,4.997048062,0
50229,5.560449569,5.37389831,5.073649963,4.660114703,0
50232,5.341673845,5.442235753,4.639592814,4.979313522,0
50233,5.505034082,5.649320636,4.675425481,5.112677608,0
50240,5.304730187,5.354118099,4.766923879,4.833677844,0
50243,5.798274368,5.763775468,5.035697509,4.988438478,0
50246,5.426528809,5.636788242,4.636003023,5.126280579,0
50247,5.477903584,5.194878608,5.258873068,4.388212763,0
50248,5.089995175,5.143641923,4.502873168,4.827653712,0
50254,5.843876695,5.495644685,5.481088598,4.506436351,0
50257,5.661467384,5.745135599,4.885308427,5.061647141,0
50259,5.682825436,5.637678479,5.013495662,4.906422672,0
50273,5.287412847,5.535194614,4.428783127,5.172100057,0
50277,5.63491413,5.409320621,5.263709167,4.570494289,0
50278,5.200248904,5.170843977,4.756356897,4.690876715,0
50279,5.429415033,5.342174241,4.953329378,4.709000647,0
50282,5.625678215,5.290174121,5.423790418,4.36516416,0
50288,5.135020258,5.109535728,4.70956578,4.669165217,0
50293,4.915090044,4.776776237,4.747916361,4.349393762,0
50294,5.68455717,5.707693204,4.860406249,5.048568133,0
50295,5.292030804,5.293260215,4.75730228,4.790798852,0
50303,5.724387052,5.565893775,5.26590352,4.698046119,0
50308,4.840625484,4.812933123,4.621669158,4.467794866,0
50310,5.531587337,5.71564499,4.688837932,5.152876663,0
50314,4.964733085,4.974110496,4.792842011,4.498241928,0
50319,5.472131137,5.461477275,4.94183166,4.812241211,0
50323,5.251623679,5.13584842,4.885935576,4.578617132,0
50327,5.028229997,5.199491571,4.606758742,4.808267117,0
50331,5.249891945,5.176942707,4.900927215,4.604108028,0
50333,5.620483014,5.740648563,4.898597046,5.050704065,0
50334,5.489448477,5.674410783,4.662100912,5.138512086,0
50338,4.702086766,4.718683507,4.500444466,4.463829361,0
50342,5.532164581,5.66703354,4.674248413,5.126211863,0
50356,5.557563346,5.295022323,5.33582855,4.42649635,0
50357,5.667817075,5.3271679,5.473842439,4.365370309,0
50360,4.550271422,4.577100953,4.369110838,4.422923101,0
50368,4.949147479,5.11148935,4.365614254,4.887056119,0
50381,5.240078785,5.024788379,5.022785712,4.391525463,0
50382,5.540246006,5.747185416,4.598311548,5.226537709,0
50386,5.260282348,5.675321133,4.380974725,5.298540973,0
50391,4.952610947,5.079652471,4.490913411,4.782844937,0
50392,4.75461603,4.839042932,4.410728981,4.63069266,0
50393,5.234306339,5.281316357,4.645511443,4.85012109,0
50401,4.935870852,5.134622377,4.34833106,4.916223339,0
50402,5.126361588,5.189583538,4.609838559,4.798306112,0
50408,5.345714557,5.417402707,4.662497706,4.946550147,0
50409,5.80231508,5.699250825,5.155741137,4.869318715,0
50417,5.792501921,5.757012121,5.10078511,4.94549077,0
50418,5.667239831,5.623390098,5.127342374,4.827547774,0
50422,5.181777075,5.333000784,4.5570649,4.944711985,0
50423,5.02245755,4.953620194,4.891456078,4.41463992,0
50424,5.331860686,5.362865676,4.865824223,4.779970303,0
50438,5.087108952,5.112761741,4.791345377,4.619615014,0
50441,5.01379888,5.258942392,4.384540549,4.991593703,0
50443,5.464049712,5.57837982,4.792381304,4.99203177,0
50449,5.08191375,5.126372388,4.513773031,4.806795442,0
50454,5.053628762,4.975779907,4.737378673,4.536136123,0
50463,5.107889759,5.313054418,4.453671991,4.991642377,0
50464,4.885650567,4.793059341,4.756836246,4.358427096,0
50465,5.649922491,5.612864672,4.962654047,4.917586213,0
50466,4.676110757,4.720201631,4.449324562,4.499664929,0
50470,4.767892657,4.884168644,4.383804215,4.687174622,0
50471,5.03977489,4.886769393,4.769013041,4.43593912,0
50472,5.16503698,5.345801647,4.605593657,4.925319663,0
50473,5.501570614,5.242248275,5.116169549,4.522155212,0
50476,5.366495365,5.613823119,4.536751156,5.16672873,0
50480,5.192744724,5.27372049,4.662801294,4.833411568,0
50481,5.145410662,5.359857412,4.425422358,5.044281951,0
50486,5.457122776,5.143253647,5.233359719,4.358822215,0
50488,5.429415033,5.352117253,4.996241763,4.690441511,0
50489,5.066905389,5.202607398,4.558385773,4.840801437,0
50491,5.125207099,5.062525479,4.766816025,4.592383304,0
50494,5.023034795,5.232030671,4.46675156,4.920609731,0
50495,4.723444819,4.825733112,4.44053916,4.599483992,0
50499,5.259705104,5.431916707,4.466842104,5.073950228,0
50507,4.751729807,4.727640089,4.555596228,4.434705089,0
50515,5.48367603,5.695496617,4.576971198,5.202137684,0
50517,5.069214367,5.126130152,4.773609465,4.642320036,0
50520,5.072100591,5.012907484,4.790619696,4.533848441,0
50524,5.399975555,5.470133905,4.797499685,4.906270923,0
50529,5.075564059,5.080218269,4.734563829,4.62831622,0
50533,5.364763631,5.211570976,4.979375337,4.583464497,0
50535,5.1898585,5.188869076,4.798177432,4.679478393,0
50542,5.062864676,5.281549847,4.420527673,4.987327564,0
50544,4.845243441,4.941300303,4.34601687,4.759879366,0
50545,5.234306339,5.467945918,4.464739626,5.101983629,0
50550,5.435187479,5.287024188,5.081073215,4.58278306,0
50553,4.745380116,4.671579687,4.549073088,4.387396757,0
50559,5.001676743,5.083425919,4.616007514,4.706790272,0
50561,5.330128952,5.149783504,5.148284598,4.420555251,0
50569,5.002253987,5.03157009,4.551591001,4.704302168,0
50573,5.092304154,5.188205334,4.506846438,4.861121429,0
50574,5.128670567,5.114821178,4.900446534,4.551147778,0
50577,5.689175128,5.590839631,5.215786253,4.748572666,0
50579,5.485407764,5.52406666,4.86575099,4.907084066,0
50581,5.361300163,5.358255336,4.841161719,4.791440205,0
50584,5.825404866,5.836415429,5.052430782,5.032293815,0
50585,5.127516078,5.268879283,4.578758104,4.881183735,0
50595,5.107312515,5.021422446,4.863328946,4.493735282,0
50608,4.862560781,4.80921302,4.553905192,4.509729008,0
50611,4.887382301,4.891530146,4.579513079,4.565775767,0
50614,5.092881398,5.141446939,4.591910907,4.770161047,0
50621,5.814437218,5.716757349,5.195609656,4.859142972,0
50627,4.951456458,4.896804228,4.669367043,4.511172051,0
50628,5.253355413,5.294847424,4.878542949,4.716774183,0
50634,5.396512087,5.684833894,4.49543527,5.240764853,0
50639,5.126938833,5.346224029,4.428970872,5.03182139,0
50641,5.667817075,5.449903329,5.315948884,4.571716867,0
50642,5.370536078,5.475469202,4.679770247,4.980733659,0
50646,4.915667289,5.088389554,4.401400317,4.846146995,0
50648,5.52581489,5.511015691,4.926033117,4.860780711,0
50649,4.900081683,5.015268622,4.415016491,4.777602453,0
50652,5.345137313,5.557370068,4.537946866,5.125095222,0
50659,5.494066434,5.194652114,5.240749683,4.399865908,0
50661,5.24065603,5.479460399,4.478265256,5.102584897,0
50662,4.883341588,4.935780488,4.524618301,4.640121113,0
50663,5.245273987,5.231897747,4.961663392,4.611993228,0
50664,5.040352135,5.065205807,4.610646794,4.694910936,0
50666,5.247005721,5.197022871,4.782617232,4.696102019,0
50669,5.499261636,5.299054621,5.188238334,4.524797928,0
50670,5.319161303,5.623473175,4.401613361,5.250671457,0
50680,4.809454272,4.831227567,4.484854973,4.575092557,0
50681,5.165614225,5.249620271,4.694984251,4.794097236,0
50689,5.406902491,5.5363026,4.607859913,5.068873809,0
50691,5.323779261,5.513941752,4.509208563,5.10995186,0
50694,5.431146767,5.397237718,4.938762495,4.762765452,0
50695,5.378040258,5.730806992,4.380012032,5.337268353,0
50702,5.271249997,5.498967768,4.538673878,5.081669363,0
50703,4.920862491,4.85979121,4.689748695,4.46453084,0
50715,5.640686577,5.557630668,5.075186543,4.807390983,0
50717,5.040352135,5.120855196,4.528849887,4.7928403,0
50724,5.321470282,5.390901999,4.767078336,4.862716221,0
50725,5.611824344,5.421087831,5.263975472,4.580200471,0
50729,5.304152942,5.332612508,4.785782266,4.804917195,0
50730,5.437496458,5.721837292,4.533688649,5.245151245,0
50739,5.350332515,5.257489855,5.02214658,4.595203537,0
50750,5.098653845,5.032265314,4.722119397,4.595217853,0
50760,5.664353607,5.508052026,5.297954656,4.631193716,0
50763,5.423065341,5.593175408,4.551918556,5.143084585,0
50769,5.370536078,5.336385081,4.868953307,4.756638245,0
50772,5.20717584,5.089386479,4.937534829,4.50495895,0
50775,5.259705104,5.392751556,4.530130814,5.006860182,0
50778,5.310502633,5.19599359,4.998673127,4.557798946,0
50782,5.812128239,5.749135541,5.044155355,4.972622269,0
50785,4.960692372,5.018449161,4.775887705,4.54830464,0
50786,4.641476078,4.670672835,4.44206642,4.459494506,0
50795,4.801950092,4.733499208,4.62701523,4.391608495,0
50796,4.945106766,5.037814862,4.412237598,4.797996888,0
50806,5.259705104,5.224013297,4.842892701,4.680554949,0
50807,5.647613512,5.427369331,5.498788559,4.436852474,0
50811,5.674744011,5.474641929,5.201331219,4.663616373,0
50820,4.891423013,4.929985207,4.576240191,4.601511124,0
50823,5.203712372,5.071128764,4.993553414,4.452247796,0
50824,4.711899926,4.668571423,4.528505022,4.398671962,0
50827,5.544863964,5.355201599,5.160185768,4.590233056,0
50830,5.293185294,5.165890835,5.003369415,4.528849328,0
50831,5.334746909,5.456287145,4.62494604,4.998734475,0
50841,4.949724724,4.913757196,4.606168876,4.567768541,0
50842,5.094035888,4.994397914,4.910446286,4.438679183,0
50850,5.212371042,5.248380237,4.726101988,4.773760065,0
50853,5.180045341,5.373382358,4.484988125,5.019045878,0
50870,5.120589142,4.99067956,4.90508823,4.438896785,0
50873,5.02245755,4.919946,4.826328531,4.427644486,0
50874,4.961269617,5.073647311,4.546685664,4.742631566,0
50877,4.891423013,4.839161864,4.645419567,4.475554086,0
50879,5.320315793,5.673784645,4.401135344,5.28616058,0
50886,5.04727907,4.951939414,4.783040656,4.485036939,0
50887,5.283949379,5.403873389,4.726883593,4.897263357,0
50888,5.120011897,5.23182429,4.672406914,4.793684938,0
50894,5.480212562,5.60394307,4.753834989,5.033782668,0
50896,5.23199736,5.19445885,4.843549143,4.655427676,0
50897,5.282217645,5.238370762,4.942095302,4.629865201,0
50906,5.260282348,5.657556634,4.435703062,5.255347031,0
50908,5.092304154,5.337056694,4.52489659,4.967265258,0
50909,5.350332515,5.632860009,4.390310046,5.263670297,0
50913,5.607206386,5.791703353,4.739742129,5.178155684,0
50922,5.085954462,5.026931767,4.776104743,4.555554213,0
50923,5.248737455,5.11712285,4.912519471,4.545335522,0
50938,5.120011897,5.255977853,4.628923305,4.840074189,0
50947,4.523140923,4.521331758,4.371415708,4.369000822,0
50948,5.296071517,5.537303897,4.43806785,5.168269121,0
50953,5.159841778,5.209141628,4.690899132,4.763681669,0
50955,5.138483726,5.233066073,4.701241086,4.776763541,0
50957,4.978009712,4.798136661,4.766690862,4.356431459,0
50960,5.171386671,5.110809867,4.812089204,4.604637717,0
50970,5.609515365,5.463044371,5.246592414,4.625979865,0
50975,4.920862491,4.976323844,4.557668081,4.653515072,0
50977,5.756135508,5.488593629,5.55914392,4.451102524,0
50978,5.660890139,5.413311818,5.263787727,4.573798399,0
50982,5.272981731,5.232258039,4.919727015,4.638898535,0
50989,5.679939213,5.612343473,5.100367011,4.835100845,0
50993,5.099231089,5.278276611,4.418150901,4.986233829,0
50995,5.7948109,5.714858819,5.202716005,4.853473874,0
50996,5.020148572,5.070935501,4.591969494,4.711617594,0
51000,4.81407223,4.852169983,4.392082306,4.654270951,0
51002,5.244696743,5.358853491,4.624996638,4.923753504,0
51005,5.247005721,5.210827655,4.76026226,4.721615821,0
51019,4.899504439,5.045542778,4.357706327,4.838648325,0
51022,4.950301968,5.036715621,4.392533693,4.809518327,0
51030,4.987822871,4.959960286,4.712670896,4.538443846,0
51035,4.932407384,4.778821681,4.750484872,4.34954551,0
51050,4.902967907,4.931344173,4.566219134,4.609227395,0
51056,5.780379783,5.600454708,5.379691644,4.656320989,0
51057,5.283949379,5.194627628,4.958009688,4.582679985,0
51061,5.331283441,5.269306911,4.801116107,4.744129009,0
51062,5.170232182,5.451646198,4.45375854,5.0963403,0
51063,5.392471375,5.32674202,5.016968279,4.656521411,0
51067,4.927789427,5.013583469,4.455858355,4.750261942,0
51072,5.434610234,5.680132607,4.652471323,5.148149552,0
51082,5.432301256,5.446025816,4.867388765,4.845245093,0
51085,5.203712372,5.336880045,4.532572831,4.962503789,0
51087,5.208330329,5.262132551,4.740300038,4.776116462,0
51099,4.954342681,4.888557736,4.76254183,4.441874493,0
51104,5.323202016,5.196992263,4.937480237,4.597809031,0
51106,5.736509189,5.383000058,5.474377712,4.41401002,0
51107,4.84755242,4.837566784,4.606168876,4.500291965,0
51124,5.010912657,4.867465782,4.82430195,4.381295319,0
51128,5.252778168,5.329975904,4.808546016,4.788774584,0
51132,5.514847242,5.769922296,4.492054528,5.301804998,0
51135,4.945106766,5.094356237,4.40070393,4.851418111,0
51136,5.084799973,5.024768265,4.673911538,4.619941417,0
51141,4.788673465,4.958748235,4.355737002,4.768265621,0
51146,5.161573512,5.030309068,4.86961108,4.497454553,0
51147,4.872951184,4.878631339,4.531784568,4.585829484,0
51149,5.698988287,5.514413105,5.2353863,4.675060505,0
53341,5.147719641,4.988260706,4.945444087,4.409964346,0
53344,5.16619147,5.316269063,4.523350689,4.952096128,0
53350,5.305884676,5.345064448,4.646395575,4.900003421,0
53356,5.466935935,5.448468282,4.822464446,4.874357913,0
53361,5.002831232,4.897140034,4.752677894,4.456178943,0
53364,5.109621493,5.33675062,4.39942966,5.042257683,0
53376,5.008603679,4.849154723,4.823931787,4.364734683,0
53377,5.008603679,5.018015412,4.646404896,4.631912375,0
53387,5.795388144,5.447766936,5.602828589,4.387977982,0
53388,5.579498643,5.634585389,4.887251122,4.97854619,0
53389,5.294917028,5.076529648,5.064057658,4.410671551,0
53395,5.475594605,5.39952977,5.04883966,4.696625981,0
53398,5.664353607,5.618419467,5.018892333,4.888444761,0
53399,4.864869759,4.908441138,4.467486562,4.653695452,0
53400,4.720558595,4.737216688,4.392198148,4.553223584,0
53402,5.419601873,5.38278056,4.844334743,4.80913466,0
53405,5.431146767,5.56591039,4.80851406,4.973097557,0
53415,5.633759641,5.549236387,5.101305736,4.784957964,0
53416,4.71247717,4.707140168,4.491262271,4.459505959,0
53417,5.252200923,5.220208367,4.86475634,4.663579151,0
53420,5.65973565,5.310987111,5.441170813,4.37228489,0
53428,5.339364866,5.345990539,4.815789512,4.797195198,0
53434,4.805990804,4.881834616,4.385295523,4.684208367,0
53440,5.427683299,5.193063156,5.183044056,4.436105184,0
53445,5.456545531,5.315112106,5.12952208,4.575816942,0
53450,4.781746529,4.900167537,4.393645516,4.694472869,0
53453,5.29895774,5.24068905,4.854615447,4.687040053,0
53454,5.139060971,5.307114846,4.649179794,4.868385318,0
53458,4.848706909,4.997475264,4.532919027,4.68746094,0
53468,5.442114415,5.453613813,4.885082068,4.840495077,0
53470,4.759233987,4.728364171,4.478769904,4.487241589,0
53472,5.713419403,5.467580379,5.337566191,4.572959487,0
53479,5.44269166,5.820785572,4.468403982,5.349574303,0
53481,5.020725816,4.899422467,4.774225962,4.443875856,0
53482,5.531010092,5.710555427,4.847507767,5.058125429,0
53483,5.54313223,5.266340623,5.339105433,4.399175882,0
53493,5.392471375,5.192815673,5.13143415,4.469421153,0
53496,4.927212182,4.847722299,4.631126979,4.492767527,0
53498,4.688232895,4.687754354,4.441039814,4.475797456,0
53502,5.524083156,5.758969242,4.647522045,5.207090986,0
53503,5.196785436,5.357532129,4.548006536,4.969160684,0
53507,5.571417218,5.472310524,5.072193275,4.741280145,0
53510,5.222761446,5.458113966,4.543266308,5.048487964,0
53511,5.658003916,5.639723049,5.075028092,4.871451785,0
53514,4.881609854,4.844561873,4.636129518,4.486603099,0
53515,5.445577883,5.401163328,4.934289903,4.768675056,0
53521,5.234306339,5.453760728,4.589539461,5.017834753,0
53522,5.180622586,5.039614574,4.931044977,4.465366889,0
53524,5.757867242,5.718814162,5.06729859,4.936340045,0
53531,5.620483014,5.816796999,4.679511931,5.229652849,0
53535,5.02361204,5.217688946,4.504251296,4.886265881,0
53536,4.822730899,4.894980905,4.496674919,4.62305942,0
53537,5.416138405,5.384763915,4.875552344,4.7915805,0
53541,5.259705104,5.558110766,4.490905422,5.152848031,0
53544,5.226802158,5.308117017,4.662985044,4.860732037,0
53545,5.038043156,4.89596034,4.855355775,4.386457634,0
53548,4.6714928,4.808058686,4.34505684,4.646803777,0
53555,4.868910472,4.754185397,4.686100317,4.370535487,0
53569,4.974546244,5.180567491,4.398015581,4.922089996,0
53570,5.745167859,5.423371138,5.501897669,4.431409568,0
53573,5.351487004,5.278844158,4.950779507,4.658265088,0
53576,5.060555698,4.953419935,4.776429635,4.49071749,0
53577,5.50849755,5.370915406,5.16584608,4.599853342,0
53578,5.351487004,5.625153081,4.455709224,5.221134887,0
53580,5.536782538,5.197976071,5.319235087,4.351383672,0
53583,5.109044249,5.232627076,4.542984024,4.874337871,0
53585,4.938757075,4.937158693,4.46904844,4.677296649,0
53589,5.275867954,5.341382822,4.719901077,4.852317149,0
53592,5.825404866,5.757806163,5.108386785,4.941648382,0
53595,5.255087147,5.500315365,4.409642456,5.157852871,0
53599,5.736509189,5.489604545,5.292918829,4.619113958,0
53602,5.386698928,5.217843732,5.057533186,4.538793154,0
53603,5.566222016,5.324301304,5.220980532,4.52551086,0
53604,5.491757455,5.309838024,5.026631156,4.636376073,0
53608,5.167345959,5.454738414,4.447179475,5.102493275,0
53612,5.313966101,5.191002845,4.910092101,4.610198013,0
53615,5.47501736,5.810586332,4.544978649,5.300321871,0
53618,5.040929379,5.097647837,4.671308406,4.683532657,0
53620,5.340519356,5.416109329,4.674117924,4.938573326,0
53630,5.099808334,5.179435894,4.545175714,4.83030788,0
53631,4.968196553,5.05702053,4.453297832,4.787912766,0
53640,5.713419403,5.338784696,5.426844936,4.406010294,0
53641,5.22333869,5.197949836,4.72497685,4.733140123,0
53645,5.562758548,5.560179822,4.925541784,4.899221773,0
53650,5.383812705,5.356015754,4.882493584,4.764165547,0
53662,4.958960638,5.019909569,4.505889072,4.723680174,0
53666,5.816746196,5.483119287,5.513876067,4.47509884,0
53670,5.460586244,5.252660017,5.157496087,4.504592463,0
53672,4.901236173,5.021364729,4.420184139,4.779380488,0
53678,5.158110044,5.126746672,4.833052732,4.604795192,0
53680,5.576035175,5.448707894,5.286382373,4.589242395,0
53683,5.4005528,5.67130545,4.485502094,5.236862338,0
53684,5.554099878,5.842290289,4.635576935,5.271818909,0
53689,5.490025721,5.33618832,5.078651171,4.625653462,0
53693,5.032270709,5.246837627,4.448625511,4.943297574,0
53694,5.840990472,5.787485662,5.193845386,4.914030142,0
53695,5.367649854,5.153632158,5.045550793,4.490895007,0
53708,5.007449189,5.330497104,4.407345576,5.032777692,0
53710,5.505611327,5.33875234,5.178048174,4.565071425,0
53711,5.003985721,5.14466071,4.409979332,4.886151354,0
53720,4.965310329,5.058811497,4.618730482,4.684362979,0
53721,4.976855222,4.935358981,4.663763986,4.548923087,0
53723,5.051319783,5.218440138,4.38706512,4.958569779,0
53724,5.202557883,5.44772671,4.404008774,5.122589939,0
53728,5.006871945,5.071709429,4.589157314,4.714054161,0
53738,5.66839432,5.444314429,5.4225521,4.49983672,0
53741,5.825404866,5.510885391,5.545899242,4.478503162,0
53744,5.688597883,5.595506813,5.151217947,4.791334267,0
53746,5.26663204,5.578577456,4.399445639,5.220095552,0
53749,5.315697835,5.465331177,4.560777192,5.043569019,0
53756,5.24065603,5.303984152,4.710571081,4.828240664,0
53766,4.952033702,5.031779969,4.612862452,4.665239796,0
53769,5.227956648,5.422856061,4.616500178,4.978282777,0
53770,5.129825056,5.020879384,4.893053908,4.473733103,0
53771,5.335901398,5.638448909,4.398176695,5.263146335,0
53773,4.963578595,5.026814584,4.599400735,4.669666273,0
53776,5.461740733,5.453266638,4.838382826,4.868494119,0
53784,4.707281968,4.6854212,4.49848313,4.434705089,0
53787,5.736509189,5.549544209,5.265646535,4.684987152,0
53793,5.163305246,5.162022067,4.745325213,4.690490185,0
53810,5.233729094,5.461785098,4.499202154,5.077188485,0
53828,4.726908287,4.803350403,4.378627247,4.620642896,0
53833,5.09057242,4.935911662,4.896360084,4.395342083,0
53834,4.52775888,4.611832412,4.365622243,4.457470237,0
53841,4.694005341,4.839148746,4.382121168,4.649509482,0
53842,5.510806529,5.5762924,4.878355204,4.939647019,0
53844,4.93933432,4.832479844,4.749797805,4.399470789,0
53845,5.184663299,5.049735109,4.904940431,4.491427558,0
53846,5.663776363,5.295376494,5.414072949,4.37609292,0
53847,5.455391042,5.169906518,5.275093705,4.355251829,0
53849,4.853324866,4.791520229,4.633728779,4.440282565,0
53851,5.459431755,5.349875047,4.993347027,4.690401427,0
53859,5.241233275,5.151908528,4.976824135,4.533885663,0
53866,5.568530995,5.315509127,5.362958371,4.426885743,0
53869,4.982050424,5.098716471,4.490137132,4.798996138,0
53870,4.715363393,4.791169556,4.504147437,4.52675348,0
53871,5.102117313,4.920975281,4.858618011,4.407018133,0
53872,5.443268904,5.378317135,4.926045101,4.755324045,0
53873,5.438073702,5.563768751,4.822356593,4.9632883,0
53886,5.158687289,5.032599371,4.920677724,4.465959568,0
53889,5.449041351,5.751235204,4.470780754,5.300791433,0
53890,4.748266339,4.732609846,4.521201608,4.462497982,0
53892,5.262591327,5.134435235,5.066957719,4.460138722,0
53900,5.129825056,5.376739546,4.357767577,5.097084727,0
53901,5.130402301,5.373082406,4.396110169,5.071668273,0
53904,5.241810519,5.237827701,4.767231461,4.739484931,0
53905,5.227379403,5.41642677,4.502720042,5.041109547,0
53909,5.191590234,5.071254692,4.869263552,4.533550671,0
53922,5.440959926,5.340054464,5.070382401,4.634074076,0
53923,5.095767622,5.1146524,4.737683592,4.655550793,0
53926,5.610669854,5.595045954,4.95604702,4.907862852,0
53927,4.878146386,4.836818216,4.65690397,4.465770598,0
53928,5.660890139,5.624332804,5.035493786,4.883119245,0
53932,5.050742538,4.910611636,4.857129366,4.398608972,0
53937,5.386121683,5.325617419,4.981146265,4.678023897,0
53943,5.520042443,5.806205985,4.550226188,5.294403677,0
53945,5.390739641,5.384989535,4.854986942,4.804373191,0
53948,5.495220923,5.446706174,4.924766837,4.810906969,0
53949,4.919130757,5.149482677,4.462389484,4.85754818,0
53950,5.176581873,5.370178207,4.483930894,5.017239211,0
53951,4.647248524,4.55862374,4.418710141,4.371400167,0
53954,5.020725816,4.9010123,4.794198835,4.431985067,0
53955,5.012067146,4.927325866,4.702978726,4.516036595,0
53958,5.134443013,5.146465668,4.688008392,4.713776433,0
53963,5.319738548,5.333140703,4.782184486,4.807554185,0
53964,5.305884676,5.078617068,5.088649592,4.396312701,0
53975,5.576035175,5.521768486,5.177897712,4.716338979,0
53977,5.230842871,5.445306981,4.443630961,5.097580057,0
53979,4.741339403,4.719057791,4.557893109,4.425273772,0
53985,5.459431755,5.344946391,4.935987597,4.722048161,0
53995,4.59471926,4.589387614,4.432107945,4.391038722,0
53997,5.669548809,5.44348803,5.188005318,4.646288404,0
54006,5.070946101,4.936970676,4.842667674,4.432108184,0
54010,5.342828334,5.5355654,4.577004486,5.086356389,0
54012,5.322047527,5.58178598,4.355187082,5.247604991,0
54014,5.326665484,5.081067404,5.021057392,4.443005449,0
54019,5.200248904,5.430822714,4.395805249,5.114905163,0
54020,5.504456838,5.290854478,5.187873497,4.518000737,0
54022,5.414983916,5.410025464,4.862087964,4.819983251,0
54031,5.427106054,5.439615765,4.799960344,4.881031987,0
54032,5.180622586,5.053488443,4.898337399,4.499052208,0
54038,5.596238738,5.697079453,4.93559746,4.997048062,0
54039,5.560449569,5.37389831,5.073649963,4.660114703,0
54042,5.341673845,5.442235753,4.639592814,4.979313522,0
54043,5.505034082,5.649320636,4.675425481,5.112677608,0
54050,5.304730187,5.354118099,4.766923879,4.833677844,0
54053,5.798274368,5.763775468,5.035697509,4.988438478,0
54056,5.426528809,5.636788242,4.636003023,5.126280579,0
54057,5.477903584,5.194878608,5.258873068,4.388212763,0
54058,5.089995175,5.143641923,4.502873168,4.827653712,0
54064,5.843876695,5.495644685,5.481088598,4.506436351,0
54067,5.661467384,5.745135599,4.885308427,5.061647141,0
54069,5.682825436,5.637678479,5.013495662,4.906422672,0
54083,5.287412847,5.535194614,4.428783127,5.172100057,0
54087,5.63491413,5.409320621,5.263709167,4.570494289,0
54088,5.200248904,5.170843977,4.756356897,4.690876715,0
54089,5.429415033,5.342174241,4.953329378,4.709000647,0
54092,5.625678215,5.290174121,5.423790418,4.36516416,0
54098,5.135020258,5.109535728,4.70956578,4.669165217,0
54103,4.915090044,4.776776237,4.747916361,4.349393762,0
54104,5.68455717,5.707693204,4.860406249,5.048568133,0
54105,5.292030804,5.293260215,4.75730228,4.790798852,0
54113,5.724387052,5.565893775,5.26590352,4.698046119,0
54118,4.840625484,4.812933123,4.621669158,4.467794866,0
54120,5.531587337,5.71564499,4.688837932,5.152876663,0
54124,4.964733085,4.974110496,4.792842011,4.498241928,0
54129,5.472131137,5.461477275,4.94183166,4.812241211,0
54133,5.251623679,5.13584842,4.885935576,4.578617132,0
54137,5.028229997,5.199491571,4.606758742,4.808267117,0
54141,5.249891945,5.176942707,4.900927215,4.604108028,0
54143,5.620483014,5.740648563,4.898597046,5.050704065,0
54144,5.489448477,5.674410783,4.662100912,5.138512086,0
54148,4.702086766,4.718683507,4.500444466,4.463829361,0
54152,5.532164581,5.66703354,4.674248413,5.126211863,0
54166,5.557563346,5.295022323,5.33582855,4.42649635,0
54167,5.667817075,5.3271679,5.473842439,4.365370309,0
54170,4.550271422,4.577100953,4.369110838,4.422923101,0
54178,4.949147479,5.11148935,4.365614254,4.887056119,0
54191,5.240078785,5.024788379,5.022785712,4.391525463,0
54192,5.540246006,5.747185416,4.598311548,5.226537709,0
54196,5.260282348,5.675321133,4.380974725,5.298540973,0
54201,4.952610947,5.079652471,4.490913411,4.782844937,0
54202,4.75461603,4.839042932,4.410728981,4.63069266,0
54203,5.234306339,5.281316357,4.645511443,4.85012109,0
54204,5.22449318,5.027725809,5.097734586,4.344308753,0
54211,4.935870852,5.134622377,4.34833106,4.916223339,0
54212,5.126361588,5.189583538,4.609838559,4.798306112,0
54218,5.345714557,5.417402707,4.662497706,4.946550147,0
54219,5.80231508,5.699250825,5.155741137,4.869318715,0
54227,5.792501921,5.757012121,5.10078511,4.94549077,0
54228,5.667239831,5.623390098,5.127342374,4.827547774,0
54232,5.181777075,5.333000784,4.5570649,4.944711985,0
54233,5.02245755,4.953620194,4.891456078,4.41463992,0
54234,5.331860686,5.362865676,4.865824223,4.779970303,0
54248,5.087108952,5.112761741,4.791345377,4.619615014,0
54251,5.01379888,5.258942392,4.384540549,4.991593703,0
54253,5.464049712,5.57837982,4.792381304,4.99203177,0
54259,5.08191375,5.126372388,4.513773031,4.806795442,0
54264,5.053628762,4.975779907,4.737378673,4.536136123,0
54273,5.107889759,5.313054418,4.453671991,4.991642377,0
54274,4.885650567,4.793059341,4.756836246,4.358427096,0
54275,5.649922491,5.612864672,4.962654047,4.917586213,0
54276,4.676110757,4.720201631,4.449324562,4.499664929,0
54280,4.767892657,4.884168644,4.383804215,4.687174622,0
54281,5.03977489,4.886769393,4.769013041,4.43593912,0
54282,5.16503698,5.345801647,4.605593657,4.925319663,0
54283,5.501570614,5.242248275,5.116169549,4.522155212,0
54286,5.366495365,5.613823119,4.536751156,5.16672873,0
54290,5.192744724,5.27372049,4.662801294,4.833411568,0
54291,5.145410662,5.359857412,4.425422358,5.044281951,0
54296,5.457122776,5.143253647,5.233359719,4.358822215,0
54298,5.429415033,5.352117253,4.996241763,4.690441511,0
54299,5.066905389,5.202607398,4.558385773,4.840801437,0
54301,5.125207099,5.062525479,4.766816025,4.592383304,0
54304,5.023034795,5.232030671,4.46675156,4.920609731,0
54305,4.723444819,4.825733112,4.44053916,4.599483992,0
54309,5.259705104,5.431916707,4.466842104,5.073950228,0
54317,4.751729807,4.727640089,4.555596228,4.434705089,0
54325,5.48367603,5.695496617,4.576971198,5.202137684,0
54327,5.069214367,5.126130152,4.773609465,4.642320036,0
54330,5.072100591,5.012907484,4.790619696,4.533848441,0
54334,5.399975555,5.470133905,4.797499685,4.906270923,0
54339,5.075564059,5.080218269,4.734563829,4.62831622,0
54343,5.364763631,5.211570976,4.979375337,4.583464497,0
54345,5.1898585,5.188869076,4.798177432,4.679478393,0
54352,5.062864676,5.281549847,4.420527673,4.987327564,0
54354,4.845243441,4.941300303,4.34601687,4.759879366,0
54355,5.234306339,5.467945918,4.464739626,5.101983629,0
54360,5.435187479,5.287024188,5.081073215,4.58278306,0
54363,4.745380116,4.671579687,4.549073088,4.387396757,0
54369,5.001676743,5.083425919,4.616007514,4.706790272,0
54371,5.330128952,5.149783504,5.148284598,4.420555251,0
54379,5.002253987,5.03157009,4.551591001,4.704302168,0
54383,5.092304154,5.188205334,4.506846438,4.861121429,0
54384,5.128670567,5.114821178,4.900446534,4.551147778,0
54387,5.689175128,5.590839631,5.215786253,4.748572666,0
54389,5.485407764,5.52406666,4.86575099,4.907084066,0
54391,5.361300163,5.358255336,4.841161719,4.791440205,0
54394,5.825404866,5.836415429,5.052430782,5.032293815,0
54395,5.127516078,5.268879283,4.578758104,4.881183735,0
54405,5.107312515,5.021422446,4.863328946,4.493735282,0
54418,4.862560781,4.80921302,4.553905192,4.509729008,0
54421,4.887382301,4.891530146,4.579513079,4.565775767,0
54424,5.092881398,5.141446939,4.591910907,4.770161047,0
54431,5.814437218,5.716757349,5.195609656,4.859142972,0
54437,4.951456458,4.896804228,4.669367043,4.511172051,0
54438,5.253355413,5.294847424,4.878542949,4.716774183,0
54444,5.396512087,5.684833894,4.49543527,5.240764853,0
54449,5.126938833,5.346224029,4.428970872,5.03182139,0
54451,5.667817075,5.449903329,5.315948884,4.571716867,0
54452,5.370536078,5.475469202,4.679770247,4.980733659,0
54456,4.915667289,5.088389554,4.401400317,4.846146995,0
54458,5.52581489,5.511015691,4.926033117,4.860780711,0
54459,4.900081683,5.015268622,4.415016491,4.777602453,0
54462,5.345137313,5.557370068,4.537946866,5.125095222,0
54469,5.494066434,5.194652114,5.240749683,4.399865908,0
54471,5.24065603,5.479460399,4.478265256,5.102584897,0
54472,4.883341588,4.935780488,4.524618301,4.640121113,0
54473,5.245273987,5.231897747,4.961663392,4.611993228,0
54474,5.040352135,5.065205807,4.610646794,4.694910936,0
54476,5.247005721,5.197022871,4.782617232,4.696102019,0
54479,5.499261636,5.299054621,5.188238334,4.524797928,0
54480,5.319161303,5.623473175,4.401613361,5.250671457,0
54490,4.809454272,4.831227567,4.484854973,4.575092557,0
54491,5.165614225,5.249620271,4.694984251,4.794097236,0
54499,5.406902491,5.5363026,4.607859913,5.068873809,0
54501,5.323779261,5.513941752,4.509208563,5.10995186,0
54504,5.431146767,5.397237718,4.938762495,4.762765452,0
54505,5.378040258,5.730806992,4.380012032,5.337268353,0
54512,5.271249997,5.498967768,4.538673878,5.081669363,0
54513,4.920862491,4.85979121,4.689748695,4.46453084,0
54525,5.640686577,5.557630668,5.075186543,4.807390983,0
54527,5.040352135,5.120855196,4.528849887,4.7928403,0
54534,5.321470282,5.390901999,4.767078336,4.862716221,0
54535,5.611824344,5.421087831,5.263975472,4.580200471,0
54539,5.304152942,5.332612508,4.785782266,4.804917195,0
54540,5.437496458,5.721837292,4.533688649,5.245151245,0
54549,5.350332515,5.257489855,5.02214658,4.595203537,0
54560,5.098653845,5.032265314,4.722119397,4.595217853,0
54570,5.664353607,5.508052026,5.297954656,4.631193716,0
54573,5.423065341,5.593175408,4.551918556,5.143084585,0
54579,5.370536078,5.336385081,4.868953307,4.756638245,0
54582,5.20717584,5.089386479,4.937534829,4.50495895,0
54585,5.259705104,5.392751556,4.530130814,5.006860182,0
54588,5.310502633,5.19599359,4.998673127,4.557798946,0
54592,5.812128239,5.749135541,5.044155355,4.972622269,0
54595,4.960692372,5.018449161,4.775887705,4.54830464,0
54596,4.641476078,4.670672835,4.44206642,4.459494506,0
54605,4.801950092,4.733499208,4.62701523,4.391608495,0
54606,4.945106766,5.037814862,4.412237598,4.797996888,0
54616,5.259705104,5.224013297,4.842892701,4.680554949,0
54617,5.647613512,5.427369331,5.498788559,4.436852474,0
54621,5.674744011,5.474641929,5.201331219,4.663616373,0
54630,4.891423013,4.929985207,4.576240191,4.601511124,0
54633,5.203712372,5.071128764,4.993553414,4.452247796,0
54634,4.711899926,4.668571423,4.528505022,4.398671962,0
54637,5.544863964,5.355201599,5.160185768,4.590233056,0
54640,5.293185294,5.165890835,5.003369415,4.528849328,0
54641,5.334746909,5.456287145,4.62494604,4.998734475,0
54651,4.949724724,4.913757196,4.606168876,4.567768541,0
54652,5.094035888,4.994397914,4.910446286,4.438679183,0
54660,5.212371042,5.248380237,4.726101988,4.773760065,0
54663,5.180045341,5.373382358,4.484988125,5.019045878,0
54680,5.120589142,4.99067956,4.90508823,4.438896785,0
54683,5.02245755,4.919946,4.826328531,4.427644486,0
54684,4.961269617,5.073647311,4.546685664,4.742631566,0
54687,4.891423013,4.839161864,4.645419567,4.475554086,0
54689,5.320315793,5.673784645,4.401135344,5.28616058,0
54696,5.04727907,4.951939414,4.783040656,4.485036939,0
54697,5.283949379,5.403873389,4.726883593,4.897263357,0
54698,5.120011897,5.23182429,4.672406914,4.793684938,0
54704,5.480212562,5.60394307,4.753834989,5.033782668,0
54706,5.23199736,5.19445885,4.843549143,4.655427676,0
54707,5.282217645,5.238370762,4.942095302,4.629865201,0
54716,5.260282348,5.657556634,4.435703062,5.255347031,0
54718,5.092304154,5.337056694,4.52489659,4.967265258,0
54719,5.350332515,5.632860009,4.390310046,5.263670297,0
54723,5.607206386,5.791703353,4.739742129,5.178155684,0
54732,5.085954462,5.026931767,4.776104743,4.555554213,0
54733,5.248737455,5.11712285,4.912519471,4.545335522,0
54748,5.120011897,5.255977853,4.628923305,4.840074189,0
54757,4.523140923,4.521331758,4.371415708,4.369000822,0
54758,5.296071517,5.537303897,4.43806785,5.168269121,0
54763,5.159841778,5.209141628,4.690899132,4.763681669,0
54765,5.138483726,5.233066073,4.701241086,4.776763541,0
54767,4.978009712,4.798136661,4.766690862,4.356431459,0
54770,5.171386671,5.110809867,4.812089204,4.604637717,0
54780,5.609515365,5.463044371,5.246592414,4.625979865,0
54785,4.920862491,4.976323844,4.557668081,4.653515072,0
54787,5.756135508,5.488593629,5.55914392,4.451102524,0
54788,5.660890139,5.413311818,5.263787727,4.573798399,0
54792,5.272981731,5.232258039,4.919727015,4.638898535,0
54799,5.679939213,5.612343473,5.100367011,4.835100845,0
54803,5.099231089,5.278276611,4.418150901,4.986233829,0
54805,5.7948109,5.714858819,5.202716005,4.853473874,0
54806,5.020148572,5.070935501,4.591969494,4.711617594,0
54810,4.81407223,4.852169983,4.392082306,4.654270951,0
54812,5.244696743,5.358853491,4.624996638,4.923753504,0
54815,5.247005721,5.210827655,4.76026226,4.721615821,0
54829,4.899504439,5.045542778,4.357706327,4.838648325,0
54832,4.950301968,5.036715621,4.392533693,4.809518327,0
54840,4.987822871,4.959960286,4.712670896,4.538443846,0
54845,4.932407384,4.778821681,4.750484872,4.34954551,0
54860,4.902967907,4.931344173,4.566219134,4.609227395,0
54866,5.780379783,5.600454708,5.379691644,4.656320989,0
54867,5.283949379,5.194627628,4.958009688,4.582679985,0
54871,5.331283441,5.269306911,4.801116107,4.744129009,0
54872,5.170232182,5.451646198,4.45375854,5.0963403,0
54873,5.392471375,5.32674202,5.016968279,4.656521411,0
54877,4.927789427,5.013583469,4.455858355,4.750261942,0
54882,5.434610234,5.680132607,4.652471323,5.148149552,0
54892,5.432301256,5.446025816,4.867388765,4.845245093,0
54895,5.203712372,5.336880045,4.532572831,4.962503789,0
54897,5.208330329,5.262132551,4.740300038,4.776116462,0
54909,4.954342681,4.888557736,4.76254183,4.441874493,0
54914,5.323202016,5.196992263,4.937480237,4.597809031,0
54916,5.736509189,5.383000058,5.474377712,4.41401002,0
54917,4.84755242,4.837566784,4.606168876,4.500291965,0
54934,5.010912657,4.867465782,4.82430195,4.381295319,0
54938,5.252778168,5.329975904,4.808546016,4.788774584,0
54942,5.514847242,5.769922296,4.492054528,5.301804998,0
54945,4.945106766,5.094356237,4.40070393,4.851418111,0
54946,5.084799973,5.024768265,4.673911538,4.619941417,0
54951,4.788673465,4.958748235,4.355737002,4.768265621,0
54956,5.161573512,5.030309068,4.86961108,4.497454553,0
54957,4.872951184,4.878631339,4.531784568,4.585829484,0
54959,5.698988287,5.514413105,5.2353863,4.675060505,0
