rowId,0,1,6,label
119,3.58915907,3.568976348,2.900720306,0
120,2.808724296,3.2046206,2.873160823,0
396,2.406962015,3.396855955,3.349373537,0
795,2.913205578,3.540547236,2.552654211,0
921,2.899351707,3.291481949,2.923640369,0
1018,3.442538928,3.396995696,3.161413741,0
1105,3.130249569,3.426661042,3.343499408,0
1327,3.009028191,3.392445117,2.513418236,0
1456,2.91955527,2.853300185,3.496416611,0
1513,3.000946766,3.166977167,3.136144643,0
1544,2.879725388,3.203946758,2.736480047,0
1581,3.076565816,3.036179763,3.248870515,0
1633,3.545865721,3.577095032,2.975856997,1
1634,3.470246671,3.273418519,3.310555049,1
1640,3.026922776,3.077756514,3.121389095,1
1641,3.425221588,3.337103467,3.165277609,1
1648,3.386546196,3.297297053,3.32454199,1
1652,3.115818453,3.237881486,2.866396931,1
1653,2.853172134,3.07343055,2.643668492,1
1658,3.450043108,3.591646938,3.256268739,1
1660,3.153339355,3.130317064,3.102930963,1
1661,3.257820638,2.991400976,3.457113499,1
1689,2.614192847,3.177174818,2.517497407,1
1698,3.265324818,3.093291749,3.504990124,1
1699,3.050012562,2.961145803,3.292307588,1
1709,3.219722491,2.997384969,3.306735167,1
1712,2.783902776,2.637524075,3.227237637,1
1723,2.321529806,2.46436377,3.377287228,1
1731,3.57299622,3.236899014,3.55793523,1
1734,2.547232467,3.063429222,2.183555615,1
1736,3.396359355,3.203693853,3.24373181,1
1737,2.83527755,2.677471088,3.398827503,1
1740,3.537207051,3.491245304,3.408192001,1
1752,2.33192021,2.341460436,3.46471082,1
1758,3.016532372,2.981596829,3.155168427,1
1760,2.317489094,2.548752649,2.734829395,1
1766,3.550483678,3.224875303,3.347996065,1
1770,2.917246291,2.943447586,3.116384664,1
1773,2.404075792,2.43888379,3.12587572,1
1775,2.437555982,2.418151568,3.560386128,1
1781,3.417717408,3.311061952,3.311582172,1
1786,3.222608714,3.166695971,3.481636369,1
1791,3.406172514,3.386124203,3.115084361,1
1798,2.885497835,2.882852367,3.350855188,1
1807,2.901660685,2.860519555,3.310889192,1
1809,3.083492752,3.302718653,2.803899033,1
1811,2.498166671,2.849450882,2.504350068,1
1812,3.267056552,3.367948466,3.120688398,1
1813,3.246852989,2.927181926,3.589951242,1
1820,2.939758833,3.195491153,3.051088606,1
1821,2.966889331,3.144700081,2.941282821,1
1824,1.773147383,2.047812684,3.037197355,1
1826,2.877993654,3.085846907,3.126381179,1
1829,3.428685056,3.141413171,3.471380565,1
1830,3.429262301,3.577123323,2.777281015,1
1831,2.896465483,3.040562309,3.133120377,1
1832,2.616501825,2.912827201,2.759022752,1
1835,2.858944581,2.675392121,3.354851016,1
1839,3.004410234,2.796159907,3.518955458,1
1841,3.352488761,3.305696076,3.279869436,1
1843,3.263593084,3.250860236,3.178423405,1
1844,2.6678766,3.244118385,2.463195664,1
1847,2.77697584,2.882094509,3.419761228,1
1851,2.978434225,2.892376175,3.233520764,1
1864,2.880302633,2.923726984,3.108819755,1
1868,3.596663251,3.350784351,3.234271621,1
1871,3.394050377,3.436409464,3.415201292,1
1873,2.844513464,2.937689064,3.129999649,1
1876,3.531434605,3.371404265,3.393198,1
1878,3.478905341,3.300386782,3.388225209,1
1882,2.686348429,2.939515125,2.712115374,1
1883,2.090054699,2.363596924,2.87654547,1
1884,2.671917312,2.86846935,2.685172473,1
1887,3.340366624,3.425285067,3.362651292,1
1892,3.208754842,3.008733981,3.495137144,1
1899,3.349025293,3.249484261,3.290236364,1
1901,3.314390614,3.39840082,3.079540939,1
1910,3.437343726,3.164673587,3.285347686,1
1919,3.350757027,3.368594875,3.232350877,1
1921,2.785057265,2.728373609,3.422883499,1
1928,3.525662158,3.525461229,2.930448247,1
1936,3.483523298,3.43090299,3.320666546,1
1938,2.570322253,3.026319891,3.552005539,1
1942,3.459856267,3.427616938,3.581398565,1
1943,2.610152134,2.95386985,3.045832603,1
1944,3.503726861,3.359998671,3.435715215,1
1950,3.235308096,3.058485141,3.325528986,1
1951,2.813919498,3.131665606,3.029447239,1
1952,3.417717408,3.29330801,3.598184438,1
1954,2.635550899,2.941537509,3.356618966,1
1955,2.995751564,2.783631243,3.342967711,1
1959,3.104273559,3.030111754,3.21945048,1
1965,3.126208856,3.241027798,3.309193782,1
1967,3.234730852,3.312916304,2.925478542,1
1969,2.885497835,2.8220051,3.380755217,1
1974,2.473345151,2.847232175,2.935751324,1
1983,3.074834082,2.928137822,3.429641989,1
1988,3.198941683,3.08542597,3.269033318,1
1990,2.471613417,2.802480822,2.517419466,1
1992,2.799488381,2.597773385,3.390622088,1
1995,2.625160495,2.664885841,3.43697076,1
1997,3.500263393,3.320529178,3.473346839,1
1999,2.912051089,3.001092816,3.113355768,1
2005,3.088110709,2.987805436,3.521728923,1
2006,2.806415317,2.89392104,3.234668272,1
2015,3.446002396,3.422026448,3.349668324,1
2024,2.802951849,2.752223851,3.55942074,1
2025,2.925327716,2.720030311,3.34627596,1
2028,2.842204486,3.043624605,2.802357961,1
2031,3.346716315,3.230633825,3.274306299,1
2035,3.458701778,3.155122345,3.493464112,1
2037,3.231844628,3.261563697,3.137775231,1
2038,3.000946766,2.812229244,3.521450342,1
2046,3.354220495,3.184787692,3.588221106,1
2050,3.175274652,3.034269686,3.489729117,1
2053,3.538938785,3.438516722,3.47665123,1
2057,2.682884961,2.789221733,3.094101248,1
2060,3.352488761,3.310106913,3.19263568,1
2062,2.611306624,2.83498385,2.884901365,1
2065,3.19490097,3.393653061,3.453669432,1
2067,2.7596585,2.666093785,3.268642841,1
2070,2.648827526,2.571703578,3.499939391,1
2077,2.012703916,2.134252238,3.004536207,1
2088,3.242235032,3.290751524,3.382623487,1
2091,3.567801018,3.466889251,3.343551883,1
2097,2.761967479,3.292577585,3.024224419,1
2105,3.350179783,3.218048578,3.55137275,1
2106,2.857790091,2.932941305,3.546688572,1
2108,3.174120163,3.305864965,3.074203136,1
2113,2.679998738,2.874874281,3.292519804,1
2117,2.574362966,2.481780791,3.521720435,1
2118,2.354432752,2.693904779,2.978842678,1
2119,3.182201588,3.367078301,2.70964827,1
2121,2.940336077,3.040309404,3.163166256,1
2128,2.819691944,3.123069403,3.033664543,1
2129,2.800065626,2.722278166,3.430399792,1
2133,2.546655222,2.637467493,3.103645551,1
2140,2.95303546,2.905551248,3.50526639,1
2142,3.413676695,3.30561206,3.593280327,1
2147,3.168347716,3.257574654,3.103688766,1
2151,3.243389521,3.235943118,3.155835941,1
2167,2.438133227,2.721294836,3.440007373,1
2195,2.793715935,2.887010299,3.249598994,1
2198,3.260706861,3.453714178,2.741374126,1
2201,3.485255032,3.328423248,3.414019829,1
2206,3.035581445,3.079862914,3.331942529,1
2212,2.932831897,2.848720458,3.321417404,1
2226,2.921864248,2.658424329,3.595059852,1
2230,2.480849331,2.556618428,3.089017333,1
2236,3.415985674,3.44256149,3.135741047,1
2240,3.570109997,3.38463592,3.515377887,1
2242,3.297650519,3.213638598,3.307948269,1
2245,3.495645436,3.448825822,3.177128503,1
2248,3.077720305,3.021375809,3.205734403,1
2250,3.435611992,3.389832907,2.925144399,1
2253,3.256088904,3.548413015,3.122300465,1
2256,2.924750472,2.769725746,3.003570047,1
2258,2.626892229,2.659969193,3.514159384,1
2260,2.343465103,2.944543222,3.026040213,1
2262,3.287260115,3.2326845,3.295564906,1
2264,3.208177597,3.170207495,3.340874107,1
2265,3.255511659,3.223948555,3.15672416,1
2275,3.248584723,3.125653322,3.345794424,1
2277,3.604744676,3.336794837,3.486439388,1
2282,2.744072894,2.642327558,3.575289841,1
2285,3.493336457,3.38443874,3.257903186,1
2288,1.950361493,2.303198886,2.424789259,1
2299,3.29534154,3.512033251,2.843132693,1
2301,2.797179403,3.517062206,2.655043251,1
2304,3.003255745,3.133884313,3.580296587,1
2305,2.274772989,2.472032369,3.523073985,1
2307,3.436189236,3.214565345,3.43435472,1
2308,3.368074367,3.242685827,3.286674227,1
2309,3.320163061,3.166303325,3.382955315,1
2318,2.931100163,2.975810016,3.057114759,1
2327,2.78448002,2.678397835,3.343500951,1
2330,2.714056172,2.634039985,3.177666373,1
2331,2.670762823,2.93530061,3.107046403,1
2344,3.223763203,3.106634854,3.238559921,1
2345,2.755617787,2.983843827,3.0417434,1
2346,2.959962396,2.598728423,3.569385616,1
2347,3.567801018,3.438825352,3.322908315,1
2356,3.563760305,3.589764294,3.249481696,1
2360,2.61707907,2.860940492,3.130677968,1
2363,3.293032562,3.241280703,3.57332511,1
2366,3.033272467,3.282661131,2.793692617,1
2368,3.152762111,3.267575124,2.994186256,1
2369,1.929003441,2.379103868,2.914433296,1
2372,3.181047099,3.008312186,3.481736689,1
2383,2.721560353,3.080733936,2.926073518,1
2384,1.952093227,2.014832137,3.426468014,1
2387,3.383082728,3.384157544,3.392420134,1
2390,3.515271754,3.541193644,3.410825791,1
2398,3.478905341,3.29920713,3.342749322,1
2400,3.222031469,3.150290571,3.184448014,1
2401,3.365765388,3.403710113,3.332439499,1
2406,2.543191754,2.930019608,2.814925759,1
2410,2.855481113,3.067305958,3.020967101,1
2414,3.190860258,2.890072595,3.444281011,1
2416,2.480272087,2.422842744,3.173148109,1
2419,3.273983488,3.497987155,3.428932031,1
2430,3.173542918,3.078711552,3.305671002,1
2432,3.356529474,3.388680688,2.959231636,1
2448,3.252048191,3.476187588,2.938788709,1
2450,3.465628714,3.263838986,3.592289473,1
2466,3.233576362,3.064019049,3.594718764,1
2469,2.427742823,2.683089011,2.662004697,1
2470,3.286682871,3.277969097,3.494133171,1
2472,2.958807906,3.222936935,2.914849239,1
2478,3.439652704,3.154673117,3.550979958,1
2486,2.887229569,3.115905757,2.633164974,1
2488,3.560296837,3.427391467,3.468063055,1
2493,3.430994035,3.516837592,2.954670157,1
2494,3.280910424,3.068064674,3.35113377,1
2495,3.197787194,3.099556081,3.517248472,1
2502,2.051379308,2.872935913,1.917424829,1
2507,2.305366956,2.353370983,3.02398365,1
2509,2.951303726,2.727165665,3.399534374,1
2511,2.754463298,2.945751166,3.047111299,1
2514,3.096192134,3.139109591,3.088602162,1
2515,2.688080163,2.906000476,3.323440783,1
2520,2.930522918,3.061041626,2.799521217,1
2525,2.241292799,2.721182529,2.116115793,1
2528,3.57299622,3.597714947,3.076603102,1
2529,3.17007945,3.114500633,3.283607518,1
2542,3.317276837,3.164224359,3.279202693,1
2553,3.565492039,3.411322987,3.538833506,1
2556,3.312081636,3.172511075,3.515918844,1
2558,2.861253559,2.657525015,3.357815862,1
2559,3.175851897,3.224791287,3.28254181,1
2571,2.300171754,2.156529325,3.524317183,1
2573,3.504304106,3.404861475,3.423834997,1
2578,3.111200495,3.12908083,3.187134279,1
2579,3.328244486,3.38772565,3.043029813,1
2589,2.591103061,2.58864308,3.59426578,1
2591,3.055207764,2.88195391,3.270217867,1
2592,2.412734462,2.446945892,3.484159806,1
2593,2.446214652,2.647075317,2.853325218,1
2602,2.754463298,3.038764539,2.846180881,1
2605,3.210486576,2.910972848,3.361695164,1
2606,3.381928239,3.422503967,3.269669965,1
2607,3.326512752,3.587011486,2.982367002,1
2608,3.410213227,3.476581091,3.484473114,1
2612,2.730219023,3.254849279,2.420321155,1
2614,2.91955527,2.933053612,3.174618957,1
2618,3.247430234,3.289655888,2.942701965,1
2620,2.076200828,2.161838619,3.500207169,1
2631,3.263593084,3.255720302,3.231292885,1
2633,3.101387336,3.036179763,3.046920691,1
2637,3.151030377,3.303617967,2.794693503,1
2641,2.766585436,2.900662891,3.21441055,1
2644,2.805260828,2.798772975,3.114330417,1
2645,3.208754842,2.944880143,3.577351806,1
2652,2.824887146,2.628449495,3.498200766,1
2658,3.478328096,3.324237025,3.546572046,1
2662,3.144103441,2.874677958,3.484016271,1
2664,2.781593797,2.832174459,3.40622264,1
2670,3.331130709,3.483885335,2.999522516,1
2672,2.537419308,2.646120278,3.03382737,1
2673,2.702511279,2.899258624,3.556916595,1
2677,2.979588714,2.970640463,3.009021289,1
2681,3.570109997,3.443236189,3.210546682,1
2682,2.977279735,3.020869999,3.063635568,1
2689,3.592045294,3.301286096,3.341010697,1
2701,3.098501113,2.925355865,3.327425036,1
2705,3.114086719,3.366881121,2.579704377,1
2714,3.332285198,3.586309353,2.850801009,1
2718,2.502784628,2.953082843,2.611721932,1
2728,3.093305911,3.104669052,3.358912438,1
2729,3.398091089,3.331260072,3.156674,1
2730,2.84393622,3.105567508,3.584902825,1
2733,3.356529474,3.282463951,3.211889428,1
2743,3.35479774,3.230409211,3.376057149,1
2750,2.898774462,3.064806055,3.031287728,1
2751,3.46389698,3.33288981,2.972622059,1
2759,3.465628714,3.541081337,3.054388367,1
2761,2.99401983,2.902601259,3.280206666,1
2771,3.146412419,3.248023412,3.186640395,1
2776,3.278601445,3.400394912,3.604962221,1
2777,3.603012942,3.449023002,3.34993533,1
2780,2.727332799,2.963898611,2.980923935,1
2783,3.313813369,3.295864495,3.45210984,1
2784,2.613038357,2.48534804,3.340718225,1
2788,3.324203773,3.569369851,2.866585224,1
2790,3.560296837,3.480879622,3.262619775,1
2791,2.950149236,2.771101721,3.31663985,1
2794,3.327089997,3.27802568,3.08710662,1
2797,2.906278643,2.696741603,3.525953173,1
2799,2.890693037,3.15026228,2.958547144,1
2801,3.338057645,3.297549958,3.106860425,1
2803,3.444847906,3.405170962,3.026821167,1
2807,2.437555982,2.255582417,3.427779893,1
2809,3.454083821,3.142143595,3.343840496,1
2810,2.777553084,2.786159437,3.440199525,1
2816,3.073679593,3.269598365,3.277452492,1
2817,2.862985293,2.948195344,3.040224708,1
2818,3.317276837,3.301959938,3.272579249,1
2819,3.465628714,3.593136077,2.838513336,1
2820,2.518947479,2.808015587,2.912250947,1
2827,3.232999118,3.19282236,3.095260331,1
2838,3.025768286,3.26524411,2.975495073,1
2844,2.670185578,2.956763256,2.825383746,1
2845,2.957653417,3.066547243,3.353674184,1
2846,3.009028191,3.172118429,2.774298421,1
2847,2.732528001,2.841192457,3.449641964,1
2849,3.140062728,3.017864286,3.256119031,1
2854,1.862620305,2.012275651,3.460794476,1
2856,3.133135792,3.022218541,3.254487671,1
2863,2.85259489,2.86405937,3.078692076,1
2864,2.539728286,2.869846183,2.763547961,1
2865,3.291300828,3.199733101,3.35555017,1
2866,2.557045626,2.489730586,3.505340473,1
2879,3.418294652,3.412025121,3.430053301,1
2882,3.541247764,3.320304564,3.252834704,1
2883,3.416562918,3.391124867,3.299957384,1
2887,3.138908239,3.244146676,2.950516132,1
2888,2.355587241,2.775428543,3.045969193,1
2890,3.248584723,3.373454941,3.280339397,1
2895,2.495280448,2.290416459,3.457787959,1
2896,2.027712277,1.791106232,3.558945377,1
2899,3.532011849,3.433936995,3.26542025,1
2901,3.101964581,3.309320764,3.31739611,1
2905,3.491027479,3.167903915,3.519074298,1
2906,3.039044913,2.955527022,3.344159977,1
2907,3.598972229,3.547963787,3.549284548,1
2909,3.467937693,3.514309397,3.061960993,1
2911,3.280910424,3.035534212,3.43214459,1
2917,3.43041679,3.35356545,3.083487378,1
2921,3.02865451,3.025055365,3.01759403,1
2923,2.995751564,2.72528388,3.545863632,1
2926,2.662681398,2.729020017,3.121758736,1
2929,2.684616695,2.56156251,3.297197809,1
2930,3.175851897,3.558217162,2.7478795,1
2933,3.143526196,3.023398193,3.310178462,1
2940,2.007508714,2.036435381,3.518857453,1
2944,3.046549094,2.950976444,3.029275923,1
2947,2.775244106,3.278194569,3.167626643,1
2949,2.460068524,2.905382359,2.457965898,1
2952,3.598972229,3.492762735,3.183771239,1
2954,3.376733037,3.283334973,3.328332547,1
2957,2.140852229,2.67553272,2.971590305,1
2962,3.015377882,2.897685469,3.461921148,1
2963,3.376155792,3.127732288,3.34974858,1
2969,2.862408049,2.695618533,3.201781018,1
2973,3.244544011,3.062643073,3.424345858,1
2980,3.062711944,3.044298447,3.365714915,1
2984,3.444847906,3.278446617,3.487232689,1
2986,3.01133717,3.038005824,3.386994358,1
2988,2.428320068,2.383823336,3.224010415,1
2990,3.294187051,3.211784246,3.34546028,1
3006,2.832391327,2.976399842,3.382217576,1
3012,2.629201208,2.849563189,3.060703133,1
3015,3.575305199,3.508943521,3.196846811,1
3018,3.37096059,3.361375504,3.44429413,1
3019,3.582232134,3.165881531,3.550459837,1
3029,3.223185959,2.922574766,3.382742328,1
3031,3.284373892,2.999238464,3.564439061,1
3032,2.406962015,2.504366508,3.018171256,1
3034,2.738300448,2.547122911,3.432685547,1
3039,3.007873702,2.965275444,3.452396138,1
3048,2.800065626,3.591787536,2.045275119,1
3052,2.946108524,3.439106548,2.496221823,1
3057,2.933986386,2.982018623,3.073963911,1
3059,3.557410614,3.491582225,2.979301064,1
3066,3.43041679,3.095707636,3.314926691,1
3069,3.3969366,3.247995121,3.537864259,1
3081,3.241080543,3.003200073,3.495533794,1
3084,3.17123394,3.246871193,3.182411516,1
3085,3.156225578,3.238696784,3.311525067,1
3089,2.583021635,3.320304564,2.724873008,1
3111,3.573573465,3.597068538,3.090900264,1
3113,3.375001303,3.273361937,3.313421889,1
3117,3.421180875,3.331428962,3.330488658,1
3118,3.142948951,2.879397425,3.418156105,1
3124,2.648250281,3.255158767,3.289483963,1
3128,2.019053607,2.317328997,2.905476252,1
3133,3.52219869,3.386040187,3.531655986,1
3136,3.083492752,3.172118429,2.976918075,1
3145,2.568013274,2.615864248,3.40883868,1
3148,2.746959118,2.968084835,2.960129116,1
3149,3.547597455,3.455034429,3.581149308,1
3150,3.009605436,3.069188601,2.952260931,1
3164,3.21221831,3.149250659,3.452968734,1
3167,2.630932942,2.918782903,3.339185642,1
3168,3.209909331,3.30330848,3.371325897,1
3169,2.593412039,2.598897312,3.586394508,1
3170,3.093305911,3.491694532,3.571895162,1
3171,1.956133939,1.967243959,3.063001236,1
3172,3.045394605,2.85386172,2.973235555,1
3179,2.345774082,2.823774579,2.77025552,1
3181,2.545500733,2.707445064,2.981312869,1
3182,2.509134319,2.607773855,2.831907642,1
3184,3.302268476,3.472255127,2.989678796,1
3186,3.007873702,3.042922472,2.926339752,1
3187,3.176429141,2.958336412,3.569610178,1
3190,3.154493845,3.173100902,2.88422459,1
3193,3.054053274,2.89903401,3.594178578,1
3197,3.354220495,3.392753747,3.48624415,1
3202,3.481791564,3.297858588,3.101038771,1
3204,3.22087698,3.256029789,3.061936299,1
3205,2.962848619,2.9408911,3.209024903,1
3207,3.087533464,3.386011896,3.128709378,1
3209,2.389644676,2.672329826,2.956461257,1
3212,3.440807194,3.456495278,3.054764953,1
3222,3.550483678,3.282463951,3.339858559,1
3227,3.211641065,3.008762272,3.457540245,1
3229,1.878205911,1.83950885,3.127101169,1
3240,2.215894034,2.565382664,3.54894809,1
3245,2.667299355,2.74348705,2.856195917,1
3248,2.786788999,2.625247458,3.250104453,1
3251,2.8191147,2.70182714,3.467528272,1
3270,2.789097977,3.036826171,3.015858491,1
3271,2.612461113,2.761129542,3.143438688,1
3272,3.327089997,3.145795717,3.555464268,1
3278,3.344407336,3.113742775,3.595369301,1
3282,2.5760947,2.569203675,3.32381737,1
3290,2.438133227,2.615218697,2.88877758,1
3298,3.20355964,3.309151875,3.108896924,1
3299,3.48121432,3.256422435,3.567802101,1
3301,2.599184486,2.811919757,3.0654367,1
3304,2.936872609,2.87585761,3.398802809,1
3310,3.274560733,3.29381382,3.173041615,1
3316,3.446002396,3.148858013,3.344706336,1
3319,2.345774082,2.386857341,2.825004845,1
3320,2.731373512,3.010560042,3.180382734,1
3322,2.882034367,2.874509068,3.110118514,1
3328,2.76831717,2.746689944,3.322522468,1
3331,2.900506196,2.926255179,3.133872006,1
3334,2.839318263,2.69443888,3.321515409,1
3335,3.365188144,3.306370775,3.222398348,1
3340,2.681730472,2.926985603,2.769271611,1
3347,2.792561445,2.954431385,2.756979308,1
3350,2.782748286,2.787789175,3.544104943,1
3351,3.073102348,2.759921599,3.597126447,1
3353,2.730796267,3.144475467,2.812422385,1
3358,1.877051421,2.177879664,3.525196913,1
3359,2.215894034,2.603953701,3.356900634,1
3365,3.459856267,3.268025209,3.600692442,1
3368,2.953612704,2.962774684,3.260765396,1
3370,2.587639593,2.625190876,3.233420444,1
3371,2.794870424,2.731632228,2.956283768,1
3373,2.468727194,2.54529685,3.2883843,1
3382,2.801220115,2.77784443,3.241368113,1
3383,3.4887185,3.502622607,3.379787514,1
3390,3.329398975,3.412952725,3.418372951,1
3402,2.990556362,3.282604549,3.315282442,1
3411,3.482946054,3.504364652,2.835786944,1
3413,3.011914415,3.099162578,2.850297865,1
3415,3.089842443,2.952324985,3.329340379,1
3418,3.066752657,3.177933533,2.784598983,1
3419,2.858367336,2.606650785,3.467310654,1
3421,3.088110709,3.335558603,3.565291783,1
3428,3.526816647,3.385618393,3.201953105,1
3429,3.570109997,3.591928134,3.015928716,1
3431,3.104273559,2.744414655,3.481350071,1
3438,3.570109997,3.467591385,3.399336049,1
3440,2.966312087,3.166668537,3.405057383,1
3447,3.121590899,3.205575639,2.953007158,1
3456,3.118127431,3.313365532,3.057109357,1
3460,3.20471413,3.251366047,2.842306209,1
3461,3.276869712,3.211335018,3.151474331,1
3475,3.16142078,3.071295001,2.976759878,1
3479,3.134867526,3.36966222,2.403915727,1
3501,3.257243393,3.440370216,3.222111278,1
3505,2.419084153,2.360338306,3.371061206,1
3509,3.081761018,3.253445013,2.618621642,1
3512,2.93571812,2.937436159,3.07524878,1
3520,3.08580173,3.463602342,3.300973704,1
3524,2.898197217,2.530436315,3.447025924,1
3526,2.570899498,2.593784342,3.335280102,1
3531,2.990556362,3.272688095,3.14403212,1
3534,2.871066719,2.960921189,2.988718038,1
3537,3.058093987,3.473547087,3.166741511,1
3539,2.040411659,2.656149039,2.29313375,1
3540,3.451197598,3.592405653,2.699457288,1
3551,2.948994747,2.972691995,3.510273908,1
3554,1.79623717,1.954742728,2.842356369,1
3564,3.211641065,2.987608256,3.503158896,1
3565,2.715787906,2.616341767,3.443549446,1
3571,2.803529094,2.583614982,3.447097691,1
3574,3.316122348,3.516415797,2.875384071,1
3578,3.181047099,3.125091787,3.44275383,1
3583,3.380196505,3.54127766,3.205928098,1
3585,3.532589094,3.51877596,2.797527161,1
3587,2.026557787,2.201111789,3.42585992,1
3589,3.193169236,3.111439195,3.37812683,1
3597,3.551638168,3.327523934,3.332660975,1
3602,3.05232154,3.178888572,2.66237974,1
3605,3.447156885,3.292745617,3.112597193,1
3610,3.117550187,3.022639478,3.572256315,1
3616,2.706551992,2.439557632,3.566297299,1
3624,2.763121968,2.749695657,3.285774433,1
3627,3.077720305,2.853300185,3.54243114,1
3629,2.181259355,2.167316802,2.952331926,1
3631,2.274772989,2.201616742,3.465985657,1
3633,2.861830804,2.736689474,3.367646463,1
3638,2.393685388,2.071775234,3.566059617,1
3641,2.688080163,2.560860377,3.111688139,1
3646,3.534320828,3.561925009,3.0608567,1
3647,3.362879165,3.265215819,3.414965154,1
3651,2.631510186,3.212935607,2.738903935,1
3652,3.192014747,3.299600633,3.310182321,1
3654,2.073314604,2.228135777,2.891991683,1
3655,2.127575602,2.138465896,3.256782687,1
3662,3.374424058,3.357217572,3.373698854,1
3665,2.671917312,2.813549495,3.453711103,1
3667,2.413888951,2.434894747,3.319028241,1
3668,2.518370234,2.631146578,3.44131848,1
3673,3.398668334,3.410031028,3.064450476,1
3677,3.228958405,3.279907465,3.174638249,1
3679,3.591468049,3.498043738,3.063101556,1
3681,3.0944604,3.091970641,3.172338603,1
3682,2.368863868,2.351938425,3.413929541,1
3694,3.220299735,3.042444952,3.372766648,1
3699,2.315180115,2.439277293,3.186850296,1
3701,3.228958405,3.243893771,3.138828592,1
3705,2.859521825,2.764331579,3.596865614,1
3708,3.226072182,3.113573886,3.150437175,1
3710,3.202982396,3.300106443,3.070480487,1
3712,2.764853702,2.788687632,3.47634564,1
3717,3.066175412,3.1711351,3.107546461,1
3721,3.164307004,2.997384969,3.283825907,1
3724,3.181047099,3.010138247,3.587264978,1
3726,3.141217217,3.192569455,2.931374279,1
3728,2.55877736,2.488775548,3.500297457,1
3730,2.450255365,2.551083663,3.158357063,1
3731,3.396359355,3.025954679,3.601001891,1
3733,2.987092894,3.252153053,3.53100622,1
3735,2.128730091,2.552432205,2.90596319,1
3737,2.48315831,2.327779553,3.539488673,1
3739,2.268423298,2.299714796,3.25219497,1
3740,2.98651565,3.175292175,3.363328839,1
3755,3.076565816,3.149756469,3.266830134,1
3756,3.435034747,3.456074341,2.839738785,1
3758,2.47449964,2.490657334,3.133752394,1
3759,2.293244818,2.377108918,3.040622902,1
3761,3.533743583,3.235522181,3.35722706,1
3764,3.458701778,3.314067665,3.135088967,1
3767,2.720405863,3.029606801,3.028170087,1
3773,3.007873702,2.877290168,3.402763911,1
3774,2.375213559,2.349916041,3.223618395,1
3776,2.659795175,2.548808374,3.065019214,1
3779,3.582232134,3.457394591,3.420798383,1
3790,3.118127431,2.879846653,3.298445637,1
3791,2.737145958,2.892319593,3.590930521,1
3794,3.589736315,3.528270619,3.255611256,1
3796,2.116607954,2.189059787,3.297018776,1
3801,2.808724296,2.74348705,3.019225389,1
3929,3.58915907,3.568976348,2.900720306,0
3930,2.808724296,3.2046206,2.873160823,0
4206,2.406962015,3.396855955,3.349373537,0
4605,2.913205578,3.540547236,2.552654211,0
4731,2.899351707,3.291481949,2.923640369,0
4828,3.442538928,3.396995696,3.161413741,0
4915,3.130249569,3.426661042,3.343499408,0
5137,3.009028191,3.392445117,2.513418236,0
5266,2.91955527,2.853300185,3.496416611,0
5323,3.000946766,3.166977167,3.136144643,0
5354,2.879725388,3.203946758,2.736480047,0
5391,3.076565816,3.036179763,3.248870515,0
5443,3.545865721,3.577095032,2.975856997,1
5444,3.470246671,3.273418519,3.310555049,1
5450,3.026922776,3.077756514,3.121389095,1
5451,3.425221588,3.337103467,3.165277609,1
5458,3.386546196,3.297297053,3.32454199,1
5462,3.115818453,3.237881486,2.866396931,1
5463,2.853172134,3.07343055,2.643668492,1
5468,3.450043108,3.591646938,3.256268739,1
5470,3.153339355,3.130317064,3.102930963,1
5471,3.257820638,2.991400976,3.457113499,1
5499,2.614192847,3.177174818,2.517497407,1
5508,3.265324818,3.093291749,3.504990124,1
5509,3.050012562,2.961145803,3.292307588,1
5519,3.219722491,2.997384969,3.306735167,1
5522,2.783902776,2.637524075,3.227237637,1
5533,2.321529806,2.46436377,3.377287228,1
5541,3.57299622,3.236899014,3.55793523,1
5544,2.547232467,3.063429222,2.183555615,1
5546,3.396359355,3.203693853,3.24373181,1
5547,2.83527755,2.677471088,3.398827503,1
5550,3.537207051,3.491245304,3.408192001,1
5562,2.33192021,2.341460436,3.46471082,1
5568,3.016532372,2.981596829,3.155168427,1
5570,2.317489094,2.548752649,2.734829395,1
5576,3.550483678,3.224875303,3.347996065,1
5580,2.917246291,2.943447586,3.116384664,1
5583,2.404075792,2.43888379,3.12587572,1
5585,2.437555982,2.418151568,3.560386128,1
5591,3.417717408,3.311061952,3.311582172,1
5596,3.222608714,3.166695971,3.481636369,1
5601,3.406172514,3.386124203,3.115084361,1
5608,2.885497835,2.882852367,3.350855188,1
5617,2.901660685,2.860519555,3.310889192,1
5619,3.083492752,3.302718653,2.803899033,1
5621,2.498166671,2.849450882,2.504350068,1
5622,3.267056552,3.367948466,3.120688398,1
5623,3.246852989,2.927181926,3.589951242,1
5630,2.939758833,3.195491153,3.051088606,1
5631,2.966889331,3.144700081,2.941282821,1
5634,1.773147383,2.047812684,3.037197355,1
5636,2.877993654,3.085846907,3.126381179,1
5639,3.428685056,3.141413171,3.471380565,1
5640,3.429262301,3.577123323,2.777281015,1
5641,2.896465483,3.040562309,3.133120377,1
5642,2.616501825,2.912827201,2.759022752,1
5645,2.858944581,2.675392121,3.354851016,1
5649,3.004410234,2.796159907,3.518955458,1
5651,3.352488761,3.305696076,3.279869436,1
5653,3.263593084,3.250860236,3.178423405,1
5654,2.6678766,3.244118385,2.463195664,1
5657,2.77697584,2.882094509,3.419761228,1
5661,2.978434225,2.892376175,3.233520764,1
5674,2.880302633,2.923726984,3.108819755,1
5678,3.596663251,3.350784351,3.234271621,1
5681,3.394050377,3.436409464,3.415201292,1
5683,2.844513464,2.937689064,3.129999649,1
5686,3.531434605,3.371404265,3.393198,1
5688,3.478905341,3.300386782,3.388225209,1
5692,2.686348429,2.939515125,2.712115374,1
5693,2.090054699,2.363596924,2.87654547,1
5694,2.671917312,2.86846935,2.685172473,1
5697,3.340366624,3.425285067,3.362651292,1
5702,3.208754842,3.008733981,3.495137144,1
5709,3.349025293,3.249484261,3.290236364,1
5711,3.314390614,3.39840082,3.079540939,1
5720,3.437343726,3.164673587,3.285347686,1
5729,3.350757027,3.368594875,3.232350877,1
5731,2.785057265,2.728373609,3.422883499,1
5738,3.525662158,3.525461229,2.930448247,1
5746,3.483523298,3.43090299,3.320666546,1
5748,2.570322253,3.026319891,3.552005539,1
5752,3.459856267,3.427616938,3.581398565,1
5753,2.610152134,2.95386985,3.045832603,1
5754,3.503726861,3.359998671,3.435715215,1
5760,3.235308096,3.058485141,3.325528986,1
5761,2.813919498,3.131665606,3.029447239,1
5762,3.417717408,3.29330801,3.598184438,1
5764,2.635550899,2.941537509,3.356618966,1
5765,2.995751564,2.783631243,3.342967711,1
5769,3.104273559,3.030111754,3.21945048,1
5775,3.126208856,3.241027798,3.309193782,1
5777,3.234730852,3.312916304,2.925478542,1
5779,2.885497835,2.8220051,3.380755217,1
5784,2.473345151,2.847232175,2.935751324,1
5793,3.074834082,2.928137822,3.429641989,1
5798,3.198941683,3.08542597,3.269033318,1
5800,2.471613417,2.802480822,2.517419466,1
5802,2.799488381,2.597773385,3.390622088,1
5805,2.625160495,2.664885841,3.43697076,1
5807,3.500263393,3.320529178,3.473346839,1
5809,2.912051089,3.001092816,3.113355768,1
5815,3.088110709,2.987805436,3.521728923,1
5816,2.806415317,2.89392104,3.234668272,1
5825,3.446002396,3.422026448,3.349668324,1
5834,2.802951849,2.752223851,3.55942074,1
5835,2.925327716,2.720030311,3.34627596,1
5838,2.842204486,3.043624605,2.802357961,1
5841,3.346716315,3.230633825,3.274306299,1
5845,3.458701778,3.155122345,3.493464112,1
5847,3.231844628,3.261563697,3.137775231,1
5848,3.000946766,2.812229244,3.521450342,1
5856,3.354220495,3.184787692,3.588221106,1
5860,3.175274652,3.034269686,3.489729117,1
5863,3.538938785,3.438516722,3.47665123,1
5867,2.682884961,2.789221733,3.094101248,1
5870,3.352488761,3.310106913,3.19263568,1
5872,2.611306624,2.83498385,2.884901365,1
5875,3.19490097,3.393653061,3.453669432,1
5877,2.7596585,2.666093785,3.268642841,1
5880,2.648827526,2.571703578,3.499939391,1
5887,2.012703916,2.134252238,3.004536207,1
5898,3.242235032,3.290751524,3.382623487,1
5901,3.567801018,3.466889251,3.343551883,1
5907,2.761967479,3.292577585,3.024224419,1
5915,3.350179783,3.218048578,3.55137275,1
5916,2.857790091,2.932941305,3.546688572,1
5918,3.174120163,3.305864965,3.074203136,1
5923,2.679998738,2.874874281,3.292519804,1
5927,2.574362966,2.481780791,3.521720435,1
5928,2.354432752,2.693904779,2.978842678,1
5929,3.182201588,3.367078301,2.70964827,1
5931,2.940336077,3.040309404,3.163166256,1
5938,2.819691944,3.123069403,3.033664543,1
5939,2.800065626,2.722278166,3.430399792,1
5943,2.546655222,2.637467493,3.103645551,1
5950,2.95303546,2.905551248,3.50526639,1
5952,3.413676695,3.30561206,3.593280327,1
5957,3.168347716,3.257574654,3.103688766,1
5961,3.243389521,3.235943118,3.155835941,1
5977,2.438133227,2.721294836,3.440007373,1
6005,2.793715935,2.887010299,3.249598994,1
6008,3.260706861,3.453714178,2.741374126,1
6011,3.485255032,3.328423248,3.414019829,1
6016,3.035581445,3.079862914,3.331942529,1
6022,2.932831897,2.848720458,3.321417404,1
6036,2.921864248,2.658424329,3.595059852,1
6040,2.480849331,2.556618428,3.089017333,1
6046,3.415985674,3.44256149,3.135741047,1
6050,3.570109997,3.38463592,3.515377887,1
6052,3.297650519,3.213638598,3.307948269,1
6055,3.495645436,3.448825822,3.177128503,1
6058,3.077720305,3.021375809,3.205734403,1
6060,3.435611992,3.389832907,2.925144399,1
6063,3.256088904,3.548413015,3.122300465,1
6066,2.924750472,2.769725746,3.003570047,1
6068,2.626892229,2.659969193,3.514159384,1
6070,2.343465103,2.944543222,3.026040213,1
6072,3.287260115,3.2326845,3.295564906,1
6074,3.208177597,3.170207495,3.340874107,1
6075,3.255511659,3.223948555,3.15672416,1
6085,3.248584723,3.125653322,3.345794424,1
6087,3.604744676,3.336794837,3.486439388,1
6092,2.744072894,2.642327558,3.575289841,1
6095,3.493336457,3.38443874,3.257903186,1
6098,1.950361493,2.303198886,2.424789259,1
6109,3.29534154,3.512033251,2.843132693,1
6111,2.797179403,3.517062206,2.655043251,1
6114,3.003255745,3.133884313,3.580296587,1
6115,2.274772989,2.472032369,3.523073985,1
6117,3.436189236,3.214565345,3.43435472,1
6118,3.368074367,3.242685827,3.286674227,1
6119,3.320163061,3.166303325,3.382955315,1
6128,2.931100163,2.975810016,3.057114759,1
6137,2.78448002,2.678397835,3.343500951,1
6140,2.714056172,2.634039985,3.177666373,1
6141,2.670762823,2.93530061,3.107046403,1
6154,3.223763203,3.106634854,3.238559921,1
6155,2.755617787,2.983843827,3.0417434,1
6156,2.959962396,2.598728423,3.569385616,1
6157,3.567801018,3.438825352,3.322908315,1
6166,3.563760305,3.589764294,3.249481696,1
6170,2.61707907,2.860940492,3.130677968,1
6173,3.293032562,3.241280703,3.57332511,1
6176,3.033272467,3.282661131,2.793692617,1
6178,3.152762111,3.267575124,2.994186256,1
6179,1.929003441,2.379103868,2.914433296,1
6182,3.181047099,3.008312186,3.481736689,1
6193,2.721560353,3.080733936,2.926073518,1
6194,1.952093227,2.014832137,3.426468014,1
6197,3.383082728,3.384157544,3.392420134,1
6200,3.515271754,3.541193644,3.410825791,1
6208,3.478905341,3.29920713,3.342749322,1
6210,3.222031469,3.150290571,3.184448014,1
6211,3.365765388,3.403710113,3.332439499,1
6216,2.543191754,2.930019608,2.814925759,1
6220,2.855481113,3.067305958,3.020967101,1
6224,3.190860258,2.890072595,3.444281011,1
6226,2.480272087,2.422842744,3.173148109,1
6229,3.273983488,3.497987155,3.428932031,1
6240,3.173542918,3.078711552,3.305671002,1
6242,3.356529474,3.388680688,2.959231636,1
6258,3.252048191,3.476187588,2.938788709,1
6260,3.465628714,3.263838986,3.592289473,1
6276,3.233576362,3.064019049,3.594718764,1
6279,2.427742823,2.683089011,2.662004697,1
6280,3.286682871,3.277969097,3.494133171,1
6282,2.958807906,3.222936935,2.914849239,1
6288,3.439652704,3.154673117,3.550979958,1
6296,2.887229569,3.115905757,2.633164974,1
6298,3.560296837,3.427391467,3.468063055,1
6303,3.430994035,3.516837592,2.954670157,1
6304,3.280910424,3.068064674,3.35113377,1
6305,3.197787194,3.099556081,3.517248472,1
6312,2.051379308,2.872935913,1.917424829,1
6317,2.305366956,2.353370983,3.02398365,1
6319,2.951303726,2.727165665,3.399534374,1
6321,2.754463298,2.945751166,3.047111299,1
6324,3.096192134,3.139109591,3.088602162,1
6325,2.688080163,2.906000476,3.323440783,1
6330,2.930522918,3.061041626,2.799521217,1
6335,2.241292799,2.721182529,2.116115793,1
6338,3.57299622,3.597714947,3.076603102,1
6339,3.17007945,3.114500633,3.283607518,1
6352,3.317276837,3.164224359,3.279202693,1
6363,3.565492039,3.411322987,3.538833506,1
6366,3.312081636,3.172511075,3.515918844,1
6368,2.861253559,2.657525015,3.357815862,1
6369,3.175851897,3.224791287,3.28254181,1
6381,2.300171754,2.156529325,3.524317183,1
6383,3.504304106,3.404861475,3.423834997,1
6388,3.111200495,3.12908083,3.187134279,1
6389,3.328244486,3.38772565,3.043029813,1
6399,2.591103061,2.58864308,3.59426578,1
6401,3.055207764,2.88195391,3.270217867,1
6402,2.412734462,2.446945892,3.484159806,1
6403,2.446214652,2.647075317,2.853325218,1
6412,2.754463298,3.038764539,2.846180881,1
6415,3.210486576,2.910972848,3.361695164,1
6416,3.381928239,3.422503967,3.269669965,1
6417,3.326512752,3.587011486,2.982367002,1
6418,3.410213227,3.476581091,3.484473114,1
6422,2.730219023,3.254849279,2.420321155,1
6424,2.91955527,2.933053612,3.174618957,1
6428,3.247430234,3.289655888,2.942701965,1
6430,2.076200828,2.161838619,3.500207169,1
6441,3.263593084,3.255720302,3.231292885,1
6443,3.101387336,3.036179763,3.046920691,1
6447,3.151030377,3.303617967,2.794693503,1
6451,2.766585436,2.900662891,3.21441055,1
6454,2.805260828,2.798772975,3.114330417,1
6455,3.208754842,2.944880143,3.577351806,1
6462,2.824887146,2.628449495,3.498200766,1
6468,3.478328096,3.324237025,3.546572046,1
6472,3.144103441,2.874677958,3.484016271,1
6474,2.781593797,2.832174459,3.40622264,1
6480,3.331130709,3.483885335,2.999522516,1
6482,2.537419308,2.646120278,3.03382737,1
6483,2.702511279,2.899258624,3.556916595,1
6487,2.979588714,2.970640463,3.009021289,1
6491,3.570109997,3.443236189,3.210546682,1
6492,2.977279735,3.020869999,3.063635568,1
6499,3.592045294,3.301286096,3.341010697,1
6511,3.098501113,2.925355865,3.327425036,1
6515,3.114086719,3.366881121,2.579704377,1
6524,3.332285198,3.586309353,2.850801009,1
6528,2.502784628,2.953082843,2.611721932,1
6538,3.093305911,3.104669052,3.358912438,1
6539,3.398091089,3.331260072,3.156674,1
6540,2.84393622,3.105567508,3.584902825,1
6543,3.356529474,3.282463951,3.211889428,1
6553,3.35479774,3.230409211,3.376057149,1
6560,2.898774462,3.064806055,3.031287728,1
6561,3.46389698,3.33288981,2.972622059,1
6569,3.465628714,3.541081337,3.054388367,1
6571,2.99401983,2.902601259,3.280206666,1
6581,3.146412419,3.248023412,3.186640395,1
6586,3.278601445,3.400394912,3.604962221,1
6587,3.603012942,3.449023002,3.34993533,1
6590,2.727332799,2.963898611,2.980923935,1
6593,3.313813369,3.295864495,3.45210984,1
6594,2.613038357,2.48534804,3.340718225,1
6598,3.324203773,3.569369851,2.866585224,1
6600,3.560296837,3.480879622,3.262619775,1
6601,2.950149236,2.771101721,3.31663985,1
6604,3.327089997,3.27802568,3.08710662,1
6607,2.906278643,2.696741603,3.525953173,1
6609,2.890693037,3.15026228,2.958547144,1
6611,3.338057645,3.297549958,3.106860425,1
6613,3.444847906,3.405170962,3.026821167,1
6617,2.437555982,2.255582417,3.427779893,1
6619,3.454083821,3.142143595,3.343840496,1
6620,2.777553084,2.786159437,3.440199525,1
6626,3.073679593,3.269598365,3.277452492,1
6627,2.862985293,2.948195344,3.040224708,1
6628,3.317276837,3.301959938,3.272579249,1
6629,3.465628714,3.593136077,2.838513336,1
6630,2.518947479,2.808015587,2.912250947,1
6637,3.232999118,3.19282236,3.095260331,1
6648,3.025768286,3.26524411,2.975495073,1
6654,2.670185578,2.956763256,2.825383746,1
6655,2.957653417,3.066547243,3.353674184,1
6656,3.009028191,3.172118429,2.774298421,1
6657,2.732528001,2.841192457,3.449641964,1
6659,3.140062728,3.017864286,3.256119031,1
6664,1.862620305,2.012275651,3.460794476,1
6666,3.133135792,3.022218541,3.254487671,1
6673,2.85259489,2.86405937,3.078692076,1
6674,2.539728286,2.869846183,2.763547961,1
6675,3.291300828,3.199733101,3.35555017,1
6676,2.557045626,2.489730586,3.505340473,1
6689,3.418294652,3.412025121,3.430053301,1
6692,3.541247764,3.320304564,3.252834704,1
6693,3.416562918,3.391124867,3.299957384,1
6697,3.138908239,3.244146676,2.950516132,1
6698,2.355587241,2.775428543,3.045969193,1
6700,3.248584723,3.373454941,3.280339397,1
6705,2.495280448,2.290416459,3.457787959,1
6706,2.027712277,1.791106232,3.558945377,1
6709,3.532011849,3.433936995,3.26542025,1
6711,3.101964581,3.309320764,3.31739611,1
6715,3.491027479,3.167903915,3.519074298,1
6716,3.039044913,2.955527022,3.344159977,1
6717,3.598972229,3.547963787,3.549284548,1
6719,3.467937693,3.514309397,3.061960993,1
6721,3.280910424,3.035534212,3.43214459,1
6727,3.43041679,3.35356545,3.083487378,1
6731,3.02865451,3.025055365,3.01759403,1
6733,2.995751564,2.72528388,3.545863632,1
6736,2.662681398,2.729020017,3.121758736,1
6739,2.684616695,2.56156251,3.297197809,1
6740,3.175851897,3.558217162,2.7478795,1
6743,3.143526196,3.023398193,3.310178462,1
6750,2.007508714,2.036435381,3.518857453,1
6754,3.046549094,2.950976444,3.029275923,1
6757,2.775244106,3.278194569,3.167626643,1
6759,2.460068524,2.905382359,2.457965898,1
6762,3.598972229,3.492762735,3.183771239,1
6764,3.376733037,3.283334973,3.328332547,1
6767,2.140852229,2.67553272,2.971590305,1
6772,3.015377882,2.897685469,3.461921148,1
6773,3.376155792,3.127732288,3.34974858,1
6779,2.862408049,2.695618533,3.201781018,1
6783,3.244544011,3.062643073,3.424345858,1
6790,3.062711944,3.044298447,3.365714915,1
6794,3.444847906,3.278446617,3.487232689,1
6796,3.01133717,3.038005824,3.386994358,1
6798,2.428320068,2.383823336,3.224010415,1
6800,3.294187051,3.211784246,3.34546028,1
6816,2.832391327,2.976399842,3.382217576,1
6822,2.629201208,2.849563189,3.060703133,1
6825,3.575305199,3.508943521,3.196846811,1
6828,3.37096059,3.361375504,3.44429413,1
6829,3.582232134,3.165881531,3.550459837,1
6839,3.223185959,2.922574766,3.382742328,1
6841,3.284373892,2.999238464,3.564439061,1
6842,2.406962015,2.504366508,3.018171256,1
6844,2.738300448,2.547122911,3.432685547,1
6849,3.007873702,2.965275444,3.452396138,1
6858,2.800065626,3.591787536,2.045275119,1
6862,2.946108524,3.439106548,2.496221823,1
6867,2.933986386,2.982018623,3.073963911,1
6869,3.557410614,3.491582225,2.979301064,1
6876,3.43041679,3.095707636,3.314926691,1
6879,3.3969366,3.247995121,3.537864259,1
6891,3.241080543,3.003200073,3.495533794,1
6894,3.17123394,3.246871193,3.182411516,1
6895,3.156225578,3.238696784,3.311525067,1
6899,2.583021635,3.320304564,2.724873008,1
6921,3.573573465,3.597068538,3.090900264,1
6923,3.375001303,3.273361937,3.313421889,1
6927,3.421180875,3.331428962,3.330488658,1
6928,3.142948951,2.879397425,3.418156105,1
6934,2.648250281,3.255158767,3.289483963,1
6938,2.019053607,2.317328997,2.905476252,1
6943,3.52219869,3.386040187,3.531655986,1
6946,3.083492752,3.172118429,2.976918075,1
6955,2.568013274,2.615864248,3.40883868,1
6958,2.746959118,2.968084835,2.960129116,1
6959,3.547597455,3.455034429,3.581149308,1
6960,3.009605436,3.069188601,2.952260931,1
6974,3.21221831,3.149250659,3.452968734,1
6977,2.630932942,2.918782903,3.339185642,1
6978,3.209909331,3.30330848,3.371325897,1
6979,2.593412039,2.598897312,3.586394508,1
6980,3.093305911,3.491694532,3.571895162,1
6981,1.956133939,1.967243959,3.063001236,1
6982,3.045394605,2.85386172,2.973235555,1
6989,2.345774082,2.823774579,2.77025552,1
6991,2.545500733,2.707445064,2.981312869,1
6992,2.509134319,2.607773855,2.831907642,1
6994,3.302268476,3.472255127,2.989678796,1
6996,3.007873702,3.042922472,2.926339752,1
6997,3.176429141,2.958336412,3.569610178,1
7000,3.154493845,3.173100902,2.88422459,1
7003,3.054053274,2.89903401,3.594178578,1
7007,3.354220495,3.392753747,3.48624415,1
7012,3.481791564,3.297858588,3.101038771,1
7014,3.22087698,3.256029789,3.061936299,1
7015,2.962848619,2.9408911,3.209024903,1
7017,3.087533464,3.386011896,3.128709378,1
7019,2.389644676,2.672329826,2.956461257,1
7022,3.440807194,3.456495278,3.054764953,1
7032,3.550483678,3.282463951,3.339858559,1
7037,3.211641065,3.008762272,3.457540245,1
7039,1.878205911,1.83950885,3.127101169,1
7050,2.215894034,2.565382664,3.54894809,1
7055,2.667299355,2.74348705,2.856195917,1
7058,2.786788999,2.625247458,3.250104453,1
7061,2.8191147,2.70182714,3.467528272,1
7080,2.789097977,3.036826171,3.015858491,1
7081,2.612461113,2.761129542,3.143438688,1
7082,3.327089997,3.145795717,3.555464268,1
7088,3.344407336,3.113742775,3.595369301,1
7092,2.5760947,2.569203675,3.32381737,1
7100,2.438133227,2.615218697,2.88877758,1
7108,3.20355964,3.309151875,3.108896924,1
7109,3.48121432,3.256422435,3.567802101,1
7111,2.599184486,2.811919757,3.0654367,1
7114,2.936872609,2.87585761,3.398802809,1
7120,3.274560733,3.29381382,3.173041615,1
7126,3.446002396,3.148858013,3.344706336,1
7129,2.345774082,2.386857341,2.825004845,1
7130,2.731373512,3.010560042,3.180382734,1
7132,2.882034367,2.874509068,3.110118514,1
7138,2.76831717,2.746689944,3.322522468,1
7141,2.900506196,2.926255179,3.133872006,1
7144,2.839318263,2.69443888,3.321515409,1
7145,3.365188144,3.306370775,3.222398348,1
7150,2.681730472,2.926985603,2.769271611,1
7157,2.792561445,2.954431385,2.756979308,1
7160,2.782748286,2.787789175,3.544104943,1
7161,3.073102348,2.759921599,3.597126447,1
7163,2.730796267,3.144475467,2.812422385,1
7168,1.877051421,2.177879664,3.525196913,1
7169,2.215894034,2.603953701,3.356900634,1
7175,3.459856267,3.268025209,3.600692442,1
7178,2.953612704,2.962774684,3.260765396,1
7180,2.587639593,2.625190876,3.233420444,1
7181,2.794870424,2.731632228,2.956283768,1
7183,2.468727194,2.54529685,3.2883843,1
7192,2.801220115,2.77784443,3.241368113,1
7193,3.4887185,3.502622607,3.379787514,1
7200,3.329398975,3.412952725,3.418372951,1
7212,2.990556362,3.282604549,3.315282442,1
7221,3.482946054,3.504364652,2.835786944,1
7223,3.011914415,3.099162578,2.850297865,1
7225,3.089842443,2.952324985,3.329340379,1
7228,3.066752657,3.177933533,2.784598983,1
7229,2.858367336,2.606650785,3.467310654,1
7231,3.088110709,3.335558603,3.565291783,1
7238,3.526816647,3.385618393,3.201953105,1
7239,3.570109997,3.591928134,3.015928716,1
7241,3.104273559,2.744414655,3.481350071,1
7248,3.570109997,3.467591385,3.399336049,1
7250,2.966312087,3.166668537,3.405057383,1
7257,3.121590899,3.205575639,2.953007158,1
7266,3.118127431,3.313365532,3.057109357,1
7270,3.20471413,3.251366047,2.842306209,1
7271,3.276869712,3.211335018,3.151474331,1
7285,3.16142078,3.071295001,2.976759878,1
7289,3.134867526,3.36966222,2.403915727,1
7311,3.257243393,3.440370216,3.222111278,1
7315,2.419084153,2.360338306,3.371061206,1
7319,3.081761018,3.253445013,2.618621642,1
7322,2.93571812,2.937436159,3.07524878,1
7330,3.08580173,3.463602342,3.300973704,1
7334,2.898197217,2.530436315,3.447025924,1
7336,2.570899498,2.593784342,3.335280102,1
7341,2.990556362,3.272688095,3.14403212,1
7344,2.871066719,2.960921189,2.988718038,1
7347,3.058093987,3.473547087,3.166741511,1
7349,2.040411659,2.656149039,2.29313375,1
7350,3.451197598,3.592405653,2.699457288,1
7361,2.948994747,2.972691995,3.510273908,1
7364,1.79623717,1.954742728,2.842356369,1
7374,3.211641065,2.987608256,3.503158896,1
7375,2.715787906,2.616341767,3.443549446,1
7381,2.803529094,2.583614982,3.447097691,1
7384,3.316122348,3.516415797,2.875384071,1
7388,3.181047099,3.125091787,3.44275383,1
7393,3.380196505,3.54127766,3.205928098,1
7395,3.532589094,3.51877596,2.797527161,1
7397,2.026557787,2.201111789,3.42585992,1
7399,3.193169236,3.111439195,3.37812683,1
7407,3.551638168,3.327523934,3.332660975,1
7412,3.05232154,3.178888572,2.66237974,1
7415,3.447156885,3.292745617,3.112597193,1
7420,3.117550187,3.022639478,3.572256315,1
7426,2.706551992,2.439557632,3.566297299,1
7434,2.763121968,2.749695657,3.285774433,1
7437,3.077720305,2.853300185,3.54243114,1
7439,2.181259355,2.167316802,2.952331926,1
7441,2.274772989,2.201616742,3.465985657,1
7443,2.861830804,2.736689474,3.367646463,1
7448,2.393685388,2.071775234,3.566059617,1
7451,2.688080163,2.560860377,3.111688139,1
7456,3.534320828,3.561925009,3.0608567,1
7457,3.362879165,3.265215819,3.414965154,1
7461,2.631510186,3.212935607,2.738903935,1
7462,3.192014747,3.299600633,3.310182321,1
7464,2.073314604,2.228135777,2.891991683,1
7465,2.127575602,2.138465896,3.256782687,1
7472,3.374424058,3.357217572,3.373698854,1
7475,2.671917312,2.813549495,3.453711103,1
7477,2.413888951,2.434894747,3.319028241,1
7478,2.518370234,2.631146578,3.44131848,1
7483,3.398668334,3.410031028,3.064450476,1
7487,3.228958405,3.279907465,3.174638249,1
7489,3.591468049,3.498043738,3.063101556,1
7491,3.0944604,3.091970641,3.172338603,1
7492,2.368863868,2.351938425,3.413929541,1
7504,3.220299735,3.042444952,3.372766648,1
7509,2.315180115,2.439277293,3.186850296,1
7511,3.228958405,3.243893771,3.138828592,1
7515,2.859521825,2.764331579,3.596865614,1
7518,3.226072182,3.113573886,3.150437175,1
7520,3.202982396,3.300106443,3.070480487,1
7522,2.764853702,2.788687632,3.47634564,1
7527,3.066175412,3.1711351,3.107546461,1
7531,3.164307004,2.997384969,3.283825907,1
7534,3.181047099,3.010138247,3.587264978,1
7536,3.141217217,3.192569455,2.931374279,1
7538,2.55877736,2.488775548,3.500297457,1
7540,2.450255365,2.551083663,3.158357063,1
7541,3.396359355,3.025954679,3.601001891,1
7543,2.987092894,3.252153053,3.53100622,1
7545,2.128730091,2.552432205,2.90596319,1
7547,2.48315831,2.327779553,3.539488673,1
7549,2.268423298,2.299714796,3.25219497,1
7550,2.98651565,3.175292175,3.363328839,1
7565,3.076565816,3.149756469,3.266830134,1
7566,3.435034747,3.456074341,2.839738785,1
7568,2.47449964,2.490657334,3.133752394,1
7569,2.293244818,2.377108918,3.040622902,1
7571,3.533743583,3.235522181,3.35722706,1
7574,3.458701778,3.314067665,3.135088967,1
7577,2.720405863,3.029606801,3.028170087,1
7583,3.007873702,2.877290168,3.402763911,1
7584,2.375213559,2.349916041,3.223618395,1
7586,2.659795175,2.548808374,3.065019214,1
7589,3.582232134,3.457394591,3.420798383,1
7600,3.118127431,2.879846653,3.298445637,1
7601,2.737145958,2.892319593,3.590930521,1
7604,3.589736315,3.528270619,3.255611256,1
7606,2.116607954,2.189059787,3.297018776,1
7611,2.808724296,2.74348705,3.019225389,1
7739,3.58915907,3.568976348,2.900720306,0
7740,2.808724296,3.2046206,2.873160823,0
8016,2.406962015,3.396855955,3.349373537,0
8415,2.913205578,3.540547236,2.552654211,0
8541,2.899351707,3.291481949,2.923640369,0
8638,3.442538928,3.396995696,3.161413741,0
8725,3.130249569,3.426661042,3.343499408,0
8947,3.009028191,3.392445117,2.513418236,0
9076,2.91955527,2.853300185,3.496416611,0
9133,3.000946766,3.166977167,3.136144643,0
9164,2.879725388,3.203946758,2.736480047,0
9201,3.076565816,3.036179763,3.248870515,0
9253,3.545865721,3.577095032,2.975856997,1
9254,3.470246671,3.273418519,3.310555049,1
9260,3.026922776,3.077756514,3.121389095,1
9261,3.425221588,3.337103467,3.165277609,1
9268,3.386546196,3.297297053,3.32454199,1
9272,3.115818453,3.237881486,2.866396931,1
9273,2.853172134,3.07343055,2.643668492,1
9278,3.450043108,3.591646938,3.256268739,1
9280,3.153339355,3.130317064,3.102930963,1
9281,3.257820638,2.991400976,3.457113499,1
9309,2.614192847,3.177174818,2.517497407,1
9318,3.265324818,3.093291749,3.504990124,1
9319,3.050012562,2.961145803,3.292307588,1
9329,3.219722491,2.997384969,3.306735167,1
9332,2.783902776,2.637524075,3.227237637,1
9343,2.321529806,2.46436377,3.377287228,1
9351,3.57299622,3.236899014,3.55793523,1
9354,2.547232467,3.063429222,2.183555615,1
9356,3.396359355,3.203693853,3.24373181,1
9357,2.83527755,2.677471088,3.398827503,1
9360,3.537207051,3.491245304,3.408192001,1
9372,2.33192021,2.341460436,3.46471082,1
9378,3.016532372,2.981596829,3.155168427,1
9380,2.317489094,2.548752649,2.734829395,1
9386,3.550483678,3.224875303,3.347996065,1
9390,2.917246291,2.943447586,3.116384664,1
9393,2.404075792,2.43888379,3.12587572,1
9395,2.437555982,2.418151568,3.560386128,1
9401,3.417717408,3.311061952,3.311582172,1
9406,3.222608714,3.166695971,3.481636369,1
9411,3.406172514,3.386124203,3.115084361,1
9418,2.885497835,2.882852367,3.350855188,1
9427,2.901660685,2.860519555,3.310889192,1
9429,3.083492752,3.302718653,2.803899033,1
9431,2.498166671,2.849450882,2.504350068,1
9432,3.267056552,3.367948466,3.120688398,1
9433,3.246852989,2.927181926,3.589951242,1
9440,2.939758833,3.195491153,3.051088606,1
9441,2.966889331,3.144700081,2.941282821,1
9444,1.773147383,2.047812684,3.037197355,1
9446,2.877993654,3.085846907,3.126381179,1
9449,3.428685056,3.141413171,3.471380565,1
9450,3.429262301,3.577123323,2.777281015,1
9451,2.896465483,3.040562309,3.133120377,1
9452,2.616501825,2.912827201,2.759022752,1
9455,2.858944581,2.675392121,3.354851016,1
9459,3.004410234,2.796159907,3.518955458,1
9461,3.352488761,3.305696076,3.279869436,1
9463,3.263593084,3.250860236,3.178423405,1
9464,2.6678766,3.244118385,2.463195664,1
9467,2.77697584,2.882094509,3.419761228,1
9471,2.978434225,2.892376175,3.233520764,1
9484,2.880302633,2.923726984,3.108819755,1
9488,3.596663251,3.350784351,3.234271621,1
9491,3.394050377,3.436409464,3.415201292,1
9493,2.844513464,2.937689064,3.129999649,1
9496,3.531434605,3.371404265,3.393198,1
9498,3.478905341,3.300386782,3.388225209,1
9502,2.686348429,2.939515125,2.712115374,1
9503,2.090054699,2.363596924,2.87654547,1
9504,2.671917312,2.86846935,2.685172473,1
9507,3.340366624,3.425285067,3.362651292,1
9512,3.208754842,3.008733981,3.495137144,1
9519,3.349025293,3.249484261,3.290236364,1
9521,3.314390614,3.39840082,3.079540939,1
9530,3.437343726,3.164673587,3.285347686,1
9539,3.350757027,3.368594875,3.232350877,1
9541,2.785057265,2.728373609,3.422883499,1
9548,3.525662158,3.525461229,2.930448247,1
9556,3.483523298,3.43090299,3.320666546,1
9558,2.570322253,3.026319891,3.552005539,1
9562,3.459856267,3.427616938,3.581398565,1
9563,2.610152134,2.95386985,3.045832603,1
9564,3.503726861,3.359998671,3.435715215,1
9570,3.235308096,3.058485141,3.325528986,1
9571,2.813919498,3.131665606,3.029447239,1
9572,3.417717408,3.29330801,3.598184438,1
9574,2.635550899,2.941537509,3.356618966,1
9575,2.995751564,2.783631243,3.342967711,1
9579,3.104273559,3.030111754,3.21945048,1
9585,3.126208856,3.241027798,3.309193782,1
9587,3.234730852,3.312916304,2.925478542,1
9589,2.885497835,2.8220051,3.380755217,1
9594,2.473345151,2.847232175,2.935751324,1
9603,3.074834082,2.928137822,3.429641989,1
9608,3.198941683,3.08542597,3.269033318,1
9610,2.471613417,2.802480822,2.517419466,1
9612,2.799488381,2.597773385,3.390622088,1
9615,2.625160495,2.664885841,3.43697076,1
9617,3.500263393,3.320529178,3.473346839,1
9619,2.912051089,3.001092816,3.113355768,1
9625,3.088110709,2.987805436,3.521728923,1
9626,2.806415317,2.89392104,3.234668272,1
9635,3.446002396,3.422026448,3.349668324,1
9644,2.802951849,2.752223851,3.55942074,1
9645,2.925327716,2.720030311,3.34627596,1
9648,2.842204486,3.043624605,2.802357961,1
9651,3.346716315,3.230633825,3.274306299,1
9655,3.458701778,3.155122345,3.493464112,1
9657,3.231844628,3.261563697,3.137775231,1
9658,3.000946766,2.812229244,3.521450342,1
9666,3.354220495,3.184787692,3.588221106,1
9670,3.175274652,3.034269686,3.489729117,1
9673,3.538938785,3.438516722,3.47665123,1
9677,2.682884961,2.789221733,3.094101248,1
9680,3.352488761,3.310106913,3.19263568,1
9682,2.611306624,2.83498385,2.884901365,1
9685,3.19490097,3.393653061,3.453669432,1
9687,2.7596585,2.666093785,3.268642841,1
9690,2.648827526,2.571703578,3.499939391,1
9697,2.012703916,2.134252238,3.004536207,1
9708,3.242235032,3.290751524,3.382623487,1
9711,3.567801018,3.466889251,3.343551883,1
9717,2.761967479,3.292577585,3.024224419,1
9725,3.350179783,3.218048578,3.55137275,1
9726,2.857790091,2.932941305,3.546688572,1
9728,3.174120163,3.305864965,3.074203136,1
9733,2.679998738,2.874874281,3.292519804,1
9737,2.574362966,2.481780791,3.521720435,1
9738,2.354432752,2.693904779,2.978842678,1
9739,3.182201588,3.367078301,2.70964827,1
9741,2.940336077,3.040309404,3.163166256,1
9748,2.819691944,3.123069403,3.033664543,1
9749,2.800065626,2.722278166,3.430399792,1
9753,2.546655222,2.637467493,3.103645551,1
9760,2.95303546,2.905551248,3.50526639,1
9762,3.413676695,3.30561206,3.593280327,1
9767,3.168347716,3.257574654,3.103688766,1
9771,3.243389521,3.235943118,3.155835941,1
9787,2.438133227,2.721294836,3.440007373,1
9815,2.793715935,2.887010299,3.249598994,1
9818,3.260706861,3.453714178,2.741374126,1
9821,3.485255032,3.328423248,3.414019829,1
9826,3.035581445,3.079862914,3.331942529,1
9832,2.932831897,2.848720458,3.321417404,1
9846,2.921864248,2.658424329,3.595059852,1
9850,2.480849331,2.556618428,3.089017333,1
9856,3.415985674,3.44256149,3.135741047,1
9860,3.570109997,3.38463592,3.515377887,1
9862,3.297650519,3.213638598,3.307948269,1
9865,3.495645436,3.448825822,3.177128503,1
9868,3.077720305,3.021375809,3.205734403,1
9870,3.435611992,3.389832907,2.925144399,1
9873,3.256088904,3.548413015,3.122300465,1
9876,2.924750472,2.769725746,3.003570047,1
9878,2.626892229,2.659969193,3.514159384,1
9880,2.343465103,2.944543222,3.026040213,1
9882,3.287260115,3.2326845,3.295564906,1
9884,3.208177597,3.170207495,3.340874107,1
9885,3.255511659,3.223948555,3.15672416,1
9895,3.248584723,3.125653322,3.345794424,1
9897,3.604744676,3.336794837,3.486439388,1
9902,2.744072894,2.642327558,3.575289841,1
9905,3.493336457,3.38443874,3.257903186,1
9908,1.950361493,2.303198886,2.424789259,1
9919,3.29534154,3.512033251,2.843132693,1
9921,2.797179403,3.517062206,2.655043251,1
9924,3.003255745,3.133884313,3.580296587,1
9925,2.274772989,2.472032369,3.523073985,1
9927,3.436189236,3.214565345,3.43435472,1
9928,3.368074367,3.242685827,3.286674227,1
9929,3.320163061,3.166303325,3.382955315,1
9938,2.931100163,2.975810016,3.057114759,1
9947,2.78448002,2.678397835,3.343500951,1
9950,2.714056172,2.634039985,3.177666373,1
9951,2.670762823,2.93530061,3.107046403,1
9964,3.223763203,3.106634854,3.238559921,1
9965,2.755617787,2.983843827,3.0417434,1
9966,2.959962396,2.598728423,3.569385616,1
9967,3.567801018,3.438825352,3.322908315,1
9976,3.563760305,3.589764294,3.249481696,1
9980,2.61707907,2.860940492,3.130677968,1
9983,3.293032562,3.241280703,3.57332511,1
9986,3.033272467,3.282661131,2.793692617,1
9988,3.152762111,3.267575124,2.994186256,1
9989,1.929003441,2.379103868,2.914433296,1
9992,3.181047099,3.008312186,3.481736689,1
10003,2.721560353,3.080733936,2.926073518,1
10004,1.952093227,2.014832137,3.426468014,1
10007,3.383082728,3.384157544,3.392420134,1
10010,3.515271754,3.541193644,3.410825791,1
10018,3.478905341,3.29920713,3.342749322,1
10020,3.222031469,3.150290571,3.184448014,1
10021,3.365765388,3.403710113,3.332439499,1
10026,2.543191754,2.930019608,2.814925759,1
10030,2.855481113,3.067305958,3.020967101,1
10034,3.190860258,2.890072595,3.444281011,1
10036,2.480272087,2.422842744,3.173148109,1
10039,3.273983488,3.497987155,3.428932031,1
10050,3.173542918,3.078711552,3.305671002,1
10052,3.356529474,3.388680688,2.959231636,1
10068,3.252048191,3.476187588,2.938788709,1
10070,3.465628714,3.263838986,3.592289473,1
10086,3.233576362,3.064019049,3.594718764,1
10089,2.427742823,2.683089011,2.662004697,1
10090,3.286682871,3.277969097,3.494133171,1
10092,2.958807906,3.222936935,2.914849239,1
10098,3.439652704,3.154673117,3.550979958,1
10106,2.887229569,3.115905757,2.633164974,1
10108,3.560296837,3.427391467,3.468063055,1
10113,3.430994035,3.516837592,2.954670157,1
10114,3.280910424,3.068064674,3.35113377,1
10115,3.197787194,3.099556081,3.517248472,1
10122,2.051379308,2.872935913,1.917424829,1
10127,2.305366956,2.353370983,3.02398365,1
10129,2.951303726,2.727165665,3.399534374,1
10131,2.754463298,2.945751166,3.047111299,1
10134,3.096192134,3.139109591,3.088602162,1
10135,2.688080163,2.906000476,3.323440783,1
10140,2.930522918,3.061041626,2.799521217,1
10145,2.241292799,2.721182529,2.116115793,1
10148,3.57299622,3.597714947,3.076603102,1
10149,3.17007945,3.114500633,3.283607518,1
10162,3.317276837,3.164224359,3.279202693,1
10173,3.565492039,3.411322987,3.538833506,1
10176,3.312081636,3.172511075,3.515918844,1
10178,2.861253559,2.657525015,3.357815862,1
10179,3.175851897,3.224791287,3.28254181,1
10191,2.300171754,2.156529325,3.524317183,1
10193,3.504304106,3.404861475,3.423834997,1
10198,3.111200495,3.12908083,3.187134279,1
10199,3.328244486,3.38772565,3.043029813,1
10209,2.591103061,2.58864308,3.59426578,1
10211,3.055207764,2.88195391,3.270217867,1
10212,2.412734462,2.446945892,3.484159806,1
10213,2.446214652,2.647075317,2.853325218,1
10222,2.754463298,3.038764539,2.846180881,1
10225,3.210486576,2.910972848,3.361695164,1
10226,3.381928239,3.422503967,3.269669965,1
10227,3.326512752,3.587011486,2.982367002,1
10228,3.410213227,3.476581091,3.484473114,1
10232,2.730219023,3.254849279,2.420321155,1
10234,2.91955527,2.933053612,3.174618957,1
10238,3.247430234,3.289655888,2.942701965,1
10240,2.076200828,2.161838619,3.500207169,1
10251,3.263593084,3.255720302,3.231292885,1
10253,3.101387336,3.036179763,3.046920691,1
10257,3.151030377,3.303617967,2.794693503,1
10261,2.766585436,2.900662891,3.21441055,1
10264,2.805260828,2.798772975,3.114330417,1
10265,3.208754842,2.944880143,3.577351806,1
10272,2.824887146,2.628449495,3.498200766,1
10278,3.478328096,3.324237025,3.546572046,1
10282,3.144103441,2.874677958,3.484016271,1
10284,2.781593797,2.832174459,3.40622264,1
10290,3.331130709,3.483885335,2.999522516,1
10292,2.537419308,2.646120278,3.03382737,1
10293,2.702511279,2.899258624,3.556916595,1
10297,2.979588714,2.970640463,3.009021289,1
10301,3.570109997,3.443236189,3.210546682,1
10302,2.977279735,3.020869999,3.063635568,1
10309,3.592045294,3.301286096,3.341010697,1
10321,3.098501113,2.925355865,3.327425036,1
10325,3.114086719,3.366881121,2.579704377,1
10334,3.332285198,3.586309353,2.850801009,1
10338,2.502784628,2.953082843,2.611721932,1
10348,3.093305911,3.104669052,3.358912438,1
10349,3.398091089,3.331260072,3.156674,1
10350,2.84393622,3.105567508,3.584902825,1
10353,3.356529474,3.282463951,3.211889428,1
10363,3.35479774,3.230409211,3.376057149,1
10370,2.898774462,3.064806055,3.031287728,1
10371,3.46389698,3.33288981,2.972622059,1
10379,3.465628714,3.541081337,3.054388367,1
10381,2.99401983,2.902601259,3.280206666,1
10391,3.146412419,3.248023412,3.186640395,1
10396,3.278601445,3.400394912,3.604962221,1
10397,3.603012942,3.449023002,3.34993533,1
10400,2.727332799,2.963898611,2.980923935,1
10403,3.313813369,3.295864495,3.45210984,1
10404,2.613038357,2.48534804,3.340718225,1
10408,3.324203773,3.569369851,2.866585224,1
10410,3.560296837,3.480879622,3.262619775,1
10411,2.950149236,2.771101721,3.31663985,1
10414,3.327089997,3.27802568,3.08710662,1
10417,2.906278643,2.696741603,3.525953173,1
10419,2.890693037,3.15026228,2.958547144,1
10421,3.338057645,3.297549958,3.106860425,1
10423,3.444847906,3.405170962,3.026821167,1
10427,2.437555982,2.255582417,3.427779893,1
10429,3.454083821,3.142143595,3.343840496,1
10430,2.777553084,2.786159437,3.440199525,1
10436,3.073679593,3.269598365,3.277452492,1
10437,2.862985293,2.948195344,3.040224708,1
10438,3.317276837,3.301959938,3.272579249,1
10439,3.465628714,3.593136077,2.838513336,1
10440,2.518947479,2.808015587,2.912250947,1
10447,3.232999118,3.19282236,3.095260331,1
10458,3.025768286,3.26524411,2.975495073,1
10464,2.670185578,2.956763256,2.825383746,1
10465,2.957653417,3.066547243,3.353674184,1
10466,3.009028191,3.172118429,2.774298421,1
10467,2.732528001,2.841192457,3.449641964,1
10469,3.140062728,3.017864286,3.256119031,1
10474,1.862620305,2.012275651,3.460794476,1
10476,3.133135792,3.022218541,3.254487671,1
10483,2.85259489,2.86405937,3.078692076,1
10484,2.539728286,2.869846183,2.763547961,1
10485,3.291300828,3.199733101,3.35555017,1
10486,2.557045626,2.489730586,3.505340473,1
10499,3.418294652,3.412025121,3.430053301,1
10502,3.541247764,3.320304564,3.252834704,1
10503,3.416562918,3.391124867,3.299957384,1
10507,3.138908239,3.244146676,2.950516132,1
10508,2.355587241,2.775428543,3.045969193,1
10510,3.248584723,3.373454941,3.280339397,1
10515,2.495280448,2.290416459,3.457787959,1
10516,2.027712277,1.791106232,3.558945377,1
10519,3.532011849,3.433936995,3.26542025,1
10521,3.101964581,3.309320764,3.31739611,1
10525,3.491027479,3.167903915,3.519074298,1
10526,3.039044913,2.955527022,3.344159977,1
10527,3.598972229,3.547963787,3.549284548,1
10529,3.467937693,3.514309397,3.061960993,1
10531,3.280910424,3.035534212,3.43214459,1
10537,3.43041679,3.35356545,3.083487378,1
10541,3.02865451,3.025055365,3.01759403,1
10543,2.995751564,2.72528388,3.545863632,1
10546,2.662681398,2.729020017,3.121758736,1
10549,2.684616695,2.56156251,3.297197809,1
10550,3.175851897,3.558217162,2.7478795,1
10553,3.143526196,3.023398193,3.310178462,1
10560,2.007508714,2.036435381,3.518857453,1
10564,3.046549094,2.950976444,3.029275923,1
10567,2.775244106,3.278194569,3.167626643,1
10569,2.460068524,2.905382359,2.457965898,1
10572,3.598972229,3.492762735,3.183771239,1
10574,3.376733037,3.283334973,3.328332547,1
10577,2.140852229,2.67553272,2.971590305,1
10582,3.015377882,2.897685469,3.461921148,1
10583,3.376155792,3.127732288,3.34974858,1
10589,2.862408049,2.695618533,3.201781018,1
10593,3.244544011,3.062643073,3.424345858,1
10600,3.062711944,3.044298447,3.365714915,1
10604,3.444847906,3.278446617,3.487232689,1
10606,3.01133717,3.038005824,3.386994358,1
10608,2.428320068,2.383823336,3.224010415,1
10610,3.294187051,3.211784246,3.34546028,1
10626,2.832391327,2.976399842,3.382217576,1
10632,2.629201208,2.849563189,3.060703133,1
10635,3.575305199,3.508943521,3.196846811,1
10638,3.37096059,3.361375504,3.44429413,1
10639,3.582232134,3.165881531,3.550459837,1
10649,3.223185959,2.922574766,3.382742328,1
10651,3.284373892,2.999238464,3.564439061,1
10652,2.406962015,2.504366508,3.018171256,1
10654,2.738300448,2.547122911,3.432685547,1
10659,3.007873702,2.965275444,3.452396138,1
10668,2.800065626,3.591787536,2.045275119,1
10672,2.946108524,3.439106548,2.496221823,1
10677,2.933986386,2.982018623,3.073963911,1
10679,3.557410614,3.491582225,2.979301064,1
10686,3.43041679,3.095707636,3.314926691,1
10689,3.3969366,3.247995121,3.537864259,1
10701,3.241080543,3.003200073,3.495533794,1
10704,3.17123394,3.246871193,3.182411516,1
10705,3.156225578,3.238696784,3.311525067,1
10709,2.583021635,3.320304564,2.724873008,1
10731,3.573573465,3.597068538,3.090900264,1
10733,3.375001303,3.273361937,3.313421889,1
10737,3.421180875,3.331428962,3.330488658,1
10738,3.142948951,2.879397425,3.418156105,1
10744,2.648250281,3.255158767,3.289483963,1
10748,2.019053607,2.317328997,2.905476252,1
10753,3.52219869,3.386040187,3.531655986,1
10756,3.083492752,3.172118429,2.976918075,1
10765,2.568013274,2.615864248,3.40883868,1
10768,2.746959118,2.968084835,2.960129116,1
10769,3.547597455,3.455034429,3.581149308,1
10770,3.009605436,3.069188601,2.952260931,1
10784,3.21221831,3.149250659,3.452968734,1
10787,2.630932942,2.918782903,3.339185642,1
10788,3.209909331,3.30330848,3.371325897,1
10789,2.593412039,2.598897312,3.586394508,1
10790,3.093305911,3.491694532,3.571895162,1
10791,1.956133939,1.967243959,3.063001236,1
10792,3.045394605,2.85386172,2.973235555,1
10799,2.345774082,2.823774579,2.77025552,1
10801,2.545500733,2.707445064,2.981312869,1
10802,2.509134319,2.607773855,2.831907642,1
10804,3.302268476,3.472255127,2.989678796,1
10806,3.007873702,3.042922472,2.926339752,1
10807,3.176429141,2.958336412,3.569610178,1
10810,3.154493845,3.173100902,2.88422459,1
10813,3.054053274,2.89903401,3.594178578,1
10817,3.354220495,3.392753747,3.48624415,1
10822,3.481791564,3.297858588,3.101038771,1
10824,3.22087698,3.256029789,3.061936299,1
10825,2.962848619,2.9408911,3.209024903,1
10827,3.087533464,3.386011896,3.128709378,1
10829,2.389644676,2.672329826,2.956461257,1
10832,3.440807194,3.456495278,3.054764953,1
10842,3.550483678,3.282463951,3.339858559,1
10847,3.211641065,3.008762272,3.457540245,1
10849,1.878205911,1.83950885,3.127101169,1
10860,2.215894034,2.565382664,3.54894809,1
10865,2.667299355,2.74348705,2.856195917,1
10868,2.786788999,2.625247458,3.250104453,1
10871,2.8191147,2.70182714,3.467528272,1
10890,2.789097977,3.036826171,3.015858491,1
10891,2.612461113,2.761129542,3.143438688,1
10892,3.327089997,3.145795717,3.555464268,1
10898,3.344407336,3.113742775,3.595369301,1
10902,2.5760947,2.569203675,3.32381737,1
10910,2.438133227,2.615218697,2.88877758,1
10918,3.20355964,3.309151875,3.108896924,1
10919,3.48121432,3.256422435,3.567802101,1
10921,2.599184486,2.811919757,3.0654367,1
10924,2.936872609,2.87585761,3.398802809,1
10930,3.274560733,3.29381382,3.173041615,1
10936,3.446002396,3.148858013,3.344706336,1
10939,2.345774082,2.386857341,2.825004845,1
10940,2.731373512,3.010560042,3.180382734,1
10942,2.882034367,2.874509068,3.110118514,1
10948,2.76831717,2.746689944,3.322522468,1
10951,2.900506196,2.926255179,3.133872006,1
10954,2.839318263,2.69443888,3.321515409,1
10955,3.365188144,3.306370775,3.222398348,1
10960,2.681730472,2.926985603,2.769271611,1
10967,2.792561445,2.954431385,2.756979308,1
10970,2.782748286,2.787789175,3.544104943,1
10971,3.073102348,2.759921599,3.597126447,1
10973,2.730796267,3.144475467,2.812422385,1
10978,1.877051421,2.177879664,3.525196913,1
10979,2.215894034,2.603953701,3.356900634,1
10985,3.459856267,3.268025209,3.600692442,1
10988,2.953612704,2.962774684,3.260765396,1
10990,2.587639593,2.625190876,3.233420444,1
10991,2.794870424,2.731632228,2.956283768,1
10993,2.468727194,2.54529685,3.2883843,1
11002,2.801220115,2.77784443,3.241368113,1
11003,3.4887185,3.502622607,3.379787514,1
11010,3.329398975,3.412952725,3.418372951,1
11022,2.990556362,3.282604549,3.315282442,1
11031,3.482946054,3.504364652,2.835786944,1
11033,3.011914415,3.099162578,2.850297865,1
11035,3.089842443,2.952324985,3.329340379,1
11038,3.066752657,3.177933533,2.784598983,1
11039,2.858367336,2.606650785,3.467310654,1
11041,3.088110709,3.335558603,3.565291783,1
11048,3.526816647,3.385618393,3.201953105,1
11049,3.570109997,3.591928134,3.015928716,1
11051,3.104273559,2.744414655,3.481350071,1
11058,3.570109997,3.467591385,3.399336049,1
11060,2.966312087,3.166668537,3.405057383,1
11067,3.121590899,3.205575639,2.953007158,1
11076,3.118127431,3.313365532,3.057109357,1
11080,3.20471413,3.251366047,2.842306209,1
11081,3.276869712,3.211335018,3.151474331,1
11095,3.16142078,3.071295001,2.976759878,1
11099,3.134867526,3.36966222,2.403915727,1
11121,3.257243393,3.440370216,3.222111278,1
11125,2.419084153,2.360338306,3.371061206,1
11129,3.081761018,3.253445013,2.618621642,1
11132,2.93571812,2.937436159,3.07524878,1
11140,3.08580173,3.463602342,3.300973704,1
11144,2.898197217,2.530436315,3.447025924,1
11146,2.570899498,2.593784342,3.335280102,1
11151,2.990556362,3.272688095,3.14403212,1
11154,2.871066719,2.960921189,2.988718038,1
11157,3.058093987,3.473547087,3.166741511,1
11159,2.040411659,2.656149039,2.29313375,1
11160,3.451197598,3.592405653,2.699457288,1
11171,2.948994747,2.972691995,3.510273908,1
11174,1.79623717,1.954742728,2.842356369,1
11184,3.211641065,2.987608256,3.503158896,1
11185,2.715787906,2.616341767,3.443549446,1
11191,2.803529094,2.583614982,3.447097691,1
11194,3.316122348,3.516415797,2.875384071,1
11198,3.181047099,3.125091787,3.44275383,1
11203,3.380196505,3.54127766,3.205928098,1
11205,3.532589094,3.51877596,2.797527161,1
11207,2.026557787,2.201111789,3.42585992,1
11209,3.193169236,3.111439195,3.37812683,1
11217,3.551638168,3.327523934,3.332660975,1
11222,3.05232154,3.178888572,2.66237974,1
11225,3.447156885,3.292745617,3.112597193,1
11230,3.117550187,3.022639478,3.572256315,1
11236,2.706551992,2.439557632,3.566297299,1
11244,2.763121968,2.749695657,3.285774433,1
11247,3.077720305,2.853300185,3.54243114,1
11249,2.181259355,2.167316802,2.952331926,1
11251,2.274772989,2.201616742,3.465985657,1
11253,2.861830804,2.736689474,3.367646463,1
11258,2.393685388,2.071775234,3.566059617,1
11261,2.688080163,2.560860377,3.111688139,1
11266,3.534320828,3.561925009,3.0608567,1
11267,3.362879165,3.265215819,3.414965154,1
11271,2.631510186,3.212935607,2.738903935,1
11272,3.192014747,3.299600633,3.310182321,1
11274,2.073314604,2.228135777,2.891991683,1
11275,2.127575602,2.138465896,3.256782687,1
11282,3.374424058,3.357217572,3.373698854,1
11285,2.671917312,2.813549495,3.453711103,1
11287,2.413888951,2.434894747,3.319028241,1
11288,2.518370234,2.631146578,3.44131848,1
11293,3.398668334,3.410031028,3.064450476,1
11297,3.228958405,3.279907465,3.174638249,1
11299,3.591468049,3.498043738,3.063101556,1
11301,3.0944604,3.091970641,3.172338603,1
11302,2.368863868,2.351938425,3.413929541,1
11314,3.220299735,3.042444952,3.372766648,1
11319,2.315180115,2.439277293,3.186850296,1
11321,3.228958405,3.243893771,3.138828592,1
11325,2.859521825,2.764331579,3.596865614,1
11328,3.226072182,3.113573886,3.150437175,1
11330,3.202982396,3.300106443,3.070480487,1
11332,2.764853702,2.788687632,3.47634564,1
11337,3.066175412,3.1711351,3.107546461,1
11341,3.164307004,2.997384969,3.283825907,1
11344,3.181047099,3.010138247,3.587264978,1
11346,3.141217217,3.192569455,2.931374279,1
11348,2.55877736,2.488775548,3.500297457,1
11350,2.450255365,2.551083663,3.158357063,1
11351,3.396359355,3.025954679,3.601001891,1
11353,2.987092894,3.252153053,3.53100622,1
11355,2.128730091,2.552432205,2.90596319,1
11357,2.48315831,2.327779553,3.539488673,1
11359,2.268423298,2.299714796,3.25219497,1
11360,2.98651565,3.175292175,3.363328839,1
11375,3.076565816,3.149756469,3.266830134,1
11376,3.435034747,3.456074341,2.839738785,1
11378,2.47449964,2.490657334,3.133752394,1
11379,2.293244818,2.377108918,3.040622902,1
11381,3.533743583,3.235522181,3.35722706,1
11384,3.458701778,3.314067665,3.135088967,1
11387,2.720405863,3.029606801,3.028170087,1
11393,3.007873702,2.877290168,3.402763911,1
11394,2.375213559,2.349916041,3.223618395,1
11396,2.659795175,2.548808374,3.065019214,1
11399,3.582232134,3.457394591,3.420798383,1
11410,3.118127431,2.879846653,3.298445637,1
11411,2.737145958,2.892319593,3.590930521,1
11414,3.589736315,3.528270619,3.255611256,1
11416,2.116607954,2.189059787,3.297018776,1
11421,2.808724296,2.74348705,3.019225389,1
11549,3.58915907,3.568976348,2.900720306,0
11550,2.808724296,3.2046206,2.873160823,0
11826,2.406962015,3.396855955,3.349373537,0
12225,2.913205578,3.540547236,2.552654211,0
12351,2.899351707,3.291481949,2.923640369,0
12448,3.442538928,3.396995696,3.161413741,0
12535,3.130249569,3.426661042,3.343499408,0
12757,3.009028191,3.392445117,2.513418236,0
12886,2.91955527,2.853300185,3.496416611,0
12943,3.000946766,3.166977167,3.136144643,0
12974,2.879725388,3.203946758,2.736480047,0
13011,3.076565816,3.036179763,3.248870515,0
13063,3.545865721,3.577095032,2.975856997,1
13064,3.470246671,3.273418519,3.310555049,1
13070,3.026922776,3.077756514,3.121389095,1
13071,3.425221588,3.337103467,3.165277609,1
13078,3.386546196,3.297297053,3.32454199,1
13082,3.115818453,3.237881486,2.866396931,1
13083,2.853172134,3.07343055,2.643668492,1
13088,3.450043108,3.591646938,3.256268739,1
13090,3.153339355,3.130317064,3.102930963,1
13091,3.257820638,2.991400976,3.457113499,1
13119,2.614192847,3.177174818,2.517497407,1
13128,3.265324818,3.093291749,3.504990124,1
13129,3.050012562,2.961145803,3.292307588,1
13139,3.219722491,2.997384969,3.306735167,1
13142,2.783902776,2.637524075,3.227237637,1
13153,2.321529806,2.46436377,3.377287228,1
13161,3.57299622,3.236899014,3.55793523,1
13164,2.547232467,3.063429222,2.183555615,1
13166,3.396359355,3.203693853,3.24373181,1
13167,2.83527755,2.677471088,3.398827503,1
13170,3.537207051,3.491245304,3.408192001,1
13182,2.33192021,2.341460436,3.46471082,1
13188,3.016532372,2.981596829,3.155168427,1
13190,2.317489094,2.548752649,2.734829395,1
13196,3.550483678,3.224875303,3.347996065,1
13200,2.917246291,2.943447586,3.116384664,1
13203,2.404075792,2.43888379,3.12587572,1
13205,2.437555982,2.418151568,3.560386128,1
13211,3.417717408,3.311061952,3.311582172,1
13216,3.222608714,3.166695971,3.481636369,1
13221,3.406172514,3.386124203,3.115084361,1
13228,2.885497835,2.882852367,3.350855188,1
13237,2.901660685,2.860519555,3.310889192,1
13239,3.083492752,3.302718653,2.803899033,1
13241,2.498166671,2.849450882,2.504350068,1
13242,3.267056552,3.367948466,3.120688398,1
13243,3.246852989,2.927181926,3.589951242,1
13250,2.939758833,3.195491153,3.051088606,1
13251,2.966889331,3.144700081,2.941282821,1
13254,1.773147383,2.047812684,3.037197355,1
13256,2.877993654,3.085846907,3.126381179,1
13259,3.428685056,3.141413171,3.471380565,1
13260,3.429262301,3.577123323,2.777281015,1
13261,2.896465483,3.040562309,3.133120377,1
13262,2.616501825,2.912827201,2.759022752,1
13265,2.858944581,2.675392121,3.354851016,1
13269,3.004410234,2.796159907,3.518955458,1
13271,3.352488761,3.305696076,3.279869436,1
13273,3.263593084,3.250860236,3.178423405,1
13274,2.6678766,3.244118385,2.463195664,1
13277,2.77697584,2.882094509,3.419761228,1
13281,2.978434225,2.892376175,3.233520764,1
13294,2.880302633,2.923726984,3.108819755,1
13298,3.596663251,3.350784351,3.234271621,1
13301,3.394050377,3.436409464,3.415201292,1
13303,2.844513464,2.937689064,3.129999649,1
13306,3.531434605,3.371404265,3.393198,1
13308,3.478905341,3.300386782,3.388225209,1
13312,2.686348429,2.939515125,2.712115374,1
13313,2.090054699,2.363596924,2.87654547,1
13314,2.671917312,2.86846935,2.685172473,1
13317,3.340366624,3.425285067,3.362651292,1
13322,3.208754842,3.008733981,3.495137144,1
13329,3.349025293,3.249484261,3.290236364,1
13331,3.314390614,3.39840082,3.079540939,1
13340,3.437343726,3.164673587,3.285347686,1
13349,3.350757027,3.368594875,3.232350877,1
13351,2.785057265,2.728373609,3.422883499,1
13358,3.525662158,3.525461229,2.930448247,1
13366,3.483523298,3.43090299,3.320666546,1
13368,2.570322253,3.026319891,3.552005539,1
13372,3.459856267,3.427616938,3.581398565,1
13373,2.610152134,2.95386985,3.045832603,1
13374,3.503726861,3.359998671,3.435715215,1
13380,3.235308096,3.058485141,3.325528986,1
13381,2.813919498,3.131665606,3.029447239,1
13382,3.417717408,3.29330801,3.598184438,1
13384,2.635550899,2.941537509,3.356618966,1
13385,2.995751564,2.783631243,3.342967711,1
13389,3.104273559,3.030111754,3.21945048,1
13395,3.126208856,3.241027798,3.309193782,1
13397,3.234730852,3.312916304,2.925478542,1
13399,2.885497835,2.8220051,3.380755217,1
13404,2.473345151,2.847232175,2.935751324,1
13413,3.074834082,2.928137822,3.429641989,1
13418,3.198941683,3.08542597,3.269033318,1
13420,2.471613417,2.802480822,2.517419466,1
13422,2.799488381,2.597773385,3.390622088,1
13425,2.625160495,2.664885841,3.43697076,1
13427,3.500263393,3.320529178,3.473346839,1
13429,2.912051089,3.001092816,3.113355768,1
13435,3.088110709,2.987805436,3.521728923,1
13436,2.806415317,2.89392104,3.234668272,1
13445,3.446002396,3.422026448,3.349668324,1
13454,2.802951849,2.752223851,3.55942074,1
13455,2.925327716,2.720030311,3.34627596,1
13458,2.842204486,3.043624605,2.802357961,1
13461,3.346716315,3.230633825,3.274306299,1
13465,3.458701778,3.155122345,3.493464112,1
13467,3.231844628,3.261563697,3.137775231,1
13468,3.000946766,2.812229244,3.521450342,1
13476,3.354220495,3.184787692,3.588221106,1
13480,3.175274652,3.034269686,3.489729117,1
13483,3.538938785,3.438516722,3.47665123,1
13487,2.682884961,2.789221733,3.094101248,1
13490,3.352488761,3.310106913,3.19263568,1
13492,2.611306624,2.83498385,2.884901365,1
13495,3.19490097,3.393653061,3.453669432,1
13497,2.7596585,2.666093785,3.268642841,1
13500,2.648827526,2.571703578,3.499939391,1
13507,2.012703916,2.134252238,3.004536207,1
13518,3.242235032,3.290751524,3.382623487,1
13521,3.567801018,3.466889251,3.343551883,1
13527,2.761967479,3.292577585,3.024224419,1
13535,3.350179783,3.218048578,3.55137275,1
13536,2.857790091,2.932941305,3.546688572,1
13538,3.174120163,3.305864965,3.074203136,1
13543,2.679998738,2.874874281,3.292519804,1
13547,2.574362966,2.481780791,3.521720435,1
13548,2.354432752,2.693904779,2.978842678,1
13549,3.182201588,3.367078301,2.70964827,1
13551,2.940336077,3.040309404,3.163166256,1
13558,2.819691944,3.123069403,3.033664543,1
13559,2.800065626,2.722278166,3.430399792,1
13563,2.546655222,2.637467493,3.103645551,1
13570,2.95303546,2.905551248,3.50526639,1
13572,3.413676695,3.30561206,3.593280327,1
13577,3.168347716,3.257574654,3.103688766,1
13581,3.243389521,3.235943118,3.155835941,1
13597,2.438133227,2.721294836,3.440007373,1
13625,2.793715935,2.887010299,3.249598994,1
13628,3.260706861,3.453714178,2.741374126,1
13631,3.485255032,3.328423248,3.414019829,1
13636,3.035581445,3.079862914,3.331942529,1
13642,2.932831897,2.848720458,3.321417404,1
13656,2.921864248,2.658424329,3.595059852,1
13660,2.480849331,2.556618428,3.089017333,1
13666,3.415985674,3.44256149,3.135741047,1
13670,3.570109997,3.38463592,3.515377887,1
13672,3.297650519,3.213638598,3.307948269,1
13675,3.495645436,3.448825822,3.177128503,1
13678,3.077720305,3.021375809,3.205734403,1
13680,3.435611992,3.389832907,2.925144399,1
13683,3.256088904,3.548413015,3.122300465,1
13686,2.924750472,2.769725746,3.003570047,1
13688,2.626892229,2.659969193,3.514159384,1
13690,2.343465103,2.944543222,3.026040213,1
13692,3.287260115,3.2326845,3.295564906,1
13694,3.208177597,3.170207495,3.340874107,1
13695,3.255511659,3.223948555,3.15672416,1
13705,3.248584723,3.125653322,3.345794424,1
13707,3.604744676,3.336794837,3.486439388,1
13712,2.744072894,2.642327558,3.575289841,1
13715,3.493336457,3.38443874,3.257903186,1
13718,1.950361493,2.303198886,2.424789259,1
13729,3.29534154,3.512033251,2.843132693,1
13731,2.797179403,3.517062206,2.655043251,1
13734,3.003255745,3.133884313,3.580296587,1
13735,2.274772989,2.472032369,3.523073985,1
13737,3.436189236,3.214565345,3.43435472,1
13738,3.368074367,3.242685827,3.286674227,1
13739,3.320163061,3.166303325,3.382955315,1
13748,2.931100163,2.975810016,3.057114759,1
13757,2.78448002,2.678397835,3.343500951,1
13760,2.714056172,2.634039985,3.177666373,1
13761,2.670762823,2.93530061,3.107046403,1
13774,3.223763203,3.106634854,3.238559921,1
13775,2.755617787,2.983843827,3.0417434,1
13776,2.959962396,2.598728423,3.569385616,1
13777,3.567801018,3.438825352,3.322908315,1
13786,3.563760305,3.589764294,3.249481696,1
13790,2.61707907,2.860940492,3.130677968,1
13793,3.293032562,3.241280703,3.57332511,1
13796,3.033272467,3.282661131,2.793692617,1
13798,3.152762111,3.267575124,2.994186256,1
13799,1.929003441,2.379103868,2.914433296,1
13802,3.181047099,3.008312186,3.481736689,1
13813,2.721560353,3.080733936,2.926073518,1
13814,1.952093227,2.014832137,3.426468014,1
13817,3.383082728,3.384157544,3.392420134,1
13820,3.515271754,3.541193644,3.410825791,1
13828,3.478905341,3.29920713,3.342749322,1
13830,3.222031469,3.150290571,3.184448014,1
13831,3.365765388,3.403710113,3.332439499,1
13836,2.543191754,2.930019608,2.814925759,1
13840,2.855481113,3.067305958,3.020967101,1
13844,3.190860258,2.890072595,3.444281011,1
13846,2.480272087,2.422842744,3.173148109,1
13849,3.273983488,3.497987155,3.428932031,1
13860,3.173542918,3.078711552,3.305671002,1
13862,3.356529474,3.388680688,2.959231636,1
13878,3.252048191,3.476187588,2.938788709,1
13880,3.465628714,3.263838986,3.592289473,1
13896,3.233576362,3.064019049,3.594718764,1
13899,2.427742823,2.683089011,2.662004697,1
13900,3.286682871,3.277969097,3.494133171,1
13902,2.958807906,3.222936935,2.914849239,1
13908,3.439652704,3.154673117,3.550979958,1
13916,2.887229569,3.115905757,2.633164974,1
13918,3.560296837,3.427391467,3.468063055,1
13923,3.430994035,3.516837592,2.954670157,1
13924,3.280910424,3.068064674,3.35113377,1
13925,3.197787194,3.099556081,3.517248472,1
13932,2.051379308,2.872935913,1.917424829,1
13937,2.305366956,2.353370983,3.02398365,1
13939,2.951303726,2.727165665,3.399534374,1
13941,2.754463298,2.945751166,3.047111299,1
13944,3.096192134,3.139109591,3.088602162,1
13945,2.688080163,2.906000476,3.323440783,1
13950,2.930522918,3.061041626,2.799521217,1
13955,2.241292799,2.721182529,2.116115793,1
13958,3.57299622,3.597714947,3.076603102,1
13959,3.17007945,3.114500633,3.283607518,1
13972,3.317276837,3.164224359,3.279202693,1
13983,3.565492039,3.411322987,3.538833506,1
13986,3.312081636,3.172511075,3.515918844,1
13988,2.861253559,2.657525015,3.357815862,1
13989,3.175851897,3.224791287,3.28254181,1
14001,2.300171754,2.156529325,3.524317183,1
14003,3.504304106,3.404861475,3.423834997,1
14008,3.111200495,3.12908083,3.187134279,1
14009,3.328244486,3.38772565,3.043029813,1
14019,2.591103061,2.58864308,3.59426578,1
14021,3.055207764,2.88195391,3.270217867,1
14022,2.412734462,2.446945892,3.484159806,1
14023,2.446214652,2.647075317,2.853325218,1
14032,2.754463298,3.038764539,2.846180881,1
14035,3.210486576,2.910972848,3.361695164,1
14036,3.381928239,3.422503967,3.269669965,1
14037,3.326512752,3.587011486,2.982367002,1
14038,3.410213227,3.476581091,3.484473114,1
14042,2.730219023,3.254849279,2.420321155,1
14044,2.91955527,2.933053612,3.174618957,1
14048,3.247430234,3.289655888,2.942701965,1
14050,2.076200828,2.161838619,3.500207169,1
14061,3.263593084,3.255720302,3.231292885,1
14063,3.101387336,3.036179763,3.046920691,1
14067,3.151030377,3.303617967,2.794693503,1
14071,2.766585436,2.900662891,3.21441055,1
14074,2.805260828,2.798772975,3.114330417,1
14075,3.208754842,2.944880143,3.577351806,1
14082,2.824887146,2.628449495,3.498200766,1
14088,3.478328096,3.324237025,3.546572046,1
14092,3.144103441,2.874677958,3.484016271,1
14094,2.781593797,2.832174459,3.40622264,1
14100,3.331130709,3.483885335,2.999522516,1
14102,2.537419308,2.646120278,3.03382737,1
14103,2.702511279,2.899258624,3.556916595,1
14107,2.979588714,2.970640463,3.009021289,1
14111,3.570109997,3.443236189,3.210546682,1
14112,2.977279735,3.020869999,3.063635568,1
14119,3.592045294,3.301286096,3.341010697,1
14131,3.098501113,2.925355865,3.327425036,1
14135,3.114086719,3.366881121,2.579704377,1
14144,3.332285198,3.586309353,2.850801009,1
14148,2.502784628,2.953082843,2.611721932,1
14158,3.093305911,3.104669052,3.358912438,1
14159,3.398091089,3.331260072,3.156674,1
14160,2.84393622,3.105567508,3.584902825,1
14163,3.356529474,3.282463951,3.211889428,1
14173,3.35479774,3.230409211,3.376057149,1
14180,2.898774462,3.064806055,3.031287728,1
14181,3.46389698,3.33288981,2.972622059,1
14189,3.465628714,3.541081337,3.054388367,1
14191,2.99401983,2.902601259,3.280206666,1
14201,3.146412419,3.248023412,3.186640395,1
14206,3.278601445,3.400394912,3.604962221,1
14207,3.603012942,3.449023002,3.34993533,1
14210,2.727332799,2.963898611,2.980923935,1
14213,3.313813369,3.295864495,3.45210984,1
14214,2.613038357,2.48534804,3.340718225,1
14218,3.324203773,3.569369851,2.866585224,1
14220,3.560296837,3.480879622,3.262619775,1
14221,2.950149236,2.771101721,3.31663985,1
14224,3.327089997,3.27802568,3.08710662,1
14227,2.906278643,2.696741603,3.525953173,1
14229,2.890693037,3.15026228,2.958547144,1
14231,3.338057645,3.297549958,3.106860425,1
14233,3.444847906,3.405170962,3.026821167,1
14237,2.437555982,2.255582417,3.427779893,1
14239,3.454083821,3.142143595,3.343840496,1
14240,2.777553084,2.786159437,3.440199525,1
14246,3.073679593,3.269598365,3.277452492,1
14247,2.862985293,2.948195344,3.040224708,1
14248,3.317276837,3.301959938,3.272579249,1
14249,3.465628714,3.593136077,2.838513336,1
14250,2.518947479,2.808015587,2.912250947,1
14257,3.232999118,3.19282236,3.095260331,1
14268,3.025768286,3.26524411,2.975495073,1
14274,2.670185578,2.956763256,2.825383746,1
14275,2.957653417,3.066547243,3.353674184,1
14276,3.009028191,3.172118429,2.774298421,1
14277,2.732528001,2.841192457,3.449641964,1
14279,3.140062728,3.017864286,3.256119031,1
14284,1.862620305,2.012275651,3.460794476,1
14286,3.133135792,3.022218541,3.254487671,1
14293,2.85259489,2.86405937,3.078692076,1
14294,2.539728286,2.869846183,2.763547961,1
14295,3.291300828,3.199733101,3.35555017,1
14296,2.557045626,2.489730586,3.505340473,1
14309,3.418294652,3.412025121,3.430053301,1
14312,3.541247764,3.320304564,3.252834704,1
14313,3.416562918,3.391124867,3.299957384,1
14317,3.138908239,3.244146676,2.950516132,1
14318,2.355587241,2.775428543,3.045969193,1
14320,3.248584723,3.373454941,3.280339397,1
14325,2.495280448,2.290416459,3.457787959,1
14326,2.027712277,1.791106232,3.558945377,1
14329,3.532011849,3.433936995,3.26542025,1
14331,3.101964581,3.309320764,3.31739611,1
14335,3.491027479,3.167903915,3.519074298,1
14336,3.039044913,2.955527022,3.344159977,1
14337,3.598972229,3.547963787,3.549284548,1
14339,3.467937693,3.514309397,3.061960993,1
14341,3.280910424,3.035534212,3.43214459,1
14347,3.43041679,3.35356545,3.083487378,1
14351,3.02865451,3.025055365,3.01759403,1
14353,2.995751564,2.72528388,3.545863632,1
14356,2.662681398,2.729020017,3.121758736,1
14359,2.684616695,2.56156251,3.297197809,1
14360,3.175851897,3.558217162,2.7478795,1
14363,3.143526196,3.023398193,3.310178462,1
14370,2.007508714,2.036435381,3.518857453,1
14374,3.046549094,2.950976444,3.029275923,1
14377,2.775244106,3.278194569,3.167626643,1
14379,2.460068524,2.905382359,2.457965898,1
14382,3.598972229,3.492762735,3.183771239,1
14384,3.376733037,3.283334973,3.328332547,1
14387,2.140852229,2.67553272,2.971590305,1
14392,3.015377882,2.897685469,3.461921148,1
14393,3.376155792,3.127732288,3.34974858,1
14399,2.862408049,2.695618533,3.201781018,1
14403,3.244544011,3.062643073,3.424345858,1
14410,3.062711944,3.044298447,3.365714915,1
14414,3.444847906,3.278446617,3.487232689,1
14416,3.01133717,3.038005824,3.386994358,1
14418,2.428320068,2.383823336,3.224010415,1
14420,3.294187051,3.211784246,3.34546028,1
14436,2.832391327,2.976399842,3.382217576,1
14442,2.629201208,2.849563189,3.060703133,1
14445,3.575305199,3.508943521,3.196846811,1
14448,3.37096059,3.361375504,3.44429413,1
14449,3.582232134,3.165881531,3.550459837,1
14459,3.223185959,2.922574766,3.382742328,1
14461,3.284373892,2.999238464,3.564439061,1
14462,2.406962015,2.504366508,3.018171256,1
14464,2.738300448,2.547122911,3.432685547,1
14469,3.007873702,2.965275444,3.452396138,1
14478,2.800065626,3.591787536,2.045275119,1
14482,2.946108524,3.439106548,2.496221823,1
14487,2.933986386,2.982018623,3.073963911,1
14489,3.557410614,3.491582225,2.979301064,1
14496,3.43041679,3.095707636,3.314926691,1
14499,3.3969366,3.247995121,3.537864259,1
14511,3.241080543,3.003200073,3.495533794,1
14514,3.17123394,3.246871193,3.182411516,1
14515,3.156225578,3.238696784,3.311525067,1
14519,2.583021635,3.320304564,2.724873008,1
14541,3.573573465,3.597068538,3.090900264,1
14543,3.375001303,3.273361937,3.313421889,1
14547,3.421180875,3.331428962,3.330488658,1
14548,3.142948951,2.879397425,3.418156105,1
14554,2.648250281,3.255158767,3.289483963,1
14558,2.019053607,2.317328997,2.905476252,1
14563,3.52219869,3.386040187,3.531655986,1
14566,3.083492752,3.172118429,2.976918075,1
14575,2.568013274,2.615864248,3.40883868,1
14578,2.746959118,2.968084835,2.960129116,1
14579,3.547597455,3.455034429,3.581149308,1
14580,3.009605436,3.069188601,2.952260931,1
14594,3.21221831,3.149250659,3.452968734,1
14597,2.630932942,2.918782903,3.339185642,1
14598,3.209909331,3.30330848,3.371325897,1
14599,2.593412039,2.598897312,3.586394508,1
14600,3.093305911,3.491694532,3.571895162,1
14601,1.956133939,1.967243959,3.063001236,1
14602,3.045394605,2.85386172,2.973235555,1
14609,2.345774082,2.823774579,2.77025552,1
14611,2.545500733,2.707445064,2.981312869,1
14612,2.509134319,2.607773855,2.831907642,1
14614,3.302268476,3.472255127,2.989678796,1
14616,3.007873702,3.042922472,2.926339752,1
14617,3.176429141,2.958336412,3.569610178,1
14620,3.154493845,3.173100902,2.88422459,1
14623,3.054053274,2.89903401,3.594178578,1
14627,3.354220495,3.392753747,3.48624415,1
14632,3.481791564,3.297858588,3.101038771,1
14634,3.22087698,3.256029789,3.061936299,1
14635,2.962848619,2.9408911,3.209024903,1
14637,3.087533464,3.386011896,3.128709378,1
14639,2.389644676,2.672329826,2.956461257,1
14642,3.440807194,3.456495278,3.054764953,1
14652,3.550483678,3.282463951,3.339858559,1
14657,3.211641065,3.008762272,3.457540245,1
14659,1.878205911,1.83950885,3.127101169,1
14670,2.215894034,2.565382664,3.54894809,1
14675,2.667299355,2.74348705,2.856195917,1
14678,2.786788999,2.625247458,3.250104453,1
14681,2.8191147,2.70182714,3.467528272,1
14700,2.789097977,3.036826171,3.015858491,1
14701,2.612461113,2.761129542,3.143438688,1
14702,3.327089997,3.145795717,3.555464268,1
14708,3.344407336,3.113742775,3.595369301,1
14712,2.5760947,2.569203675,3.32381737,1
14720,2.438133227,2.615218697,2.88877758,1
14728,3.20355964,3.309151875,3.108896924,1
14729,3.48121432,3.256422435,3.567802101,1
14731,2.599184486,2.811919757,3.0654367,1
14734,2.936872609,2.87585761,3.398802809,1
14740,3.274560733,3.29381382,3.173041615,1
14746,3.446002396,3.148858013,3.344706336,1
14749,2.345774082,2.386857341,2.825004845,1
14750,2.731373512,3.010560042,3.180382734,1
14752,2.882034367,2.874509068,3.110118514,1
14758,2.76831717,2.746689944,3.322522468,1
14761,2.900506196,2.926255179,3.133872006,1
14764,2.839318263,2.69443888,3.321515409,1
14765,3.365188144,3.306370775,3.222398348,1
14770,2.681730472,2.926985603,2.769271611,1
14777,2.792561445,2.954431385,2.756979308,1
14780,2.782748286,2.787789175,3.544104943,1
14781,3.073102348,2.759921599,3.597126447,1
14783,2.730796267,3.144475467,2.812422385,1
14788,1.877051421,2.177879664,3.525196913,1
14789,2.215894034,2.603953701,3.356900634,1
14795,3.459856267,3.268025209,3.600692442,1
14798,2.953612704,2.962774684,3.260765396,1
14800,2.587639593,2.625190876,3.233420444,1
14801,2.794870424,2.731632228,2.956283768,1
14803,2.468727194,2.54529685,3.2883843,1
14812,2.801220115,2.77784443,3.241368113,1
14813,3.4887185,3.502622607,3.379787514,1
14820,3.329398975,3.412952725,3.418372951,1
14832,2.990556362,3.282604549,3.315282442,1
14841,3.482946054,3.504364652,2.835786944,1
14843,3.011914415,3.099162578,2.850297865,1
14845,3.089842443,2.952324985,3.329340379,1
14848,3.066752657,3.177933533,2.784598983,1
14849,2.858367336,2.606650785,3.467310654,1
14851,3.088110709,3.335558603,3.565291783,1
14858,3.526816647,3.385618393,3.201953105,1
14859,3.570109997,3.591928134,3.015928716,1
14861,3.104273559,2.744414655,3.481350071,1
14868,3.570109997,3.467591385,3.399336049,1
14870,2.966312087,3.166668537,3.405057383,1
14877,3.121590899,3.205575639,2.953007158,1
14886,3.118127431,3.313365532,3.057109357,1
14890,3.20471413,3.251366047,2.842306209,1
14891,3.276869712,3.211335018,3.151474331,1
14905,3.16142078,3.071295001,2.976759878,1
14909,3.134867526,3.36966222,2.403915727,1
14931,3.257243393,3.440370216,3.222111278,1
14935,2.419084153,2.360338306,3.371061206,1
14939,3.081761018,3.253445013,2.618621642,1
14942,2.93571812,2.937436159,3.07524878,1
14950,3.08580173,3.463602342,3.300973704,1
14954,2.898197217,2.530436315,3.447025924,1
14956,2.570899498,2.593784342,3.335280102,1
14961,2.990556362,3.272688095,3.14403212,1
14964,2.871066719,2.960921189,2.988718038,1
14967,3.058093987,3.473547087,3.166741511,1
14969,2.040411659,2.656149039,2.29313375,1
14970,3.451197598,3.592405653,2.699457288,1
14981,2.948994747,2.972691995,3.510273908,1
14984,1.79623717,1.954742728,2.842356369,1
14994,3.211641065,2.987608256,3.503158896,1
14995,2.715787906,2.616341767,3.443549446,1
15001,2.803529094,2.583614982,3.447097691,1
15004,3.316122348,3.516415797,2.875384071,1
15008,3.181047099,3.125091787,3.44275383,1
15013,3.380196505,3.54127766,3.205928098,1
15015,3.532589094,3.51877596,2.797527161,1
15017,2.026557787,2.201111789,3.42585992,1
15019,3.193169236,3.111439195,3.37812683,1
15027,3.551638168,3.327523934,3.332660975,1
15032,3.05232154,3.178888572,2.66237974,1
15035,3.447156885,3.292745617,3.112597193,1
15040,3.117550187,3.022639478,3.572256315,1
15046,2.706551992,2.439557632,3.566297299,1
15054,2.763121968,2.749695657,3.285774433,1
15057,3.077720305,2.853300185,3.54243114,1
15059,2.181259355,2.167316802,2.952331926,1
15061,2.274772989,2.201616742,3.465985657,1
15063,2.861830804,2.736689474,3.367646463,1
15068,2.393685388,2.071775234,3.566059617,1
15071,2.688080163,2.560860377,3.111688139,1
15076,3.534320828,3.561925009,3.0608567,1
15077,3.362879165,3.265215819,3.414965154,1
15081,2.631510186,3.212935607,2.738903935,1
15082,3.192014747,3.299600633,3.310182321,1
15084,2.073314604,2.228135777,2.891991683,1
15085,2.127575602,2.138465896,3.256782687,1
15092,3.374424058,3.357217572,3.373698854,1
15095,2.671917312,2.813549495,3.453711103,1
15097,2.413888951,2.434894747,3.319028241,1
15098,2.518370234,2.631146578,3.44131848,1
15103,3.398668334,3.410031028,3.064450476,1
15107,3.228958405,3.279907465,3.174638249,1
15109,3.591468049,3.498043738,3.063101556,1
15111,3.0944604,3.091970641,3.172338603,1
15112,2.368863868,2.351938425,3.413929541,1
15124,3.220299735,3.042444952,3.372766648,1
15129,2.315180115,2.439277293,3.186850296,1
15131,3.228958405,3.243893771,3.138828592,1
15135,2.859521825,2.764331579,3.596865614,1
15138,3.226072182,3.113573886,3.150437175,1
15140,3.202982396,3.300106443,3.070480487,1
15142,2.764853702,2.788687632,3.47634564,1
15147,3.066175412,3.1711351,3.107546461,1
15151,3.164307004,2.997384969,3.283825907,1
15154,3.181047099,3.010138247,3.587264978,1
15156,3.141217217,3.192569455,2.931374279,1
15158,2.55877736,2.488775548,3.500297457,1
15160,2.450255365,2.551083663,3.158357063,1
15161,3.396359355,3.025954679,3.601001891,1
15163,2.987092894,3.252153053,3.53100622,1
15165,2.128730091,2.552432205,2.90596319,1
15167,2.48315831,2.327779553,3.539488673,1
15169,2.268423298,2.299714796,3.25219497,1
15170,2.98651565,3.175292175,3.363328839,1
15185,3.076565816,3.149756469,3.266830134,1
15186,3.435034747,3.456074341,2.839738785,1
15188,2.47449964,2.490657334,3.133752394,1
15189,2.293244818,2.377108918,3.040622902,1
15191,3.533743583,3.235522181,3.35722706,1
15194,3.458701778,3.314067665,3.135088967,1
15197,2.720405863,3.029606801,3.028170087,1
15203,3.007873702,2.877290168,3.402763911,1
15204,2.375213559,2.349916041,3.223618395,1
15206,2.659795175,2.548808374,3.065019214,1
15209,3.582232134,3.457394591,3.420798383,1
15220,3.118127431,2.879846653,3.298445637,1
15221,2.737145958,2.892319593,3.590930521,1
15224,3.589736315,3.528270619,3.255611256,1
15226,2.116607954,2.189059787,3.297018776,1
15231,2.808724296,2.74348705,3.019225389,1
15359,3.58915907,3.568976348,2.900720306,0
15360,2.808724296,3.2046206,2.873160823,0
15636,2.406962015,3.396855955,3.349373537,0
16035,2.913205578,3.540547236,2.552654211,0
16161,2.899351707,3.291481949,2.923640369,0
16258,3.442538928,3.396995696,3.161413741,0
16345,3.130249569,3.426661042,3.343499408,0
16567,3.009028191,3.392445117,2.513418236,0
16696,2.91955527,2.853300185,3.496416611,0
16753,3.000946766,3.166977167,3.136144643,0
16784,2.879725388,3.203946758,2.736480047,0
16821,3.076565816,3.036179763,3.248870515,0
16873,3.545865721,3.577095032,2.975856997,1
16874,3.470246671,3.273418519,3.310555049,1
16880,3.026922776,3.077756514,3.121389095,1
16881,3.425221588,3.337103467,3.165277609,1
16888,3.386546196,3.297297053,3.32454199,1
16892,3.115818453,3.237881486,2.866396931,1
16893,2.853172134,3.07343055,2.643668492,1
16898,3.450043108,3.591646938,3.256268739,1
16900,3.153339355,3.130317064,3.102930963,1
16901,3.257820638,2.991400976,3.457113499,1
16929,2.614192847,3.177174818,2.517497407,1
16938,3.265324818,3.093291749,3.504990124,1
16939,3.050012562,2.961145803,3.292307588,1
16949,3.219722491,2.997384969,3.306735167,1
16952,2.783902776,2.637524075,3.227237637,1
16963,2.321529806,2.46436377,3.377287228,1
16971,3.57299622,3.236899014,3.55793523,1
16974,2.547232467,3.063429222,2.183555615,1
16976,3.396359355,3.203693853,3.24373181,1
16977,2.83527755,2.677471088,3.398827503,1
16980,3.537207051,3.491245304,3.408192001,1
16992,2.33192021,2.341460436,3.46471082,1
16998,3.016532372,2.981596829,3.155168427,1
17000,2.317489094,2.548752649,2.734829395,1
17006,3.550483678,3.224875303,3.347996065,1
17010,2.917246291,2.943447586,3.116384664,1
17013,2.404075792,2.43888379,3.12587572,1
17015,2.437555982,2.418151568,3.560386128,1
17021,3.417717408,3.311061952,3.311582172,1
17026,3.222608714,3.166695971,3.481636369,1
17031,3.406172514,3.386124203,3.115084361,1
17038,2.885497835,2.882852367,3.350855188,1
17047,2.901660685,2.860519555,3.310889192,1
17049,3.083492752,3.302718653,2.803899033,1
17051,2.498166671,2.849450882,2.504350068,1
17052,3.267056552,3.367948466,3.120688398,1
17053,3.246852989,2.927181926,3.589951242,1
17060,2.939758833,3.195491153,3.051088606,1
17061,2.966889331,3.144700081,2.941282821,1
17064,1.773147383,2.047812684,3.037197355,1
17066,2.877993654,3.085846907,3.126381179,1
17069,3.428685056,3.141413171,3.471380565,1
17070,3.429262301,3.577123323,2.777281015,1
17071,2.896465483,3.040562309,3.133120377,1
17072,2.616501825,2.912827201,2.759022752,1
17075,2.858944581,2.675392121,3.354851016,1
17079,3.004410234,2.796159907,3.518955458,1
17081,3.352488761,3.305696076,3.279869436,1
17083,3.263593084,3.250860236,3.178423405,1
17084,2.6678766,3.244118385,2.463195664,1
17087,2.77697584,2.882094509,3.419761228,1
17091,2.978434225,2.892376175,3.233520764,1
17104,2.880302633,2.923726984,3.108819755,1
17108,3.596663251,3.350784351,3.234271621,1
17111,3.394050377,3.436409464,3.415201292,1
17113,2.844513464,2.937689064,3.129999649,1
17116,3.531434605,3.371404265,3.393198,1
17118,3.478905341,3.300386782,3.388225209,1
17122,2.686348429,2.939515125,2.712115374,1
17123,2.090054699,2.363596924,2.87654547,1
17124,2.671917312,2.86846935,2.685172473,1
17127,3.340366624,3.425285067,3.362651292,1
17132,3.208754842,3.008733981,3.495137144,1
17139,3.349025293,3.249484261,3.290236364,1
17141,3.314390614,3.39840082,3.079540939,1
17150,3.437343726,3.164673587,3.285347686,1
17159,3.350757027,3.368594875,3.232350877,1
17161,2.785057265,2.728373609,3.422883499,1
17168,3.525662158,3.525461229,2.930448247,1
17176,3.483523298,3.43090299,3.320666546,1
17178,2.570322253,3.026319891,3.552005539,1
17182,3.459856267,3.427616938,3.581398565,1
17183,2.610152134,2.95386985,3.045832603,1
17184,3.503726861,3.359998671,3.435715215,1
17190,3.235308096,3.058485141,3.325528986,1
17191,2.813919498,3.131665606,3.029447239,1
17192,3.417717408,3.29330801,3.598184438,1
17194,2.635550899,2.941537509,3.356618966,1
17195,2.995751564,2.783631243,3.342967711,1
17199,3.104273559,3.030111754,3.21945048,1
17205,3.126208856,3.241027798,3.309193782,1
17207,3.234730852,3.312916304,2.925478542,1
17209,2.885497835,2.8220051,3.380755217,1
17214,2.473345151,2.847232175,2.935751324,1
17223,3.074834082,2.928137822,3.429641989,1
17228,3.198941683,3.08542597,3.269033318,1
17230,2.471613417,2.802480822,2.517419466,1
17232,2.799488381,2.597773385,3.390622088,1
17235,2.625160495,2.664885841,3.43697076,1
17237,3.500263393,3.320529178,3.473346839,1
17239,2.912051089,3.001092816,3.113355768,1
17245,3.088110709,2.987805436,3.521728923,1
17246,2.806415317,2.89392104,3.234668272,1
17255,3.446002396,3.422026448,3.349668324,1
17264,2.802951849,2.752223851,3.55942074,1
17265,2.925327716,2.720030311,3.34627596,1
17268,2.842204486,3.043624605,2.802357961,1
17271,3.346716315,3.230633825,3.274306299,1
17275,3.458701778,3.155122345,3.493464112,1
17277,3.231844628,3.261563697,3.137775231,1
17278,3.000946766,2.812229244,3.521450342,1
17286,3.354220495,3.184787692,3.588221106,1
17290,3.175274652,3.034269686,3.489729117,1
17293,3.538938785,3.438516722,3.47665123,1
17297,2.682884961,2.789221733,3.094101248,1
17300,3.352488761,3.310106913,3.19263568,1
17302,2.611306624,2.83498385,2.884901365,1
17305,3.19490097,3.393653061,3.453669432,1
17307,2.7596585,2.666093785,3.268642841,1
17310,2.648827526,2.571703578,3.499939391,1
17317,2.012703916,2.134252238,3.004536207,1
17328,3.242235032,3.290751524,3.382623487,1
17331,3.567801018,3.466889251,3.343551883,1
17337,2.761967479,3.292577585,3.024224419,1
17345,3.350179783,3.218048578,3.55137275,1
17346,2.857790091,2.932941305,3.546688572,1
17348,3.174120163,3.305864965,3.074203136,1
17353,2.679998738,2.874874281,3.292519804,1
17357,2.574362966,2.481780791,3.521720435,1
17358,2.354432752,2.693904779,2.978842678,1
17359,3.182201588,3.367078301,2.70964827,1
17361,2.940336077,3.040309404,3.163166256,1
17368,2.819691944,3.123069403,3.033664543,1
17369,2.800065626,2.722278166,3.430399792,1
17373,2.546655222,2.637467493,3.103645551,1
17380,2.95303546,2.905551248,3.50526639,1
17382,3.413676695,3.30561206,3.593280327,1
17387,3.168347716,3.257574654,3.103688766,1
17391,3.243389521,3.235943118,3.155835941,1
17407,2.438133227,2.721294836,3.440007373,1
17435,2.793715935,2.887010299,3.249598994,1
17438,3.260706861,3.453714178,2.741374126,1
17441,3.485255032,3.328423248,3.414019829,1
17446,3.035581445,3.079862914,3.331942529,1
17452,2.932831897,2.848720458,3.321417404,1
17466,2.921864248,2.658424329,3.595059852,1
17470,2.480849331,2.556618428,3.089017333,1
17476,3.415985674,3.44256149,3.135741047,1
17480,3.570109997,3.38463592,3.515377887,1
17482,3.297650519,3.213638598,3.307948269,1
17485,3.495645436,3.448825822,3.177128503,1
17488,3.077720305,3.021375809,3.205734403,1
17490,3.435611992,3.389832907,2.925144399,1
17493,3.256088904,3.548413015,3.122300465,1
17496,2.924750472,2.769725746,3.003570047,1
17498,2.626892229,2.659969193,3.514159384,1
17500,2.343465103,2.944543222,3.026040213,1
17502,3.287260115,3.2326845,3.295564906,1
17504,3.208177597,3.170207495,3.340874107,1
17505,3.255511659,3.223948555,3.15672416,1
17515,3.248584723,3.125653322,3.345794424,1
17517,3.604744676,3.336794837,3.486439388,1
17522,2.744072894,2.642327558,3.575289841,1
17525,3.493336457,3.38443874,3.257903186,1
17528,1.950361493,2.303198886,2.424789259,1
17539,3.29534154,3.512033251,2.843132693,1
17541,2.797179403,3.517062206,2.655043251,1
17544,3.003255745,3.133884313,3.580296587,1
17545,2.274772989,2.472032369,3.523073985,1
17547,3.436189236,3.214565345,3.43435472,1
17548,3.368074367,3.242685827,3.286674227,1
17549,3.320163061,3.166303325,3.382955315,1
17558,2.931100163,2.975810016,3.057114759,1
17567,2.78448002,2.678397835,3.343500951,1
17570,2.714056172,2.634039985,3.177666373,1
17571,2.670762823,2.93530061,3.107046403,1
17584,3.223763203,3.106634854,3.238559921,1
17585,2.755617787,2.983843827,3.0417434,1
17586,2.959962396,2.598728423,3.569385616,1
17587,3.567801018,3.438825352,3.322908315,1
17596,3.563760305,3.589764294,3.249481696,1
17600,2.61707907,2.860940492,3.130677968,1
17603,3.293032562,3.241280703,3.57332511,1
17606,3.033272467,3.282661131,2.793692617,1
17608,3.152762111,3.267575124,2.994186256,1
17609,1.929003441,2.379103868,2.914433296,1
17612,3.181047099,3.008312186,3.481736689,1
17623,2.721560353,3.080733936,2.926073518,1
17624,1.952093227,2.014832137,3.426468014,1
17627,3.383082728,3.384157544,3.392420134,1
17630,3.515271754,3.541193644,3.410825791,1
17638,3.478905341,3.29920713,3.342749322,1
17640,3.222031469,3.150290571,3.184448014,1
17641,3.365765388,3.403710113,3.332439499,1
17646,2.543191754,2.930019608,2.814925759,1
17650,2.855481113,3.067305958,3.020967101,1
17654,3.190860258,2.890072595,3.444281011,1
17656,2.480272087,2.422842744,3.173148109,1
17659,3.273983488,3.497987155,3.428932031,1
17670,3.173542918,3.078711552,3.305671002,1
17672,3.356529474,3.388680688,2.959231636,1
17688,3.252048191,3.476187588,2.938788709,1
17690,3.465628714,3.263838986,3.592289473,1
17706,3.233576362,3.064019049,3.594718764,1
17709,2.427742823,2.683089011,2.662004697,1
17710,3.286682871,3.277969097,3.494133171,1
17712,2.958807906,3.222936935,2.914849239,1
17718,3.439652704,3.154673117,3.550979958,1
17726,2.887229569,3.115905757,2.633164974,1
17728,3.560296837,3.427391467,3.468063055,1
17733,3.430994035,3.516837592,2.954670157,1
17734,3.280910424,3.068064674,3.35113377,1
17735,3.197787194,3.099556081,3.517248472,1
17742,2.051379308,2.872935913,1.917424829,1
17747,2.305366956,2.353370983,3.02398365,1
17749,2.951303726,2.727165665,3.399534374,1
17751,2.754463298,2.945751166,3.047111299,1
17754,3.096192134,3.139109591,3.088602162,1
17755,2.688080163,2.906000476,3.323440783,1
17760,2.930522918,3.061041626,2.799521217,1
17765,2.241292799,2.721182529,2.116115793,1
17768,3.57299622,3.597714947,3.076603102,1
17769,3.17007945,3.114500633,3.283607518,1
17782,3.317276837,3.164224359,3.279202693,1
17793,3.565492039,3.411322987,3.538833506,1
17796,3.312081636,3.172511075,3.515918844,1
17798,2.861253559,2.657525015,3.357815862,1
17799,3.175851897,3.224791287,3.28254181,1
17811,2.300171754,2.156529325,3.524317183,1
17813,3.504304106,3.404861475,3.423834997,1
17818,3.111200495,3.12908083,3.187134279,1
17819,3.328244486,3.38772565,3.043029813,1
17829,2.591103061,2.58864308,3.59426578,1
17831,3.055207764,2.88195391,3.270217867,1
17832,2.412734462,2.446945892,3.484159806,1
17833,2.446214652,2.647075317,2.853325218,1
17842,2.754463298,3.038764539,2.846180881,1
17845,3.210486576,2.910972848,3.361695164,1
17846,3.381928239,3.422503967,3.269669965,1
17847,3.326512752,3.587011486,2.982367002,1
17848,3.410213227,3.476581091,3.484473114,1
17852,2.730219023,3.254849279,2.420321155,1
17854,2.91955527,2.933053612,3.174618957,1
17858,3.247430234,3.289655888,2.942701965,1
17860,2.076200828,2.161838619,3.500207169,1
17871,3.263593084,3.255720302,3.231292885,1
17873,3.101387336,3.036179763,3.046920691,1
17877,3.151030377,3.303617967,2.794693503,1
17881,2.766585436,2.900662891,3.21441055,1
17884,2.805260828,2.798772975,3.114330417,1
17885,3.208754842,2.944880143,3.577351806,1
17892,2.824887146,2.628449495,3.498200766,1
17898,3.478328096,3.324237025,3.546572046,1
17902,3.144103441,2.874677958,3.484016271,1
17904,2.781593797,2.832174459,3.40622264,1
17910,3.331130709,3.483885335,2.999522516,1
17912,2.537419308,2.646120278,3.03382737,1
17913,2.702511279,2.899258624,3.556916595,1
17917,2.979588714,2.970640463,3.009021289,1
17921,3.570109997,3.443236189,3.210546682,1
17922,2.977279735,3.020869999,3.063635568,1
17929,3.592045294,3.301286096,3.341010697,1
17941,3.098501113,2.925355865,3.327425036,1
17945,3.114086719,3.366881121,2.579704377,1
17954,3.332285198,3.586309353,2.850801009,1
17958,2.502784628,2.953082843,2.611721932,1
17968,3.093305911,3.104669052,3.358912438,1
17969,3.398091089,3.331260072,3.156674,1
17970,2.84393622,3.105567508,3.584902825,1
17973,3.356529474,3.282463951,3.211889428,1
17983,3.35479774,3.230409211,3.376057149,1
17990,2.898774462,3.064806055,3.031287728,1
17991,3.46389698,3.33288981,2.972622059,1
17999,3.465628714,3.541081337,3.054388367,1
18001,2.99401983,2.902601259,3.280206666,1
18011,3.146412419,3.248023412,3.186640395,1
18016,3.278601445,3.400394912,3.604962221,1
18017,3.603012942,3.449023002,3.34993533,1
18020,2.727332799,2.963898611,2.980923935,1
18023,3.313813369,3.295864495,3.45210984,1
18024,2.613038357,2.48534804,3.340718225,1
18028,3.324203773,3.569369851,2.866585224,1
18030,3.560296837,3.480879622,3.262619775,1
18031,2.950149236,2.771101721,3.31663985,1
18034,3.327089997,3.27802568,3.08710662,1
18037,2.906278643,2.696741603,3.525953173,1
18039,2.890693037,3.15026228,2.958547144,1
18041,3.338057645,3.297549958,3.106860425,1
18043,3.444847906,3.405170962,3.026821167,1
18047,2.437555982,2.255582417,3.427779893,1
18049,3.454083821,3.142143595,3.343840496,1
18050,2.777553084,2.786159437,3.440199525,1
18056,3.073679593,3.269598365,3.277452492,1
18057,2.862985293,2.948195344,3.040224708,1
18058,3.317276837,3.301959938,3.272579249,1
18059,3.465628714,3.593136077,2.838513336,1
18060,2.518947479,2.808015587,2.912250947,1
18067,3.232999118,3.19282236,3.095260331,1
18078,3.025768286,3.26524411,2.975495073,1
18084,2.670185578,2.956763256,2.825383746,1
18085,2.957653417,3.066547243,3.353674184,1
18086,3.009028191,3.172118429,2.774298421,1
18087,2.732528001,2.841192457,3.449641964,1
18089,3.140062728,3.017864286,3.256119031,1
18094,1.862620305,2.012275651,3.460794476,1
18096,3.133135792,3.022218541,3.254487671,1
18103,2.85259489,2.86405937,3.078692076,1
18104,2.539728286,2.869846183,2.763547961,1
18105,3.291300828,3.199733101,3.35555017,1
18106,2.557045626,2.489730586,3.505340473,1
18119,3.418294652,3.412025121,3.430053301,1
18122,3.541247764,3.320304564,3.252834704,1
18123,3.416562918,3.391124867,3.299957384,1
18127,3.138908239,3.244146676,2.950516132,1
18128,2.355587241,2.775428543,3.045969193,1
18130,3.248584723,3.373454941,3.280339397,1
18135,2.495280448,2.290416459,3.457787959,1
18136,2.027712277,1.791106232,3.558945377,1
18139,3.532011849,3.433936995,3.26542025,1
18141,3.101964581,3.309320764,3.31739611,1
18145,3.491027479,3.167903915,3.519074298,1
18146,3.039044913,2.955527022,3.344159977,1
18147,3.598972229,3.547963787,3.549284548,1
18149,3.467937693,3.514309397,3.061960993,1
18151,3.280910424,3.035534212,3.43214459,1
18157,3.43041679,3.35356545,3.083487378,1
18161,3.02865451,3.025055365,3.01759403,1
18163,2.995751564,2.72528388,3.545863632,1
18166,2.662681398,2.729020017,3.121758736,1
18169,2.684616695,2.56156251,3.297197809,1
18170,3.175851897,3.558217162,2.7478795,1
18173,3.143526196,3.023398193,3.310178462,1
18180,2.007508714,2.036435381,3.518857453,1
18184,3.046549094,2.950976444,3.029275923,1
18187,2.775244106,3.278194569,3.167626643,1
18189,2.460068524,2.905382359,2.457965898,1
18192,3.598972229,3.492762735,3.183771239,1
18194,3.376733037,3.283334973,3.328332547,1
18197,2.140852229,2.67553272,2.971590305,1
18202,3.015377882,2.897685469,3.461921148,1
18203,3.376155792,3.127732288,3.34974858,1
18209,2.862408049,2.695618533,3.201781018,1
18213,3.244544011,3.062643073,3.424345858,1
18220,3.062711944,3.044298447,3.365714915,1
18224,3.444847906,3.278446617,3.487232689,1
18226,3.01133717,3.038005824,3.386994358,1
18228,2.428320068,2.383823336,3.224010415,1
18230,3.294187051,3.211784246,3.34546028,1
18246,2.832391327,2.976399842,3.382217576,1
18252,2.629201208,2.849563189,3.060703133,1
18255,3.575305199,3.508943521,3.196846811,1
18258,3.37096059,3.361375504,3.44429413,1
18259,3.582232134,3.165881531,3.550459837,1
18269,3.223185959,2.922574766,3.382742328,1
18271,3.284373892,2.999238464,3.564439061,1
18272,2.406962015,2.504366508,3.018171256,1
18274,2.738300448,2.547122911,3.432685547,1
18279,3.007873702,2.965275444,3.452396138,1
18288,2.800065626,3.591787536,2.045275119,1
18292,2.946108524,3.439106548,2.496221823,1
18297,2.933986386,2.982018623,3.073963911,1
18299,3.557410614,3.491582225,2.979301064,1
18306,3.43041679,3.095707636,3.314926691,1
18309,3.3969366,3.247995121,3.537864259,1
18321,3.241080543,3.003200073,3.495533794,1
18324,3.17123394,3.246871193,3.182411516,1
18325,3.156225578,3.238696784,3.311525067,1
18329,2.583021635,3.320304564,2.724873008,1
18351,3.573573465,3.597068538,3.090900264,1
18353,3.375001303,3.273361937,3.313421889,1
18357,3.421180875,3.331428962,3.330488658,1
18358,3.142948951,2.879397425,3.418156105,1
18364,2.648250281,3.255158767,3.289483963,1
18368,2.019053607,2.317328997,2.905476252,1
18373,3.52219869,3.386040187,3.531655986,1
18376,3.083492752,3.172118429,2.976918075,1
18385,2.568013274,2.615864248,3.40883868,1
18388,2.746959118,2.968084835,2.960129116,1
18389,3.547597455,3.455034429,3.581149308,1
18390,3.009605436,3.069188601,2.952260931,1
18404,3.21221831,3.149250659,3.452968734,1
18407,2.630932942,2.918782903,3.339185642,1
18408,3.209909331,3.30330848,3.371325897,1
18409,2.593412039,2.598897312,3.586394508,1
18410,3.093305911,3.491694532,3.571895162,1
18411,1.956133939,1.967243959,3.063001236,1
18412,3.045394605,2.85386172,2.973235555,1
18419,2.345774082,2.823774579,2.77025552,1
18421,2.545500733,2.707445064,2.981312869,1
18422,2.509134319,2.607773855,2.831907642,1
18424,3.302268476,3.472255127,2.989678796,1
18426,3.007873702,3.042922472,2.926339752,1
18427,3.176429141,2.958336412,3.569610178,1
18430,3.154493845,3.173100902,2.88422459,1
18433,3.054053274,2.89903401,3.594178578,1
18437,3.354220495,3.392753747,3.48624415,1
18442,3.481791564,3.297858588,3.101038771,1
18444,3.22087698,3.256029789,3.061936299,1
18445,2.962848619,2.9408911,3.209024903,1
18447,3.087533464,3.386011896,3.128709378,1
18449,2.389644676,2.672329826,2.956461257,1
18452,3.440807194,3.456495278,3.054764953,1
18462,3.550483678,3.282463951,3.339858559,1
18467,3.211641065,3.008762272,3.457540245,1
18469,1.878205911,1.83950885,3.127101169,1
18480,2.215894034,2.565382664,3.54894809,1
18485,2.667299355,2.74348705,2.856195917,1
18488,2.786788999,2.625247458,3.250104453,1
18491,2.8191147,2.70182714,3.467528272,1
18510,2.789097977,3.036826171,3.015858491,1
18511,2.612461113,2.761129542,3.143438688,1
18512,3.327089997,3.145795717,3.555464268,1
18518,3.344407336,3.113742775,3.595369301,1
18522,2.5760947,2.569203675,3.32381737,1
18530,2.438133227,2.615218697,2.88877758,1
18538,3.20355964,3.309151875,3.108896924,1
18539,3.48121432,3.256422435,3.567802101,1
18541,2.599184486,2.811919757,3.0654367,1
18544,2.936872609,2.87585761,3.398802809,1
18550,3.274560733,3.29381382,3.173041615,1
18556,3.446002396,3.148858013,3.344706336,1
18559,2.345774082,2.386857341,2.825004845,1
18560,2.731373512,3.010560042,3.180382734,1
18562,2.882034367,2.874509068,3.110118514,1
18568,2.76831717,2.746689944,3.322522468,1
18571,2.900506196,2.926255179,3.133872006,1
18574,2.839318263,2.69443888,3.321515409,1
18575,3.365188144,3.306370775,3.222398348,1
18580,2.681730472,2.926985603,2.769271611,1
18587,2.792561445,2.954431385,2.756979308,1
18590,2.782748286,2.787789175,3.544104943,1
18591,3.073102348,2.759921599,3.597126447,1
18593,2.730796267,3.144475467,2.812422385,1
18598,1.877051421,2.177879664,3.525196913,1
18599,2.215894034,2.603953701,3.356900634,1
18605,3.459856267,3.268025209,3.600692442,1
18608,2.953612704,2.962774684,3.260765396,1
18610,2.587639593,2.625190876,3.233420444,1
18611,2.794870424,2.731632228,2.956283768,1
18613,2.468727194,2.54529685,3.2883843,1
18622,2.801220115,2.77784443,3.241368113,1
18623,3.4887185,3.502622607,3.379787514,1
18630,3.329398975,3.412952725,3.418372951,1
18642,2.990556362,3.282604549,3.315282442,1
18651,3.482946054,3.504364652,2.835786944,1
18653,3.011914415,3.099162578,2.850297865,1
18655,3.089842443,2.952324985,3.329340379,1
18658,3.066752657,3.177933533,2.784598983,1
18659,2.858367336,2.606650785,3.467310654,1
18661,3.088110709,3.335558603,3.565291783,1
18668,3.526816647,3.385618393,3.201953105,1
18669,3.570109997,3.591928134,3.015928716,1
18671,3.104273559,2.744414655,3.481350071,1
18678,3.570109997,3.467591385,3.399336049,1
18680,2.966312087,3.166668537,3.405057383,1
18687,3.121590899,3.205575639,2.953007158,1
18696,3.118127431,3.313365532,3.057109357,1
18700,3.20471413,3.251366047,2.842306209,1
18701,3.276869712,3.211335018,3.151474331,1
18715,3.16142078,3.071295001,2.976759878,1
18719,3.134867526,3.36966222,2.403915727,1
18741,3.257243393,3.440370216,3.222111278,1
18745,2.419084153,2.360338306,3.371061206,1
18749,3.081761018,3.253445013,2.618621642,1
18752,2.93571812,2.937436159,3.07524878,1
18760,3.08580173,3.463602342,3.300973704,1
18764,2.898197217,2.530436315,3.447025924,1
18766,2.570899498,2.593784342,3.335280102,1
18771,2.990556362,3.272688095,3.14403212,1
18774,2.871066719,2.960921189,2.988718038,1
18777,3.058093987,3.473547087,3.166741511,1
18779,2.040411659,2.656149039,2.29313375,1
18780,3.451197598,3.592405653,2.699457288,1
18791,2.948994747,2.972691995,3.510273908,1
18794,1.79623717,1.954742728,2.842356369,1
18804,3.211641065,2.987608256,3.503158896,1
18805,2.715787906,2.616341767,3.443549446,1
18811,2.803529094,2.583614982,3.447097691,1
18814,3.316122348,3.516415797,2.875384071,1
18818,3.181047099,3.125091787,3.44275383,1
18823,3.380196505,3.54127766,3.205928098,1
18825,3.532589094,3.51877596,2.797527161,1
18827,2.026557787,2.201111789,3.42585992,1
18829,3.193169236,3.111439195,3.37812683,1
18837,3.551638168,3.327523934,3.332660975,1
18842,3.05232154,3.178888572,2.66237974,1
18845,3.447156885,3.292745617,3.112597193,1
18850,3.117550187,3.022639478,3.572256315,1
18856,2.706551992,2.439557632,3.566297299,1
18864,2.763121968,2.749695657,3.285774433,1
18867,3.077720305,2.853300185,3.54243114,1
18869,2.181259355,2.167316802,2.952331926,1
18871,2.274772989,2.201616742,3.465985657,1
18873,2.861830804,2.736689474,3.367646463,1
18878,2.393685388,2.071775234,3.566059617,1
18881,2.688080163,2.560860377,3.111688139,1
18886,3.534320828,3.561925009,3.0608567,1
18887,3.362879165,3.265215819,3.414965154,1
18891,2.631510186,3.212935607,2.738903935,1
18892,3.192014747,3.299600633,3.310182321,1
18894,2.073314604,2.228135777,2.891991683,1
18895,2.127575602,2.138465896,3.256782687,1
18902,3.374424058,3.357217572,3.373698854,1
18905,2.671917312,2.813549495,3.453711103,1
18907,2.413888951,2.434894747,3.319028241,1
18908,2.518370234,2.631146578,3.44131848,1
18913,3.398668334,3.410031028,3.064450476,1
18917,3.228958405,3.279907465,3.174638249,1
18919,3.591468049,3.498043738,3.063101556,1
18921,3.0944604,3.091970641,3.172338603,1
18922,2.368863868,2.351938425,3.413929541,1
18934,3.220299735,3.042444952,3.372766648,1
18939,2.315180115,2.439277293,3.186850296,1
18941,3.228958405,3.243893771,3.138828592,1
18945,2.859521825,2.764331579,3.596865614,1
18948,3.226072182,3.113573886,3.150437175,1
18950,3.202982396,3.300106443,3.070480487,1
18952,2.764853702,2.788687632,3.47634564,1
18957,3.066175412,3.1711351,3.107546461,1
18961,3.164307004,2.997384969,3.283825907,1
18964,3.181047099,3.010138247,3.587264978,1
18966,3.141217217,3.192569455,2.931374279,1
18968,2.55877736,2.488775548,3.500297457,1
18970,2.450255365,2.551083663,3.158357063,1
18971,3.396359355,3.025954679,3.601001891,1
18973,2.987092894,3.252153053,3.53100622,1
18975,2.128730091,2.552432205,2.90596319,1
18977,2.48315831,2.327779553,3.539488673,1
18979,2.268423298,2.299714796,3.25219497,1
18980,2.98651565,3.175292175,3.363328839,1
18995,3.076565816,3.149756469,3.266830134,1
18996,3.435034747,3.456074341,2.839738785,1
18998,2.47449964,2.490657334,3.133752394,1
18999,2.293244818,2.377108918,3.040622902,1
19001,3.533743583,3.235522181,3.35722706,1
19004,3.458701778,3.314067665,3.135088967,1
19007,2.720405863,3.029606801,3.028170087,1
19013,3.007873702,2.877290168,3.402763911,1
19014,2.375213559,2.349916041,3.223618395,1
19016,2.659795175,2.548808374,3.065019214,1
19019,3.582232134,3.457394591,3.420798383,1
19030,3.118127431,2.879846653,3.298445637,1
19031,2.737145958,2.892319593,3.590930521,1
19034,3.589736315,3.528270619,3.255611256,1
19036,2.116607954,2.189059787,3.297018776,1
19041,2.808724296,2.74348705,3.019225389,1
19169,3.58915907,3.568976348,2.900720306,0
19170,2.808724296,3.2046206,2.873160823,0
19446,2.406962015,3.396855955,3.349373537,0
19845,2.913205578,3.540547236,2.552654211,0
19971,2.899351707,3.291481949,2.923640369,0
20068,3.442538928,3.396995696,3.161413741,0
20155,3.130249569,3.426661042,3.343499408,0
20377,3.009028191,3.392445117,2.513418236,0
20506,2.91955527,2.853300185,3.496416611,0
20563,3.000946766,3.166977167,3.136144643,0
20594,2.879725388,3.203946758,2.736480047,0
20631,3.076565816,3.036179763,3.248870515,0
20683,3.545865721,3.577095032,2.975856997,1
20684,3.470246671,3.273418519,3.310555049,1
20690,3.026922776,3.077756514,3.121389095,1
20691,3.425221588,3.337103467,3.165277609,1
20698,3.386546196,3.297297053,3.32454199,1
20702,3.115818453,3.237881486,2.866396931,1
20703,2.853172134,3.07343055,2.643668492,1
20708,3.450043108,3.591646938,3.256268739,1
20710,3.153339355,3.130317064,3.102930963,1
20711,3.257820638,2.991400976,3.457113499,1
20739,2.614192847,3.177174818,2.517497407,1
20748,3.265324818,3.093291749,3.504990124,1
20749,3.050012562,2.961145803,3.292307588,1
20759,3.219722491,2.997384969,3.306735167,1
20762,2.783902776,2.637524075,3.227237637,1
20773,2.321529806,2.46436377,3.377287228,1
20781,3.57299622,3.236899014,3.55793523,1
20784,2.547232467,3.063429222,2.183555615,1
20786,3.396359355,3.203693853,3.24373181,1
20787,2.83527755,2.677471088,3.398827503,1
20790,3.537207051,3.491245304,3.408192001,1
20802,2.33192021,2.341460436,3.46471082,1
20808,3.016532372,2.981596829,3.155168427,1
20810,2.317489094,2.548752649,2.734829395,1
20816,3.550483678,3.224875303,3.347996065,1
20820,2.917246291,2.943447586,3.116384664,1
20823,2.404075792,2.43888379,3.12587572,1
20825,2.437555982,2.418151568,3.560386128,1
20831,3.417717408,3.311061952,3.311582172,1
20836,3.222608714,3.166695971,3.481636369,1
20841,3.406172514,3.386124203,3.115084361,1
20848,2.885497835,2.882852367,3.350855188,1
20857,2.901660685,2.860519555,3.310889192,1
20859,3.083492752,3.302718653,2.803899033,1
20861,2.498166671,2.849450882,2.504350068,1
20862,3.267056552,3.367948466,3.120688398,1
20863,3.246852989,2.927181926,3.589951242,1
20870,2.939758833,3.195491153,3.051088606,1
20871,2.966889331,3.144700081,2.941282821,1
20874,1.773147383,2.047812684,3.037197355,1
20876,2.877993654,3.085846907,3.126381179,1
20879,3.428685056,3.141413171,3.471380565,1
20880,3.429262301,3.577123323,2.777281015,1
20881,2.896465483,3.040562309,3.133120377,1
20882,2.616501825,2.912827201,2.759022752,1
20885,2.858944581,2.675392121,3.354851016,1
20889,3.004410234,2.796159907,3.518955458,1
20891,3.352488761,3.305696076,3.279869436,1
20893,3.263593084,3.250860236,3.178423405,1
20894,2.6678766,3.244118385,2.463195664,1
20897,2.77697584,2.882094509,3.419761228,1
20901,2.978434225,2.892376175,3.233520764,1
20914,2.880302633,2.923726984,3.108819755,1
20918,3.596663251,3.350784351,3.234271621,1
20921,3.394050377,3.436409464,3.415201292,1
20923,2.844513464,2.937689064,3.129999649,1
20926,3.531434605,3.371404265,3.393198,1
20928,3.478905341,3.300386782,3.388225209,1
20932,2.686348429,2.939515125,2.712115374,1
20933,2.090054699,2.363596924,2.87654547,1
20934,2.671917312,2.86846935,2.685172473,1
20937,3.340366624,3.425285067,3.362651292,1
20942,3.208754842,3.008733981,3.495137144,1
20949,3.349025293,3.249484261,3.290236364,1
20951,3.314390614,3.39840082,3.079540939,1
20960,3.437343726,3.164673587,3.285347686,1
20969,3.350757027,3.368594875,3.232350877,1
20971,2.785057265,2.728373609,3.422883499,1
20978,3.525662158,3.525461229,2.930448247,1
20986,3.483523298,3.43090299,3.320666546,1
20988,2.570322253,3.026319891,3.552005539,1
20992,3.459856267,3.427616938,3.581398565,1
20993,2.610152134,2.95386985,3.045832603,1
20994,3.503726861,3.359998671,3.435715215,1
21000,3.235308096,3.058485141,3.325528986,1
21001,2.813919498,3.131665606,3.029447239,1
21002,3.417717408,3.29330801,3.598184438,1
21004,2.635550899,2.941537509,3.356618966,1
21005,2.995751564,2.783631243,3.342967711,1
21009,3.104273559,3.030111754,3.21945048,1
21015,3.126208856,3.241027798,3.309193782,1
21017,3.234730852,3.312916304,2.925478542,1
21019,2.885497835,2.8220051,3.380755217,1
21024,2.473345151,2.847232175,2.935751324,1
21033,3.074834082,2.928137822,3.429641989,1
21038,3.198941683,3.08542597,3.269033318,1
21040,2.471613417,2.802480822,2.517419466,1
21042,2.799488381,2.597773385,3.390622088,1
21045,2.625160495,2.664885841,3.43697076,1
21047,3.500263393,3.320529178,3.473346839,1
21049,2.912051089,3.001092816,3.113355768,1
21055,3.088110709,2.987805436,3.521728923,1
21056,2.806415317,2.89392104,3.234668272,1
21065,3.446002396,3.422026448,3.349668324,1
21074,2.802951849,2.752223851,3.55942074,1
21075,2.925327716,2.720030311,3.34627596,1
21078,2.842204486,3.043624605,2.802357961,1
21081,3.346716315,3.230633825,3.274306299,1
21085,3.458701778,3.155122345,3.493464112,1
21087,3.231844628,3.261563697,3.137775231,1
21088,3.000946766,2.812229244,3.521450342,1
21096,3.354220495,3.184787692,3.588221106,1
21100,3.175274652,3.034269686,3.489729117,1
21103,3.538938785,3.438516722,3.47665123,1
21107,2.682884961,2.789221733,3.094101248,1
21110,3.352488761,3.310106913,3.19263568,1
21112,2.611306624,2.83498385,2.884901365,1
21115,3.19490097,3.393653061,3.453669432,1
21117,2.7596585,2.666093785,3.268642841,1
21120,2.648827526,2.571703578,3.499939391,1
21127,2.012703916,2.134252238,3.004536207,1
21138,3.242235032,3.290751524,3.382623487,1
21141,3.567801018,3.466889251,3.343551883,1
21147,2.761967479,3.292577585,3.024224419,1
21155,3.350179783,3.218048578,3.55137275,1
21156,2.857790091,2.932941305,3.546688572,1
21158,3.174120163,3.305864965,3.074203136,1
21163,2.679998738,2.874874281,3.292519804,1
21167,2.574362966,2.481780791,3.521720435,1
21168,2.354432752,2.693904779,2.978842678,1
21169,3.182201588,3.367078301,2.70964827,1
21171,2.940336077,3.040309404,3.163166256,1
21178,2.819691944,3.123069403,3.033664543,1
21179,2.800065626,2.722278166,3.430399792,1
21183,2.546655222,2.637467493,3.103645551,1
21190,2.95303546,2.905551248,3.50526639,1
21192,3.413676695,3.30561206,3.593280327,1
21197,3.168347716,3.257574654,3.103688766,1
21201,3.243389521,3.235943118,3.155835941,1
21217,2.438133227,2.721294836,3.440007373,1
21245,2.793715935,2.887010299,3.249598994,1
21248,3.260706861,3.453714178,2.741374126,1
21251,3.485255032,3.328423248,3.414019829,1
21256,3.035581445,3.079862914,3.331942529,1
21262,2.932831897,2.848720458,3.321417404,1
21276,2.921864248,2.658424329,3.595059852,1
21280,2.480849331,2.556618428,3.089017333,1
21286,3.415985674,3.44256149,3.135741047,1
21290,3.570109997,3.38463592,3.515377887,1
21292,3.297650519,3.213638598,3.307948269,1
21295,3.495645436,3.448825822,3.177128503,1
21298,3.077720305,3.021375809,3.205734403,1
21300,3.435611992,3.389832907,2.925144399,1
21303,3.256088904,3.548413015,3.122300465,1
21306,2.924750472,2.769725746,3.003570047,1
21308,2.626892229,2.659969193,3.514159384,1
21310,2.343465103,2.944543222,3.026040213,1
21312,3.287260115,3.2326845,3.295564906,1
21314,3.208177597,3.170207495,3.340874107,1
21315,3.255511659,3.223948555,3.15672416,1
21325,3.248584723,3.125653322,3.345794424,1
21327,3.604744676,3.336794837,3.486439388,1
21332,2.744072894,2.642327558,3.575289841,1
21335,3.493336457,3.38443874,3.257903186,1
21338,1.950361493,2.303198886,2.424789259,1
21349,3.29534154,3.512033251,2.843132693,1
21351,2.797179403,3.517062206,2.655043251,1
21354,3.003255745,3.133884313,3.580296587,1
21355,2.274772989,2.472032369,3.523073985,1
21357,3.436189236,3.214565345,3.43435472,1
21358,3.368074367,3.242685827,3.286674227,1
21359,3.320163061,3.166303325,3.382955315,1
21368,2.931100163,2.975810016,3.057114759,1
21377,2.78448002,2.678397835,3.343500951,1
21380,2.714056172,2.634039985,3.177666373,1
21381,2.670762823,2.93530061,3.107046403,1
21394,3.223763203,3.106634854,3.238559921,1
21395,2.755617787,2.983843827,3.0417434,1
21396,2.959962396,2.598728423,3.569385616,1
21397,3.567801018,3.438825352,3.322908315,1
21406,3.563760305,3.589764294,3.249481696,1
21410,2.61707907,2.860940492,3.130677968,1
21413,3.293032562,3.241280703,3.57332511,1
21416,3.033272467,3.282661131,2.793692617,1
21418,3.152762111,3.267575124,2.994186256,1
21419,1.929003441,2.379103868,2.914433296,1
21422,3.181047099,3.008312186,3.481736689,1
21433,2.721560353,3.080733936,2.926073518,1
21434,1.952093227,2.014832137,3.426468014,1
21437,3.383082728,3.384157544,3.392420134,1
21440,3.515271754,3.541193644,3.410825791,1
21448,3.478905341,3.29920713,3.342749322,1
21450,3.222031469,3.150290571,3.184448014,1
21451,3.365765388,3.403710113,3.332439499,1
21456,2.543191754,2.930019608,2.814925759,1
21460,2.855481113,3.067305958,3.020967101,1
21464,3.190860258,2.890072595,3.444281011,1
21466,2.480272087,2.422842744,3.173148109,1
21469,3.273983488,3.497987155,3.428932031,1
21480,3.173542918,3.078711552,3.305671002,1
21482,3.356529474,3.388680688,2.959231636,1
21498,3.252048191,3.476187588,2.938788709,1
21500,3.465628714,3.263838986,3.592289473,1
21516,3.233576362,3.064019049,3.594718764,1
21519,2.427742823,2.683089011,2.662004697,1
21520,3.286682871,3.277969097,3.494133171,1
21522,2.958807906,3.222936935,2.914849239,1
21528,3.439652704,3.154673117,3.550979958,1
21536,2.887229569,3.115905757,2.633164974,1
21538,3.560296837,3.427391467,3.468063055,1
21543,3.430994035,3.516837592,2.954670157,1
21544,3.280910424,3.068064674,3.35113377,1
21545,3.197787194,3.099556081,3.517248472,1
21552,2.051379308,2.872935913,1.917424829,1
21557,2.305366956,2.353370983,3.02398365,1
21559,2.951303726,2.727165665,3.399534374,1
21561,2.754463298,2.945751166,3.047111299,1
21564,3.096192134,3.139109591,3.088602162,1
21565,2.688080163,2.906000476,3.323440783,1
21570,2.930522918,3.061041626,2.799521217,1
21575,2.241292799,2.721182529,2.116115793,1
21578,3.57299622,3.597714947,3.076603102,1
21579,3.17007945,3.114500633,3.283607518,1
21592,3.317276837,3.164224359,3.279202693,1
21603,3.565492039,3.411322987,3.538833506,1
21606,3.312081636,3.172511075,3.515918844,1
21608,2.861253559,2.657525015,3.357815862,1
21609,3.175851897,3.224791287,3.28254181,1
21621,2.300171754,2.156529325,3.524317183,1
21623,3.504304106,3.404861475,3.423834997,1
21628,3.111200495,3.12908083,3.187134279,1
21629,3.328244486,3.38772565,3.043029813,1
21639,2.591103061,2.58864308,3.59426578,1
21641,3.055207764,2.88195391,3.270217867,1
21642,2.412734462,2.446945892,3.484159806,1
21643,2.446214652,2.647075317,2.853325218,1
21652,2.754463298,3.038764539,2.846180881,1
21655,3.210486576,2.910972848,3.361695164,1
21656,3.381928239,3.422503967,3.269669965,1
21657,3.326512752,3.587011486,2.982367002,1
21658,3.410213227,3.476581091,3.484473114,1
21662,2.730219023,3.254849279,2.420321155,1
21664,2.91955527,2.933053612,3.174618957,1
21668,3.247430234,3.289655888,2.942701965,1
21670,2.076200828,2.161838619,3.500207169,1
21681,3.263593084,3.255720302,3.231292885,1
21683,3.101387336,3.036179763,3.046920691,1
21687,3.151030377,3.303617967,2.794693503,1
21691,2.766585436,2.900662891,3.21441055,1
21694,2.805260828,2.798772975,3.114330417,1
21695,3.208754842,2.944880143,3.577351806,1
21702,2.824887146,2.628449495,3.498200766,1
21708,3.478328096,3.324237025,3.546572046,1
21712,3.144103441,2.874677958,3.484016271,1
21714,2.781593797,2.832174459,3.40622264,1
21720,3.331130709,3.483885335,2.999522516,1
21722,2.537419308,2.646120278,3.03382737,1
21723,2.702511279,2.899258624,3.556916595,1
21727,2.979588714,2.970640463,3.009021289,1
21731,3.570109997,3.443236189,3.210546682,1
21732,2.977279735,3.020869999,3.063635568,1
21739,3.592045294,3.301286096,3.341010697,1
21751,3.098501113,2.925355865,3.327425036,1
21755,3.114086719,3.366881121,2.579704377,1
21764,3.332285198,3.586309353,2.850801009,1
21768,2.502784628,2.953082843,2.611721932,1
21778,3.093305911,3.104669052,3.358912438,1
21779,3.398091089,3.331260072,3.156674,1
21780,2.84393622,3.105567508,3.584902825,1
21783,3.356529474,3.282463951,3.211889428,1
21793,3.35479774,3.230409211,3.376057149,1
21800,2.898774462,3.064806055,3.031287728,1
21801,3.46389698,3.33288981,2.972622059,1
21809,3.465628714,3.541081337,3.054388367,1
21811,2.99401983,2.902601259,3.280206666,1
21821,3.146412419,3.248023412,3.186640395,1
21826,3.278601445,3.400394912,3.604962221,1
21827,3.603012942,3.449023002,3.34993533,1
21830,2.727332799,2.963898611,2.980923935,1
21833,3.313813369,3.295864495,3.45210984,1
21834,2.613038357,2.48534804,3.340718225,1
21838,3.324203773,3.569369851,2.866585224,1
21840,3.560296837,3.480879622,3.262619775,1
21841,2.950149236,2.771101721,3.31663985,1
21844,3.327089997,3.27802568,3.08710662,1
21847,2.906278643,2.696741603,3.525953173,1
21849,2.890693037,3.15026228,2.958547144,1
21851,3.338057645,3.297549958,3.106860425,1
21853,3.444847906,3.405170962,3.026821167,1
21857,2.437555982,2.255582417,3.427779893,1
21859,3.454083821,3.142143595,3.343840496,1
21860,2.777553084,2.786159437,3.440199525,1
21866,3.073679593,3.269598365,3.277452492,1
21867,2.862985293,2.948195344,3.040224708,1
21868,3.317276837,3.301959938,3.272579249,1
21869,3.465628714,3.593136077,2.838513336,1
21870,2.518947479,2.808015587,2.912250947,1
21877,3.232999118,3.19282236,3.095260331,1
21888,3.025768286,3.26524411,2.975495073,1
21894,2.670185578,2.956763256,2.825383746,1
21895,2.957653417,3.066547243,3.353674184,1
21896,3.009028191,3.172118429,2.774298421,1
21897,2.732528001,2.841192457,3.449641964,1
21899,3.140062728,3.017864286,3.256119031,1
21904,1.862620305,2.012275651,3.460794476,1
21906,3.133135792,3.022218541,3.254487671,1
21913,2.85259489,2.86405937,3.078692076,1
21914,2.539728286,2.869846183,2.763547961,1
21915,3.291300828,3.199733101,3.35555017,1
21916,2.557045626,2.489730586,3.505340473,1
21929,3.418294652,3.412025121,3.430053301,1
21932,3.541247764,3.320304564,3.252834704,1
21933,3.416562918,3.391124867,3.299957384,1
21937,3.138908239,3.244146676,2.950516132,1
21938,2.355587241,2.775428543,3.045969193,1
21940,3.248584723,3.373454941,3.280339397,1
21945,2.495280448,2.290416459,3.457787959,1
21946,2.027712277,1.791106232,3.558945377,1
21949,3.532011849,3.433936995,3.26542025,1
21951,3.101964581,3.309320764,3.31739611,1
21955,3.491027479,3.167903915,3.519074298,1
21956,3.039044913,2.955527022,3.344159977,1
21957,3.598972229,3.547963787,3.549284548,1
21959,3.467937693,3.514309397,3.061960993,1
21961,3.280910424,3.035534212,3.43214459,1
21967,3.43041679,3.35356545,3.083487378,1
21971,3.02865451,3.025055365,3.01759403,1
21973,2.995751564,2.72528388,3.545863632,1
21976,2.662681398,2.729020017,3.121758736,1
21979,2.684616695,2.56156251,3.297197809,1
21980,3.175851897,3.558217162,2.7478795,1
21983,3.143526196,3.023398193,3.310178462,1
21990,2.007508714,2.036435381,3.518857453,1
21994,3.046549094,2.950976444,3.029275923,1
21997,2.775244106,3.278194569,3.167626643,1
21999,2.460068524,2.905382359,2.457965898,1
22002,3.598972229,3.492762735,3.183771239,1
22004,3.376733037,3.283334973,3.328332547,1
22007,2.140852229,2.67553272,2.971590305,1
22012,3.015377882,2.897685469,3.461921148,1
22013,3.376155792,3.127732288,3.34974858,1
22019,2.862408049,2.695618533,3.201781018,1
22023,3.244544011,3.062643073,3.424345858,1
22030,3.062711944,3.044298447,3.365714915,1
22034,3.444847906,3.278446617,3.487232689,1
22036,3.01133717,3.038005824,3.386994358,1
22038,2.428320068,2.383823336,3.224010415,1
22040,3.294187051,3.211784246,3.34546028,1
22056,2.832391327,2.976399842,3.382217576,1
22062,2.629201208,2.849563189,3.060703133,1
22065,3.575305199,3.508943521,3.196846811,1
22068,3.37096059,3.361375504,3.44429413,1
22069,3.582232134,3.165881531,3.550459837,1
22079,3.223185959,2.922574766,3.382742328,1
22081,3.284373892,2.999238464,3.564439061,1
22082,2.406962015,2.504366508,3.018171256,1
22084,2.738300448,2.547122911,3.432685547,1
22089,3.007873702,2.965275444,3.452396138,1
22098,2.800065626,3.591787536,2.045275119,1
22102,2.946108524,3.439106548,2.496221823,1
22107,2.933986386,2.982018623,3.073963911,1
22109,3.557410614,3.491582225,2.979301064,1
22116,3.43041679,3.095707636,3.314926691,1
22119,3.3969366,3.247995121,3.537864259,1
22131,3.241080543,3.003200073,3.495533794,1
22134,3.17123394,3.246871193,3.182411516,1
22135,3.156225578,3.238696784,3.311525067,1
22139,2.583021635,3.320304564,2.724873008,1
22161,3.573573465,3.597068538,3.090900264,1
22163,3.375001303,3.273361937,3.313421889,1
22167,3.421180875,3.331428962,3.330488658,1
22168,3.142948951,2.879397425,3.418156105,1
22174,2.648250281,3.255158767,3.289483963,1
22178,2.019053607,2.317328997,2.905476252,1
22183,3.52219869,3.386040187,3.531655986,1
22186,3.083492752,3.172118429,2.976918075,1
22195,2.568013274,2.615864248,3.40883868,1
22198,2.746959118,2.968084835,2.960129116,1
22199,3.547597455,3.455034429,3.581149308,1
22200,3.009605436,3.069188601,2.952260931,1
22214,3.21221831,3.149250659,3.452968734,1
22217,2.630932942,2.918782903,3.339185642,1
22218,3.209909331,3.30330848,3.371325897,1
22219,2.593412039,2.598897312,3.586394508,1
22220,3.093305911,3.491694532,3.571895162,1
22221,1.956133939,1.967243959,3.063001236,1
22222,3.045394605,2.85386172,2.973235555,1
22229,2.345774082,2.823774579,2.77025552,1
22231,2.545500733,2.707445064,2.981312869,1
22232,2.509134319,2.607773855,2.831907642,1
22234,3.302268476,3.472255127,2.989678796,1
22236,3.007873702,3.042922472,2.926339752,1
22237,3.176429141,2.958336412,3.569610178,1
22240,3.154493845,3.173100902,2.88422459,1
22243,3.054053274,2.89903401,3.594178578,1
22247,3.354220495,3.392753747,3.48624415,1
22252,3.481791564,3.297858588,3.101038771,1
22254,3.22087698,3.256029789,3.061936299,1
22255,2.962848619,2.9408911,3.209024903,1
22257,3.087533464,3.386011896,3.128709378,1
22259,2.389644676,2.672329826,2.956461257,1
22262,3.440807194,3.456495278,3.054764953,1
22272,3.550483678,3.282463951,3.339858559,1
22277,3.211641065,3.008762272,3.457540245,1
22279,1.878205911,1.83950885,3.127101169,1
22290,2.215894034,2.565382664,3.54894809,1
22295,2.667299355,2.74348705,2.856195917,1
22298,2.786788999,2.625247458,3.250104453,1
22301,2.8191147,2.70182714,3.467528272,1
22320,2.789097977,3.036826171,3.015858491,1
22321,2.612461113,2.761129542,3.143438688,1
22322,3.327089997,3.145795717,3.555464268,1
22328,3.344407336,3.113742775,3.595369301,1
22332,2.5760947,2.569203675,3.32381737,1
22340,2.438133227,2.615218697,2.88877758,1
22348,3.20355964,3.309151875,3.108896924,1
22349,3.48121432,3.256422435,3.567802101,1
22351,2.599184486,2.811919757,3.0654367,1
22354,2.936872609,2.87585761,3.398802809,1
22360,3.274560733,3.29381382,3.173041615,1
22366,3.446002396,3.148858013,3.344706336,1
22369,2.345774082,2.386857341,2.825004845,1
22370,2.731373512,3.010560042,3.180382734,1
22372,2.882034367,2.874509068,3.110118514,1
22378,2.76831717,2.746689944,3.322522468,1
22381,2.900506196,2.926255179,3.133872006,1
22384,2.839318263,2.69443888,3.321515409,1
22385,3.365188144,3.306370775,3.222398348,1
22390,2.681730472,2.926985603,2.769271611,1
22397,2.792561445,2.954431385,2.756979308,1
22400,2.782748286,2.787789175,3.544104943,1
22401,3.073102348,2.759921599,3.597126447,1
22403,2.730796267,3.144475467,2.812422385,1
22408,1.877051421,2.177879664,3.525196913,1
22409,2.215894034,2.603953701,3.356900634,1
22415,3.459856267,3.268025209,3.600692442,1
22418,2.953612704,2.962774684,3.260765396,1
22420,2.587639593,2.625190876,3.233420444,1
22421,2.794870424,2.731632228,2.956283768,1
22423,2.468727194,2.54529685,3.2883843,1
22432,2.801220115,2.77784443,3.241368113,1
22433,3.4887185,3.502622607,3.379787514,1
22440,3.329398975,3.412952725,3.418372951,1
22452,2.990556362,3.282604549,3.315282442,1
22461,3.482946054,3.504364652,2.835786944,1
22463,3.011914415,3.099162578,2.850297865,1
22465,3.089842443,2.952324985,3.329340379,1
22468,3.066752657,3.177933533,2.784598983,1
22469,2.858367336,2.606650785,3.467310654,1
22471,3.088110709,3.335558603,3.565291783,1
22478,3.526816647,3.385618393,3.201953105,1
22479,3.570109997,3.591928134,3.015928716,1
22481,3.104273559,2.744414655,3.481350071,1
22488,3.570109997,3.467591385,3.399336049,1
22490,2.966312087,3.166668537,3.405057383,1
22497,3.121590899,3.205575639,2.953007158,1
22506,3.118127431,3.313365532,3.057109357,1
22510,3.20471413,3.251366047,2.842306209,1
22511,3.276869712,3.211335018,3.151474331,1
22525,3.16142078,3.071295001,2.976759878,1
22529,3.134867526,3.36966222,2.403915727,1
22551,3.257243393,3.440370216,3.222111278,1
22555,2.419084153,2.360338306,3.371061206,1
22559,3.081761018,3.253445013,2.618621642,1
22562,2.93571812,2.937436159,3.07524878,1
22570,3.08580173,3.463602342,3.300973704,1
22574,2.898197217,2.530436315,3.447025924,1
22576,2.570899498,2.593784342,3.335280102,1
22581,2.990556362,3.272688095,3.14403212,1
22584,2.871066719,2.960921189,2.988718038,1
22587,3.058093987,3.473547087,3.166741511,1
22589,2.040411659,2.656149039,2.29313375,1
22590,3.451197598,3.592405653,2.699457288,1
22601,2.948994747,2.972691995,3.510273908,1
22604,1.79623717,1.954742728,2.842356369,1
22614,3.211641065,2.987608256,3.503158896,1
22615,2.715787906,2.616341767,3.443549446,1
22621,2.803529094,2.583614982,3.447097691,1
22624,3.316122348,3.516415797,2.875384071,1
22628,3.181047099,3.125091787,3.44275383,1
22633,3.380196505,3.54127766,3.205928098,1
22635,3.532589094,3.51877596,2.797527161,1
22637,2.026557787,2.201111789,3.42585992,1
22639,3.193169236,3.111439195,3.37812683,1
22647,3.551638168,3.327523934,3.332660975,1
22652,3.05232154,3.178888572,2.66237974,1
22655,3.447156885,3.292745617,3.112597193,1
22660,3.117550187,3.022639478,3.572256315,1
22666,2.706551992,2.439557632,3.566297299,1
22674,2.763121968,2.749695657,3.285774433,1
22677,3.077720305,2.853300185,3.54243114,1
22679,2.181259355,2.167316802,2.952331926,1
22681,2.274772989,2.201616742,3.465985657,1
22683,2.861830804,2.736689474,3.367646463,1
22688,2.393685388,2.071775234,3.566059617,1
22691,2.688080163,2.560860377,3.111688139,1
22696,3.534320828,3.561925009,3.0608567,1
22697,3.362879165,3.265215819,3.414965154,1
22701,2.631510186,3.212935607,2.738903935,1
22702,3.192014747,3.299600633,3.310182321,1
22704,2.073314604,2.228135777,2.891991683,1
22705,2.127575602,2.138465896,3.256782687,1
22712,3.374424058,3.357217572,3.373698854,1
22715,2.671917312,2.813549495,3.453711103,1
22717,2.413888951,2.434894747,3.319028241,1
22718,2.518370234,2.631146578,3.44131848,1
22723,3.398668334,3.410031028,3.064450476,1
22727,3.228958405,3.279907465,3.174638249,1
22729,3.591468049,3.498043738,3.063101556,1
22731,3.0944604,3.091970641,3.172338603,1
22732,2.368863868,2.351938425,3.413929541,1
22744,3.220299735,3.042444952,3.372766648,1
22749,2.315180115,2.439277293,3.186850296,1
22751,3.228958405,3.243893771,3.138828592,1
22755,2.859521825,2.764331579,3.596865614,1
22758,3.226072182,3.113573886,3.150437175,1
22760,3.202982396,3.300106443,3.070480487,1
22762,2.764853702,2.788687632,3.47634564,1
22767,3.066175412,3.1711351,3.107546461,1
22771,3.164307004,2.997384969,3.283825907,1
22774,3.181047099,3.010138247,3.587264978,1
22776,3.141217217,3.192569455,2.931374279,1
22778,2.55877736,2.488775548,3.500297457,1
22780,2.450255365,2.551083663,3.158357063,1
22781,3.396359355,3.025954679,3.601001891,1
22783,2.987092894,3.252153053,3.53100622,1
22785,2.128730091,2.552432205,2.90596319,1
22787,2.48315831,2.327779553,3.539488673,1
22789,2.268423298,2.299714796,3.25219497,1
22790,2.98651565,3.175292175,3.363328839,1
22805,3.076565816,3.149756469,3.266830134,1
22806,3.435034747,3.456074341,2.839738785,1
22808,2.47449964,2.490657334,3.133752394,1
22809,2.293244818,2.377108918,3.040622902,1
22811,3.533743583,3.235522181,3.35722706,1
22814,3.458701778,3.314067665,3.135088967,1
22817,2.720405863,3.029606801,3.028170087,1
22823,3.007873702,2.877290168,3.402763911,1
22824,2.375213559,2.349916041,3.223618395,1
22826,2.659795175,2.548808374,3.065019214,1
22829,3.582232134,3.457394591,3.420798383,1
22840,3.118127431,2.879846653,3.298445637,1
22841,2.737145958,2.892319593,3.590930521,1
22844,3.589736315,3.528270619,3.255611256,1
22846,2.116607954,2.189059787,3.297018776,1
22851,2.808724296,2.74348705,3.019225389,1
22979,3.58915907,3.568976348,2.900720306,0
22980,2.808724296,3.2046206,2.873160823,0
23256,2.406962015,3.396855955,3.349373537,0
23655,2.913205578,3.540547236,2.552654211,0
23781,2.899351707,3.291481949,2.923640369,0
23878,3.442538928,3.396995696,3.161413741,0
23965,3.130249569,3.426661042,3.343499408,0
24187,3.009028191,3.392445117,2.513418236,0
24316,2.91955527,2.853300185,3.496416611,0
24373,3.000946766,3.166977167,3.136144643,0
24404,2.879725388,3.203946758,2.736480047,0
24441,3.076565816,3.036179763,3.248870515,0
24493,3.545865721,3.577095032,2.975856997,1
24494,3.470246671,3.273418519,3.310555049,1
24500,3.026922776,3.077756514,3.121389095,1
24501,3.425221588,3.337103467,3.165277609,1
24508,3.386546196,3.297297053,3.32454199,1
24512,3.115818453,3.237881486,2.866396931,1
24513,2.853172134,3.07343055,2.643668492,1
24518,3.450043108,3.591646938,3.256268739,1
24520,3.153339355,3.130317064,3.102930963,1
24521,3.257820638,2.991400976,3.457113499,1
24549,2.614192847,3.177174818,2.517497407,1
24558,3.265324818,3.093291749,3.504990124,1
24559,3.050012562,2.961145803,3.292307588,1
24569,3.219722491,2.997384969,3.306735167,1
24572,2.783902776,2.637524075,3.227237637,1
24583,2.321529806,2.46436377,3.377287228,1
24591,3.57299622,3.236899014,3.55793523,1
24594,2.547232467,3.063429222,2.183555615,1
24596,3.396359355,3.203693853,3.24373181,1
24597,2.83527755,2.677471088,3.398827503,1
24600,3.537207051,3.491245304,3.408192001,1
24612,2.33192021,2.341460436,3.46471082,1
24618,3.016532372,2.981596829,3.155168427,1
24620,2.317489094,2.548752649,2.734829395,1
24626,3.550483678,3.224875303,3.347996065,1
24630,2.917246291,2.943447586,3.116384664,1
24633,2.404075792,2.43888379,3.12587572,1
24635,2.437555982,2.418151568,3.560386128,1
24641,3.417717408,3.311061952,3.311582172,1
24646,3.222608714,3.166695971,3.481636369,1
24651,3.406172514,3.386124203,3.115084361,1
24658,2.885497835,2.882852367,3.350855188,1
24667,2.901660685,2.860519555,3.310889192,1
24669,3.083492752,3.302718653,2.803899033,1
24671,2.498166671,2.849450882,2.504350068,1
24672,3.267056552,3.367948466,3.120688398,1
24673,3.246852989,2.927181926,3.589951242,1
24680,2.939758833,3.195491153,3.051088606,1
24681,2.966889331,3.144700081,2.941282821,1
24684,1.773147383,2.047812684,3.037197355,1
24686,2.877993654,3.085846907,3.126381179,1
24689,3.428685056,3.141413171,3.471380565,1
24690,3.429262301,3.577123323,2.777281015,1
24691,2.896465483,3.040562309,3.133120377,1
24692,2.616501825,2.912827201,2.759022752,1
24695,2.858944581,2.675392121,3.354851016,1
24699,3.004410234,2.796159907,3.518955458,1
24701,3.352488761,3.305696076,3.279869436,1
24703,3.263593084,3.250860236,3.178423405,1
24704,2.6678766,3.244118385,2.463195664,1
24707,2.77697584,2.882094509,3.419761228,1
24711,2.978434225,2.892376175,3.233520764,1
24724,2.880302633,2.923726984,3.108819755,1
24728,3.596663251,3.350784351,3.234271621,1
24731,3.394050377,3.436409464,3.415201292,1
24733,2.844513464,2.937689064,3.129999649,1
24736,3.531434605,3.371404265,3.393198,1
24738,3.478905341,3.300386782,3.388225209,1
24742,2.686348429,2.939515125,2.712115374,1
24743,2.090054699,2.363596924,2.87654547,1
24744,2.671917312,2.86846935,2.685172473,1
24747,3.340366624,3.425285067,3.362651292,1
24752,3.208754842,3.008733981,3.495137144,1
24759,3.349025293,3.249484261,3.290236364,1
24761,3.314390614,3.39840082,3.079540939,1
24770,3.437343726,3.164673587,3.285347686,1
24779,3.350757027,3.368594875,3.232350877,1
24781,2.785057265,2.728373609,3.422883499,1
24788,3.525662158,3.525461229,2.930448247,1
24796,3.483523298,3.43090299,3.320666546,1
24798,2.570322253,3.026319891,3.552005539,1
24802,3.459856267,3.427616938,3.581398565,1
24803,2.610152134,2.95386985,3.045832603,1
24804,3.503726861,3.359998671,3.435715215,1
24810,3.235308096,3.058485141,3.325528986,1
24811,2.813919498,3.131665606,3.029447239,1
24812,3.417717408,3.29330801,3.598184438,1
24814,2.635550899,2.941537509,3.356618966,1
24815,2.995751564,2.783631243,3.342967711,1
24819,3.104273559,3.030111754,3.21945048,1
24825,3.126208856,3.241027798,3.309193782,1
24827,3.234730852,3.312916304,2.925478542,1
24829,2.885497835,2.8220051,3.380755217,1
24834,2.473345151,2.847232175,2.935751324,1
24843,3.074834082,2.928137822,3.429641989,1
24848,3.198941683,3.08542597,3.269033318,1
24850,2.471613417,2.802480822,2.517419466,1
24852,2.799488381,2.597773385,3.390622088,1
24855,2.625160495,2.664885841,3.43697076,1
24857,3.500263393,3.320529178,3.473346839,1
24859,2.912051089,3.001092816,3.113355768,1
24865,3.088110709,2.987805436,3.521728923,1
24866,2.806415317,2.89392104,3.234668272,1
24875,3.446002396,3.422026448,3.349668324,1
24884,2.802951849,2.752223851,3.55942074,1
24885,2.925327716,2.720030311,3.34627596,1
24888,2.842204486,3.043624605,2.802357961,1
24891,3.346716315,3.230633825,3.274306299,1
24895,3.458701778,3.155122345,3.493464112,1
24897,3.231844628,3.261563697,3.137775231,1
24898,3.000946766,2.812229244,3.521450342,1
24906,3.354220495,3.184787692,3.588221106,1
24910,3.175274652,3.034269686,3.489729117,1
24913,3.538938785,3.438516722,3.47665123,1
24917,2.682884961,2.789221733,3.094101248,1
24920,3.352488761,3.310106913,3.19263568,1
24922,2.611306624,2.83498385,2.884901365,1
24925,3.19490097,3.393653061,3.453669432,1
24927,2.7596585,2.666093785,3.268642841,1
24930,2.648827526,2.571703578,3.499939391,1
24937,2.012703916,2.134252238,3.004536207,1
24948,3.242235032,3.290751524,3.382623487,1
24951,3.567801018,3.466889251,3.343551883,1
24957,2.761967479,3.292577585,3.024224419,1
24965,3.350179783,3.218048578,3.55137275,1
24966,2.857790091,2.932941305,3.546688572,1
24968,3.174120163,3.305864965,3.074203136,1
24973,2.679998738,2.874874281,3.292519804,1
24977,2.574362966,2.481780791,3.521720435,1
24978,2.354432752,2.693904779,2.978842678,1
24979,3.182201588,3.367078301,2.70964827,1
24981,2.940336077,3.040309404,3.163166256,1
24988,2.819691944,3.123069403,3.033664543,1
24989,2.800065626,2.722278166,3.430399792,1
24993,2.546655222,2.637467493,3.103645551,1
25000,2.95303546,2.905551248,3.50526639,1
25002,3.413676695,3.30561206,3.593280327,1
25007,3.168347716,3.257574654,3.103688766,1
25011,3.243389521,3.235943118,3.155835941,1
25027,2.438133227,2.721294836,3.440007373,1
25055,2.793715935,2.887010299,3.249598994,1
25058,3.260706861,3.453714178,2.741374126,1
25061,3.485255032,3.328423248,3.414019829,1
25066,3.035581445,3.079862914,3.331942529,1
25072,2.932831897,2.848720458,3.321417404,1
25086,2.921864248,2.658424329,3.595059852,1
25090,2.480849331,2.556618428,3.089017333,1
25096,3.415985674,3.44256149,3.135741047,1
25100,3.570109997,3.38463592,3.515377887,1
25102,3.297650519,3.213638598,3.307948269,1
25105,3.495645436,3.448825822,3.177128503,1
25108,3.077720305,3.021375809,3.205734403,1
25110,3.435611992,3.389832907,2.925144399,1
25113,3.256088904,3.548413015,3.122300465,1
25116,2.924750472,2.769725746,3.003570047,1
25118,2.626892229,2.659969193,3.514159384,1
25120,2.343465103,2.944543222,3.026040213,1
25122,3.287260115,3.2326845,3.295564906,1
25124,3.208177597,3.170207495,3.340874107,1
25125,3.255511659,3.223948555,3.15672416,1
25135,3.248584723,3.125653322,3.345794424,1
25137,3.604744676,3.336794837,3.486439388,1
25142,2.744072894,2.642327558,3.575289841,1
25145,3.493336457,3.38443874,3.257903186,1
25148,1.950361493,2.303198886,2.424789259,1
25159,3.29534154,3.512033251,2.843132693,1
25161,2.797179403,3.517062206,2.655043251,1
25164,3.003255745,3.133884313,3.580296587,1
25165,2.274772989,2.472032369,3.523073985,1
25167,3.436189236,3.214565345,3.43435472,1
25168,3.368074367,3.242685827,3.286674227,1
25169,3.320163061,3.166303325,3.382955315,1
25178,2.931100163,2.975810016,3.057114759,1
25187,2.78448002,2.678397835,3.343500951,1
25190,2.714056172,2.634039985,3.177666373,1
25191,2.670762823,2.93530061,3.107046403,1
25204,3.223763203,3.106634854,3.238559921,1
25205,2.755617787,2.983843827,3.0417434,1
25206,2.959962396,2.598728423,3.569385616,1
25207,3.567801018,3.438825352,3.322908315,1
25216,3.563760305,3.589764294,3.249481696,1
25220,2.61707907,2.860940492,3.130677968,1
25223,3.293032562,3.241280703,3.57332511,1
25226,3.033272467,3.282661131,2.793692617,1
25228,3.152762111,3.267575124,2.994186256,1
25229,1.929003441,2.379103868,2.914433296,1
25232,3.181047099,3.008312186,3.481736689,1
25243,2.721560353,3.080733936,2.926073518,1
25244,1.952093227,2.014832137,3.426468014,1
25247,3.383082728,3.384157544,3.392420134,1
25250,3.515271754,3.541193644,3.410825791,1
25258,3.478905341,3.29920713,3.342749322,1
25260,3.222031469,3.150290571,3.184448014,1
25261,3.365765388,3.403710113,3.332439499,1
25266,2.543191754,2.930019608,2.814925759,1
25270,2.855481113,3.067305958,3.020967101,1
25274,3.190860258,2.890072595,3.444281011,1
25276,2.480272087,2.422842744,3.173148109,1
25279,3.273983488,3.497987155,3.428932031,1
25290,3.173542918,3.078711552,3.305671002,1
25292,3.356529474,3.388680688,2.959231636,1
25308,3.252048191,3.476187588,2.938788709,1
25310,3.465628714,3.263838986,3.592289473,1
25326,3.233576362,3.064019049,3.594718764,1
25329,2.427742823,2.683089011,2.662004697,1
25330,3.286682871,3.277969097,3.494133171,1
25332,2.958807906,3.222936935,2.914849239,1
25338,3.439652704,3.154673117,3.550979958,1
25346,2.887229569,3.115905757,2.633164974,1
25348,3.560296837,3.427391467,3.468063055,1
25353,3.430994035,3.516837592,2.954670157,1
25354,3.280910424,3.068064674,3.35113377,1
25355,3.197787194,3.099556081,3.517248472,1
25362,2.051379308,2.872935913,1.917424829,1
25367,2.305366956,2.353370983,3.02398365,1
25369,2.951303726,2.727165665,3.399534374,1
25371,2.754463298,2.945751166,3.047111299,1
25374,3.096192134,3.139109591,3.088602162,1
25375,2.688080163,2.906000476,3.323440783,1
25380,2.930522918,3.061041626,2.799521217,1
25385,2.241292799,2.721182529,2.116115793,1
25388,3.57299622,3.597714947,3.076603102,1
25389,3.17007945,3.114500633,3.283607518,1
25402,3.317276837,3.164224359,3.279202693,1
25413,3.565492039,3.411322987,3.538833506,1
25416,3.312081636,3.172511075,3.515918844,1
25418,2.861253559,2.657525015,3.357815862,1
25419,3.175851897,3.224791287,3.28254181,1
25431,2.300171754,2.156529325,3.524317183,1
25433,3.504304106,3.404861475,3.423834997,1
25438,3.111200495,3.12908083,3.187134279,1
25439,3.328244486,3.38772565,3.043029813,1
25449,2.591103061,2.58864308,3.59426578,1
25451,3.055207764,2.88195391,3.270217867,1
25452,2.412734462,2.446945892,3.484159806,1
25453,2.446214652,2.647075317,2.853325218,1
25462,2.754463298,3.038764539,2.846180881,1
25465,3.210486576,2.910972848,3.361695164,1
25466,3.381928239,3.422503967,3.269669965,1
25467,3.326512752,3.587011486,2.982367002,1
25468,3.410213227,3.476581091,3.484473114,1
25472,2.730219023,3.254849279,2.420321155,1
25474,2.91955527,2.933053612,3.174618957,1
25478,3.247430234,3.289655888,2.942701965,1
25480,2.076200828,2.161838619,3.500207169,1
25491,3.263593084,3.255720302,3.231292885,1
25493,3.101387336,3.036179763,3.046920691,1
25497,3.151030377,3.303617967,2.794693503,1
25501,2.766585436,2.900662891,3.21441055,1
25504,2.805260828,2.798772975,3.114330417,1
25505,3.208754842,2.944880143,3.577351806,1
25512,2.824887146,2.628449495,3.498200766,1
25518,3.478328096,3.324237025,3.546572046,1
25522,3.144103441,2.874677958,3.484016271,1
25524,2.781593797,2.832174459,3.40622264,1
25530,3.331130709,3.483885335,2.999522516,1
25532,2.537419308,2.646120278,3.03382737,1
25533,2.702511279,2.899258624,3.556916595,1
25537,2.979588714,2.970640463,3.009021289,1
25541,3.570109997,3.443236189,3.210546682,1
25542,2.977279735,3.020869999,3.063635568,1
25549,3.592045294,3.301286096,3.341010697,1
25561,3.098501113,2.925355865,3.327425036,1
25565,3.114086719,3.366881121,2.579704377,1
25574,3.332285198,3.586309353,2.850801009,1
25578,2.502784628,2.953082843,2.611721932,1
25588,3.093305911,3.104669052,3.358912438,1
25589,3.398091089,3.331260072,3.156674,1
25590,2.84393622,3.105567508,3.584902825,1
25593,3.356529474,3.282463951,3.211889428,1
25603,3.35479774,3.230409211,3.376057149,1
25610,2.898774462,3.064806055,3.031287728,1
25611,3.46389698,3.33288981,2.972622059,1
25619,3.465628714,3.541081337,3.054388367,1
25621,2.99401983,2.902601259,3.280206666,1
25631,3.146412419,3.248023412,3.186640395,1
25636,3.278601445,3.400394912,3.604962221,1
25637,3.603012942,3.449023002,3.34993533,1
25640,2.727332799,2.963898611,2.980923935,1
25643,3.313813369,3.295864495,3.45210984,1
25644,2.613038357,2.48534804,3.340718225,1
25648,3.324203773,3.569369851,2.866585224,1
25650,3.560296837,3.480879622,3.262619775,1
25651,2.950149236,2.771101721,3.31663985,1
25654,3.327089997,3.27802568,3.08710662,1
25657,2.906278643,2.696741603,3.525953173,1
25659,2.890693037,3.15026228,2.958547144,1
25661,3.338057645,3.297549958,3.106860425,1
25663,3.444847906,3.405170962,3.026821167,1
25667,2.437555982,2.255582417,3.427779893,1
25669,3.454083821,3.142143595,3.343840496,1
25670,2.777553084,2.786159437,3.440199525,1
25676,3.073679593,3.269598365,3.277452492,1
25677,2.862985293,2.948195344,3.040224708,1
25678,3.317276837,3.301959938,3.272579249,1
25679,3.465628714,3.593136077,2.838513336,1
25680,2.518947479,2.808015587,2.912250947,1
25687,3.232999118,3.19282236,3.095260331,1
25698,3.025768286,3.26524411,2.975495073,1
25704,2.670185578,2.956763256,2.825383746,1
25705,2.957653417,3.066547243,3.353674184,1
25706,3.009028191,3.172118429,2.774298421,1
25707,2.732528001,2.841192457,3.449641964,1
25709,3.140062728,3.017864286,3.256119031,1
25714,1.862620305,2.012275651,3.460794476,1
25716,3.133135792,3.022218541,3.254487671,1
25723,2.85259489,2.86405937,3.078692076,1
25724,2.539728286,2.869846183,2.763547961,1
25725,3.291300828,3.199733101,3.35555017,1
25726,2.557045626,2.489730586,3.505340473,1
25739,3.418294652,3.412025121,3.430053301,1
25742,3.541247764,3.320304564,3.252834704,1
25743,3.416562918,3.391124867,3.299957384,1
25747,3.138908239,3.244146676,2.950516132,1
25748,2.355587241,2.775428543,3.045969193,1
25750,3.248584723,3.373454941,3.280339397,1
25755,2.495280448,2.290416459,3.457787959,1
25756,2.027712277,1.791106232,3.558945377,1
25759,3.532011849,3.433936995,3.26542025,1
25761,3.101964581,3.309320764,3.31739611,1
25765,3.491027479,3.167903915,3.519074298,1
25766,3.039044913,2.955527022,3.344159977,1
25767,3.598972229,3.547963787,3.549284548,1
25769,3.467937693,3.514309397,3.061960993,1
25771,3.280910424,3.035534212,3.43214459,1
25777,3.43041679,3.35356545,3.083487378,1
25781,3.02865451,3.025055365,3.01759403,1
25783,2.995751564,2.72528388,3.545863632,1
25786,2.662681398,2.729020017,3.121758736,1
25789,2.684616695,2.56156251,3.297197809,1
25790,3.175851897,3.558217162,2.7478795,1
25793,3.143526196,3.023398193,3.310178462,1
25800,2.007508714,2.036435381,3.518857453,1
25804,3.046549094,2.950976444,3.029275923,1
25807,2.775244106,3.278194569,3.167626643,1
25809,2.460068524,2.905382359,2.457965898,1
25812,3.598972229,3.492762735,3.183771239,1
25814,3.376733037,3.283334973,3.328332547,1
25817,2.140852229,2.67553272,2.971590305,1
25822,3.015377882,2.897685469,3.461921148,1
25823,3.376155792,3.127732288,3.34974858,1
25829,2.862408049,2.695618533,3.201781018,1
25833,3.244544011,3.062643073,3.424345858,1
25840,3.062711944,3.044298447,3.365714915,1
25844,3.444847906,3.278446617,3.487232689,1
25846,3.01133717,3.038005824,3.386994358,1
25848,2.428320068,2.383823336,3.224010415,1
25850,3.294187051,3.211784246,3.34546028,1
25866,2.832391327,2.976399842,3.382217576,1
25872,2.629201208,2.849563189,3.060703133,1
25875,3.575305199,3.508943521,3.196846811,1
25878,3.37096059,3.361375504,3.44429413,1
25879,3.582232134,3.165881531,3.550459837,1
25889,3.223185959,2.922574766,3.382742328,1
25891,3.284373892,2.999238464,3.564439061,1
25892,2.406962015,2.504366508,3.018171256,1
25894,2.738300448,2.547122911,3.432685547,1
25899,3.007873702,2.965275444,3.452396138,1
25908,2.800065626,3.591787536,2.045275119,1
25912,2.946108524,3.439106548,2.496221823,1
25917,2.933986386,2.982018623,3.073963911,1
25919,3.557410614,3.491582225,2.979301064,1
25926,3.43041679,3.095707636,3.314926691,1
25929,3.3969366,3.247995121,3.537864259,1
25941,3.241080543,3.003200073,3.495533794,1
25944,3.17123394,3.246871193,3.182411516,1
25945,3.156225578,3.238696784,3.311525067,1
25949,2.583021635,3.320304564,2.724873008,1
25971,3.573573465,3.597068538,3.090900264,1
25973,3.375001303,3.273361937,3.313421889,1
25977,3.421180875,3.331428962,3.330488658,1
25978,3.142948951,2.879397425,3.418156105,1
25984,2.648250281,3.255158767,3.289483963,1
25988,2.019053607,2.317328997,2.905476252,1
25993,3.52219869,3.386040187,3.531655986,1
25996,3.083492752,3.172118429,2.976918075,1
26005,2.568013274,2.615864248,3.40883868,1
26008,2.746959118,2.968084835,2.960129116,1
26009,3.547597455,3.455034429,3.581149308,1
26010,3.009605436,3.069188601,2.952260931,1
26024,3.21221831,3.149250659,3.452968734,1
26027,2.630932942,2.918782903,3.339185642,1
26028,3.209909331,3.30330848,3.371325897,1
26029,2.593412039,2.598897312,3.586394508,1
26030,3.093305911,3.491694532,3.571895162,1
26031,1.956133939,1.967243959,3.063001236,1
26032,3.045394605,2.85386172,2.973235555,1
26039,2.345774082,2.823774579,2.77025552,1
26041,2.545500733,2.707445064,2.981312869,1
26042,2.509134319,2.607773855,2.831907642,1
26044,3.302268476,3.472255127,2.989678796,1
26046,3.007873702,3.042922472,2.926339752,1
26047,3.176429141,2.958336412,3.569610178,1
26050,3.154493845,3.173100902,2.88422459,1
26053,3.054053274,2.89903401,3.594178578,1
26057,3.354220495,3.392753747,3.48624415,1
26062,3.481791564,3.297858588,3.101038771,1
26064,3.22087698,3.256029789,3.061936299,1
26065,2.962848619,2.9408911,3.209024903,1
26067,3.087533464,3.386011896,3.128709378,1
26069,2.389644676,2.672329826,2.956461257,1
26072,3.440807194,3.456495278,3.054764953,1
26082,3.550483678,3.282463951,3.339858559,1
26087,3.211641065,3.008762272,3.457540245,1
26089,1.878205911,1.83950885,3.127101169,1
26100,2.215894034,2.565382664,3.54894809,1
26105,2.667299355,2.74348705,2.856195917,1
26108,2.786788999,2.625247458,3.250104453,1
26111,2.8191147,2.70182714,3.467528272,1
26130,2.789097977,3.036826171,3.015858491,1
26131,2.612461113,2.761129542,3.143438688,1
26132,3.327089997,3.145795717,3.555464268,1
26138,3.344407336,3.113742775,3.595369301,1
26142,2.5760947,2.569203675,3.32381737,1
26150,2.438133227,2.615218697,2.88877758,1
26158,3.20355964,3.309151875,3.108896924,1
26159,3.48121432,3.256422435,3.567802101,1
26161,2.599184486,2.811919757,3.0654367,1
26164,2.936872609,2.87585761,3.398802809,1
26170,3.274560733,3.29381382,3.173041615,1
26176,3.446002396,3.148858013,3.344706336,1
26179,2.345774082,2.386857341,2.825004845,1
26180,2.731373512,3.010560042,3.180382734,1
26182,2.882034367,2.874509068,3.110118514,1
26188,2.76831717,2.746689944,3.322522468,1
26191,2.900506196,2.926255179,3.133872006,1
26194,2.839318263,2.69443888,3.321515409,1
26195,3.365188144,3.306370775,3.222398348,1
26200,2.681730472,2.926985603,2.769271611,1
26207,2.792561445,2.954431385,2.756979308,1
26210,2.782748286,2.787789175,3.544104943,1
26211,3.073102348,2.759921599,3.597126447,1
26213,2.730796267,3.144475467,2.812422385,1
26218,1.877051421,2.177879664,3.525196913,1
26219,2.215894034,2.603953701,3.356900634,1
26225,3.459856267,3.268025209,3.600692442,1
26228,2.953612704,2.962774684,3.260765396,1
26230,2.587639593,2.625190876,3.233420444,1
26231,2.794870424,2.731632228,2.956283768,1
26233,2.468727194,2.54529685,3.2883843,1
26242,2.801220115,2.77784443,3.241368113,1
26243,3.4887185,3.502622607,3.379787514,1
26250,3.329398975,3.412952725,3.418372951,1
26262,2.990556362,3.282604549,3.315282442,1
26271,3.482946054,3.504364652,2.835786944,1
26273,3.011914415,3.099162578,2.850297865,1
26275,3.089842443,2.952324985,3.329340379,1
26278,3.066752657,3.177933533,2.784598983,1
26279,2.858367336,2.606650785,3.467310654,1
26281,3.088110709,3.335558603,3.565291783,1
26288,3.526816647,3.385618393,3.201953105,1
26289,3.570109997,3.591928134,3.015928716,1
26291,3.104273559,2.744414655,3.481350071,1
26298,3.570109997,3.467591385,3.399336049,1
26300,2.966312087,3.166668537,3.405057383,1
26307,3.121590899,3.205575639,2.953007158,1
26316,3.118127431,3.313365532,3.057109357,1
26320,3.20471413,3.251366047,2.842306209,1
26321,3.276869712,3.211335018,3.151474331,1
26335,3.16142078,3.071295001,2.976759878,1
26339,3.134867526,3.36966222,2.403915727,1
26361,3.257243393,3.440370216,3.222111278,1
26365,2.419084153,2.360338306,3.371061206,1
26369,3.081761018,3.253445013,2.618621642,1
26372,2.93571812,2.937436159,3.07524878,1
26380,3.08580173,3.463602342,3.300973704,1
26384,2.898197217,2.530436315,3.447025924,1
26386,2.570899498,2.593784342,3.335280102,1
26391,2.990556362,3.272688095,3.14403212,1
26394,2.871066719,2.960921189,2.988718038,1
26397,3.058093987,3.473547087,3.166741511,1
26399,2.040411659,2.656149039,2.29313375,1
26400,3.451197598,3.592405653,2.699457288,1
26411,2.948994747,2.972691995,3.510273908,1
26414,1.79623717,1.954742728,2.842356369,1
26424,3.211641065,2.987608256,3.503158896,1
26425,2.715787906,2.616341767,3.443549446,1
26431,2.803529094,2.583614982,3.447097691,1
26434,3.316122348,3.516415797,2.875384071,1
26438,3.181047099,3.125091787,3.44275383,1
26443,3.380196505,3.54127766,3.205928098,1
26445,3.532589094,3.51877596,2.797527161,1
26447,2.026557787,2.201111789,3.42585992,1
26449,3.193169236,3.111439195,3.37812683,1
26457,3.551638168,3.327523934,3.332660975,1
26462,3.05232154,3.178888572,2.66237974,1
26465,3.447156885,3.292745617,3.112597193,1
26470,3.117550187,3.022639478,3.572256315,1
26476,2.706551992,2.439557632,3.566297299,1
26484,2.763121968,2.749695657,3.285774433,1
26487,3.077720305,2.853300185,3.54243114,1
26489,2.181259355,2.167316802,2.952331926,1
26491,2.274772989,2.201616742,3.465985657,1
26493,2.861830804,2.736689474,3.367646463,1
26498,2.393685388,2.071775234,3.566059617,1
26501,2.688080163,2.560860377,3.111688139,1
26506,3.534320828,3.561925009,3.0608567,1
26507,3.362879165,3.265215819,3.414965154,1
26511,2.631510186,3.212935607,2.738903935,1
26512,3.192014747,3.299600633,3.310182321,1
26514,2.073314604,2.228135777,2.891991683,1
26515,2.127575602,2.138465896,3.256782687,1
26522,3.374424058,3.357217572,3.373698854,1
26525,2.671917312,2.813549495,3.453711103,1
26527,2.413888951,2.434894747,3.319028241,1
26528,2.518370234,2.631146578,3.44131848,1
26533,3.398668334,3.410031028,3.064450476,1
26537,3.228958405,3.279907465,3.174638249,1
26539,3.591468049,3.498043738,3.063101556,1
26541,3.0944604,3.091970641,3.172338603,1
26542,2.368863868,2.351938425,3.413929541,1
26554,3.220299735,3.042444952,3.372766648,1
26559,2.315180115,2.439277293,3.186850296,1
26561,3.228958405,3.243893771,3.138828592,1
26565,2.859521825,2.764331579,3.596865614,1
26568,3.226072182,3.113573886,3.150437175,1
26570,3.202982396,3.300106443,3.070480487,1
26572,2.764853702,2.788687632,3.47634564,1
26577,3.066175412,3.1711351,3.107546461,1
26581,3.164307004,2.997384969,3.283825907,1
26584,3.181047099,3.010138247,3.587264978,1
26586,3.141217217,3.192569455,2.931374279,1
26588,2.55877736,2.488775548,3.500297457,1
26590,2.450255365,2.551083663,3.158357063,1
26591,3.396359355,3.025954679,3.601001891,1
26593,2.987092894,3.252153053,3.53100622,1
26595,2.128730091,2.552432205,2.90596319,1
26597,2.48315831,2.327779553,3.539488673,1
26599,2.268423298,2.299714796,3.25219497,1
26600,2.98651565,3.175292175,3.363328839,1
26615,3.076565816,3.149756469,3.266830134,1
26616,3.435034747,3.456074341,2.839738785,1
26618,2.47449964,2.490657334,3.133752394,1
26619,2.293244818,2.377108918,3.040622902,1
26621,3.533743583,3.235522181,3.35722706,1
26624,3.458701778,3.314067665,3.135088967,1
26627,2.720405863,3.029606801,3.028170087,1
26633,3.007873702,2.877290168,3.402763911,1
26634,2.375213559,2.349916041,3.223618395,1
26636,2.659795175,2.548808374,3.065019214,1
26639,3.582232134,3.457394591,3.420798383,1
26650,3.118127431,2.879846653,3.298445637,1
26651,2.737145958,2.892319593,3.590930521,1
26654,3.589736315,3.528270619,3.255611256,1
26656,2.116607954,2.189059787,3.297018776,1
26661,2.808724296,2.74348705,3.019225389,1
26789,3.58915907,3.568976348,2.900720306,0
26790,2.808724296,3.2046206,2.873160823,0
27066,2.406962015,3.396855955,3.349373537,0
27465,2.913205578,3.540547236,2.552654211,0
27591,2.899351707,3.291481949,2.923640369,0
27688,3.442538928,3.396995696,3.161413741,0
27775,3.130249569,3.426661042,3.343499408,0
27997,3.009028191,3.392445117,2.513418236,0
28126,2.91955527,2.853300185,3.496416611,0
28183,3.000946766,3.166977167,3.136144643,0
28214,2.879725388,3.203946758,2.736480047,0
28251,3.076565816,3.036179763,3.248870515,0
28303,3.545865721,3.577095032,2.975856997,1
28304,3.470246671,3.273418519,3.310555049,1
28310,3.026922776,3.077756514,3.121389095,1
28311,3.425221588,3.337103467,3.165277609,1
28318,3.386546196,3.297297053,3.32454199,1
28322,3.115818453,3.237881486,2.866396931,1
28323,2.853172134,3.07343055,2.643668492,1
28328,3.450043108,3.591646938,3.256268739,1
28330,3.153339355,3.130317064,3.102930963,1
28331,3.257820638,2.991400976,3.457113499,1
28359,2.614192847,3.177174818,2.517497407,1
28368,3.265324818,3.093291749,3.504990124,1
28369,3.050012562,2.961145803,3.292307588,1
28379,3.219722491,2.997384969,3.306735167,1
28382,2.783902776,2.637524075,3.227237637,1
28393,2.321529806,2.46436377,3.377287228,1
28401,3.57299622,3.236899014,3.55793523,1
28404,2.547232467,3.063429222,2.183555615,1
28406,3.396359355,3.203693853,3.24373181,1
28407,2.83527755,2.677471088,3.398827503,1
28410,3.537207051,3.491245304,3.408192001,1
28422,2.33192021,2.341460436,3.46471082,1
28428,3.016532372,2.981596829,3.155168427,1
28430,2.317489094,2.548752649,2.734829395,1
28436,3.550483678,3.224875303,3.347996065,1
28440,2.917246291,2.943447586,3.116384664,1
28443,2.404075792,2.43888379,3.12587572,1
28445,2.437555982,2.418151568,3.560386128,1
28451,3.417717408,3.311061952,3.311582172,1
28456,3.222608714,3.166695971,3.481636369,1
28461,3.406172514,3.386124203,3.115084361,1
28468,2.885497835,2.882852367,3.350855188,1
28477,2.901660685,2.860519555,3.310889192,1
28479,3.083492752,3.302718653,2.803899033,1
28481,2.498166671,2.849450882,2.504350068,1
28482,3.267056552,3.367948466,3.120688398,1
28483,3.246852989,2.927181926,3.589951242,1
28490,2.939758833,3.195491153,3.051088606,1
28491,2.966889331,3.144700081,2.941282821,1
28494,1.773147383,2.047812684,3.037197355,1
28496,2.877993654,3.085846907,3.126381179,1
28499,3.428685056,3.141413171,3.471380565,1
28500,3.429262301,3.577123323,2.777281015,1
28501,2.896465483,3.040562309,3.133120377,1
28502,2.616501825,2.912827201,2.759022752,1
28505,2.858944581,2.675392121,3.354851016,1
28509,3.004410234,2.796159907,3.518955458,1
28511,3.352488761,3.305696076,3.279869436,1
28513,3.263593084,3.250860236,3.178423405,1
28514,2.6678766,3.244118385,2.463195664,1
28517,2.77697584,2.882094509,3.419761228,1
28521,2.978434225,2.892376175,3.233520764,1
28534,2.880302633,2.923726984,3.108819755,1
28538,3.596663251,3.350784351,3.234271621,1
28541,3.394050377,3.436409464,3.415201292,1
28543,2.844513464,2.937689064,3.129999649,1
28546,3.531434605,3.371404265,3.393198,1
28548,3.478905341,3.300386782,3.388225209,1
28552,2.686348429,2.939515125,2.712115374,1
28553,2.090054699,2.363596924,2.87654547,1
28554,2.671917312,2.86846935,2.685172473,1
28557,3.340366624,3.425285067,3.362651292,1
28562,3.208754842,3.008733981,3.495137144,1
28569,3.349025293,3.249484261,3.290236364,1
28571,3.314390614,3.39840082,3.079540939,1
28580,3.437343726,3.164673587,3.285347686,1
28589,3.350757027,3.368594875,3.232350877,1
28591,2.785057265,2.728373609,3.422883499,1
28598,3.525662158,3.525461229,2.930448247,1
28606,3.483523298,3.43090299,3.320666546,1
28608,2.570322253,3.026319891,3.552005539,1
28612,3.459856267,3.427616938,3.581398565,1
28613,2.610152134,2.95386985,3.045832603,1
28614,3.503726861,3.359998671,3.435715215,1
28620,3.235308096,3.058485141,3.325528986,1
28621,2.813919498,3.131665606,3.029447239,1
28622,3.417717408,3.29330801,3.598184438,1
28624,2.635550899,2.941537509,3.356618966,1
28625,2.995751564,2.783631243,3.342967711,1
28629,3.104273559,3.030111754,3.21945048,1
28635,3.126208856,3.241027798,3.309193782,1
28637,3.234730852,3.312916304,2.925478542,1
28639,2.885497835,2.8220051,3.380755217,1
28644,2.473345151,2.847232175,2.935751324,1
28653,3.074834082,2.928137822,3.429641989,1
28658,3.198941683,3.08542597,3.269033318,1
28660,2.471613417,2.802480822,2.517419466,1
28662,2.799488381,2.597773385,3.390622088,1
28665,2.625160495,2.664885841,3.43697076,1
28667,3.500263393,3.320529178,3.473346839,1
28669,2.912051089,3.001092816,3.113355768,1
28675,3.088110709,2.987805436,3.521728923,1
28676,2.806415317,2.89392104,3.234668272,1
28685,3.446002396,3.422026448,3.349668324,1
28694,2.802951849,2.752223851,3.55942074,1
28695,2.925327716,2.720030311,3.34627596,1
28698,2.842204486,3.043624605,2.802357961,1
28701,3.346716315,3.230633825,3.274306299,1
28705,3.458701778,3.155122345,3.493464112,1
28707,3.231844628,3.261563697,3.137775231,1
28708,3.000946766,2.812229244,3.521450342,1
28716,3.354220495,3.184787692,3.588221106,1
28720,3.175274652,3.034269686,3.489729117,1
28723,3.538938785,3.438516722,3.47665123,1
28727,2.682884961,2.789221733,3.094101248,1
28730,3.352488761,3.310106913,3.19263568,1
28732,2.611306624,2.83498385,2.884901365,1
28735,3.19490097,3.393653061,3.453669432,1
28737,2.7596585,2.666093785,3.268642841,1
28740,2.648827526,2.571703578,3.499939391,1
28747,2.012703916,2.134252238,3.004536207,1
28758,3.242235032,3.290751524,3.382623487,1
28761,3.567801018,3.466889251,3.343551883,1
28767,2.761967479,3.292577585,3.024224419,1
28775,3.350179783,3.218048578,3.55137275,1
28776,2.857790091,2.932941305,3.546688572,1
28778,3.174120163,3.305864965,3.074203136,1
28783,2.679998738,2.874874281,3.292519804,1
28787,2.574362966,2.481780791,3.521720435,1
28788,2.354432752,2.693904779,2.978842678,1
28789,3.182201588,3.367078301,2.70964827,1
28791,2.940336077,3.040309404,3.163166256,1
28798,2.819691944,3.123069403,3.033664543,1
28799,2.800065626,2.722278166,3.430399792,1
28803,2.546655222,2.637467493,3.103645551,1
28810,2.95303546,2.905551248,3.50526639,1
28812,3.413676695,3.30561206,3.593280327,1
28817,3.168347716,3.257574654,3.103688766,1
28821,3.243389521,3.235943118,3.155835941,1
28837,2.438133227,2.721294836,3.440007373,1
28865,2.793715935,2.887010299,3.249598994,1
28868,3.260706861,3.453714178,2.741374126,1
28871,3.485255032,3.328423248,3.414019829,1
28876,3.035581445,3.079862914,3.331942529,1
28882,2.932831897,2.848720458,3.321417404,1
28896,2.921864248,2.658424329,3.595059852,1
28900,2.480849331,2.556618428,3.089017333,1
28906,3.415985674,3.44256149,3.135741047,1
28910,3.570109997,3.38463592,3.515377887,1
28912,3.297650519,3.213638598,3.307948269,1
28915,3.495645436,3.448825822,3.177128503,1
28918,3.077720305,3.021375809,3.205734403,1
28920,3.435611992,3.389832907,2.925144399,1
28923,3.256088904,3.548413015,3.122300465,1
28926,2.924750472,2.769725746,3.003570047,1
28928,2.626892229,2.659969193,3.514159384,1
28930,2.343465103,2.944543222,3.026040213,1
28932,3.287260115,3.2326845,3.295564906,1
28934,3.208177597,3.170207495,3.340874107,1
28935,3.255511659,3.223948555,3.15672416,1
28945,3.248584723,3.125653322,3.345794424,1
28947,3.604744676,3.336794837,3.486439388,1
28952,2.744072894,2.642327558,3.575289841,1
28955,3.493336457,3.38443874,3.257903186,1
28958,1.950361493,2.303198886,2.424789259,1
28969,3.29534154,3.512033251,2.843132693,1
28971,2.797179403,3.517062206,2.655043251,1
28974,3.003255745,3.133884313,3.580296587,1
28975,2.274772989,2.472032369,3.523073985,1
28977,3.436189236,3.214565345,3.43435472,1
28978,3.368074367,3.242685827,3.286674227,1
28979,3.320163061,3.166303325,3.382955315,1
28988,2.931100163,2.975810016,3.057114759,1
28997,2.78448002,2.678397835,3.343500951,1
29000,2.714056172,2.634039985,3.177666373,1
29001,2.670762823,2.93530061,3.107046403,1
29014,3.223763203,3.106634854,3.238559921,1
29015,2.755617787,2.983843827,3.0417434,1
29016,2.959962396,2.598728423,3.569385616,1
29017,3.567801018,3.438825352,3.322908315,1
29026,3.563760305,3.589764294,3.249481696,1
29030,2.61707907,2.860940492,3.130677968,1
29033,3.293032562,3.241280703,3.57332511,1
29036,3.033272467,3.282661131,2.793692617,1
29038,3.152762111,3.267575124,2.994186256,1
29039,1.929003441,2.379103868,2.914433296,1
29042,3.181047099,3.008312186,3.481736689,1
29053,2.721560353,3.080733936,2.926073518,1
29054,1.952093227,2.014832137,3.426468014,1
29057,3.383082728,3.384157544,3.392420134,1
29060,3.515271754,3.541193644,3.410825791,1
29068,3.478905341,3.29920713,3.342749322,1
29070,3.222031469,3.150290571,3.184448014,1
29071,3.365765388,3.403710113,3.332439499,1
29076,2.543191754,2.930019608,2.814925759,1
29080,2.855481113,3.067305958,3.020967101,1
29084,3.190860258,2.890072595,3.444281011,1
29086,2.480272087,2.422842744,3.173148109,1
29089,3.273983488,3.497987155,3.428932031,1
29100,3.173542918,3.078711552,3.305671002,1
29102,3.356529474,3.388680688,2.959231636,1
29118,3.252048191,3.476187588,2.938788709,1
29120,3.465628714,3.263838986,3.592289473,1
29136,3.233576362,3.064019049,3.594718764,1
29139,2.427742823,2.683089011,2.662004697,1
29140,3.286682871,3.277969097,3.494133171,1
29142,2.958807906,3.222936935,2.914849239,1
29148,3.439652704,3.154673117,3.550979958,1
29156,2.887229569,3.115905757,2.633164974,1
29158,3.560296837,3.427391467,3.468063055,1
29163,3.430994035,3.516837592,2.954670157,1
29164,3.280910424,3.068064674,3.35113377,1
29165,3.197787194,3.099556081,3.517248472,1
29172,2.051379308,2.872935913,1.917424829,1
29177,2.305366956,2.353370983,3.02398365,1
29179,2.951303726,2.727165665,3.399534374,1
29181,2.754463298,2.945751166,3.047111299,1
29184,3.096192134,3.139109591,3.088602162,1
29185,2.688080163,2.906000476,3.323440783,1
29190,2.930522918,3.061041626,2.799521217,1
29195,2.241292799,2.721182529,2.116115793,1
29198,3.57299622,3.597714947,3.076603102,1
29199,3.17007945,3.114500633,3.283607518,1
29212,3.317276837,3.164224359,3.279202693,1
29223,3.565492039,3.411322987,3.538833506,1
29226,3.312081636,3.172511075,3.515918844,1
29228,2.861253559,2.657525015,3.357815862,1
29229,3.175851897,3.224791287,3.28254181,1
29241,2.300171754,2.156529325,3.524317183,1
29243,3.504304106,3.404861475,3.423834997,1
29248,3.111200495,3.12908083,3.187134279,1
29249,3.328244486,3.38772565,3.043029813,1
29259,2.591103061,2.58864308,3.59426578,1
29261,3.055207764,2.88195391,3.270217867,1
29262,2.412734462,2.446945892,3.484159806,1
29263,2.446214652,2.647075317,2.853325218,1
29272,2.754463298,3.038764539,2.846180881,1
29275,3.210486576,2.910972848,3.361695164,1
29276,3.381928239,3.422503967,3.269669965,1
29277,3.326512752,3.587011486,2.982367002,1
29278,3.410213227,3.476581091,3.484473114,1
29282,2.730219023,3.254849279,2.420321155,1
29284,2.91955527,2.933053612,3.174618957,1
29288,3.247430234,3.289655888,2.942701965,1
29290,2.076200828,2.161838619,3.500207169,1
29301,3.263593084,3.255720302,3.231292885,1
29303,3.101387336,3.036179763,3.046920691,1
29307,3.151030377,3.303617967,2.794693503,1
29311,2.766585436,2.900662891,3.21441055,1
29314,2.805260828,2.798772975,3.114330417,1
29315,3.208754842,2.944880143,3.577351806,1
29322,2.824887146,2.628449495,3.498200766,1
29328,3.478328096,3.324237025,3.546572046,1
29332,3.144103441,2.874677958,3.484016271,1
29334,2.781593797,2.832174459,3.40622264,1
29340,3.331130709,3.483885335,2.999522516,1
29342,2.537419308,2.646120278,3.03382737,1
29343,2.702511279,2.899258624,3.556916595,1
29347,2.979588714,2.970640463,3.009021289,1
29351,3.570109997,3.443236189,3.210546682,1
29352,2.977279735,3.020869999,3.063635568,1
29359,3.592045294,3.301286096,3.341010697,1
29371,3.098501113,2.925355865,3.327425036,1
29375,3.114086719,3.366881121,2.579704377,1
29384,3.332285198,3.586309353,2.850801009,1
29388,2.502784628,2.953082843,2.611721932,1
29398,3.093305911,3.104669052,3.358912438,1
29399,3.398091089,3.331260072,3.156674,1
29400,2.84393622,3.105567508,3.584902825,1
29403,3.356529474,3.282463951,3.211889428,1
29413,3.35479774,3.230409211,3.376057149,1
29420,2.898774462,3.064806055,3.031287728,1
29421,3.46389698,3.33288981,2.972622059,1
29429,3.465628714,3.541081337,3.054388367,1
29431,2.99401983,2.902601259,3.280206666,1
29441,3.146412419,3.248023412,3.186640395,1
29446,3.278601445,3.400394912,3.604962221,1
29447,3.603012942,3.449023002,3.34993533,1
29450,2.727332799,2.963898611,2.980923935,1
29453,3.313813369,3.295864495,3.45210984,1
29454,2.613038357,2.48534804,3.340718225,1
29458,3.324203773,3.569369851,2.866585224,1
29460,3.560296837,3.480879622,3.262619775,1
29461,2.950149236,2.771101721,3.31663985,1
29464,3.327089997,3.27802568,3.08710662,1
29467,2.906278643,2.696741603,3.525953173,1
29469,2.890693037,3.15026228,2.958547144,1
29471,3.338057645,3.297549958,3.106860425,1
29473,3.444847906,3.405170962,3.026821167,1
29477,2.437555982,2.255582417,3.427779893,1
29479,3.454083821,3.142143595,3.343840496,1
29480,2.777553084,2.786159437,3.440199525,1
29486,3.073679593,3.269598365,3.277452492,1
29487,2.862985293,2.948195344,3.040224708,1
29488,3.317276837,3.301959938,3.272579249,1
29489,3.465628714,3.593136077,2.838513336,1
29490,2.518947479,2.808015587,2.912250947,1
29497,3.232999118,3.19282236,3.095260331,1
29508,3.025768286,3.26524411,2.975495073,1
29514,2.670185578,2.956763256,2.825383746,1
29515,2.957653417,3.066547243,3.353674184,1
29516,3.009028191,3.172118429,2.774298421,1
29517,2.732528001,2.841192457,3.449641964,1
29519,3.140062728,3.017864286,3.256119031,1
29524,1.862620305,2.012275651,3.460794476,1
29526,3.133135792,3.022218541,3.254487671,1
29533,2.85259489,2.86405937,3.078692076,1
29534,2.539728286,2.869846183,2.763547961,1
29535,3.291300828,3.199733101,3.35555017,1
29536,2.557045626,2.489730586,3.505340473,1
29549,3.418294652,3.412025121,3.430053301,1
29552,3.541247764,3.320304564,3.252834704,1
29553,3.416562918,3.391124867,3.299957384,1
29557,3.138908239,3.244146676,2.950516132,1
29558,2.355587241,2.775428543,3.045969193,1
29560,3.248584723,3.373454941,3.280339397,1
29565,2.495280448,2.290416459,3.457787959,1
29566,2.027712277,1.791106232,3.558945377,1
29569,3.532011849,3.433936995,3.26542025,1
29571,3.101964581,3.309320764,3.31739611,1
29575,3.491027479,3.167903915,3.519074298,1
29576,3.039044913,2.955527022,3.344159977,1
29577,3.598972229,3.547963787,3.549284548,1
29579,3.467937693,3.514309397,3.061960993,1
29581,3.280910424,3.035534212,3.43214459,1
29587,3.43041679,3.35356545,3.083487378,1
29591,3.02865451,3.025055365,3.01759403,1
29593,2.995751564,2.72528388,3.545863632,1
29596,2.662681398,2.729020017,3.121758736,1
29599,2.684616695,2.56156251,3.297197809,1
29600,3.175851897,3.558217162,2.7478795,1
29603,3.143526196,3.023398193,3.310178462,1
29610,2.007508714,2.036435381,3.518857453,1
29614,3.046549094,2.950976444,3.029275923,1
29617,2.775244106,3.278194569,3.167626643,1
29619,2.460068524,2.905382359,2.457965898,1
29622,3.598972229,3.492762735,3.183771239,1
29624,3.376733037,3.283334973,3.328332547,1
29627,2.140852229,2.67553272,2.971590305,1
29632,3.015377882,2.897685469,3.461921148,1
29633,3.376155792,3.127732288,3.34974858,1
29639,2.862408049,2.695618533,3.201781018,1
29643,3.244544011,3.062643073,3.424345858,1
29650,3.062711944,3.044298447,3.365714915,1
29654,3.444847906,3.278446617,3.487232689,1
29656,3.01133717,3.038005824,3.386994358,1
29658,2.428320068,2.383823336,3.224010415,1
29660,3.294187051,3.211784246,3.34546028,1
29676,2.832391327,2.976399842,3.382217576,1
29682,2.629201208,2.849563189,3.060703133,1
29685,3.575305199,3.508943521,3.196846811,1
29688,3.37096059,3.361375504,3.44429413,1
29689,3.582232134,3.165881531,3.550459837,1
29699,3.223185959,2.922574766,3.382742328,1
29701,3.284373892,2.999238464,3.564439061,1
29702,2.406962015,2.504366508,3.018171256,1
29704,2.738300448,2.547122911,3.432685547,1
29709,3.007873702,2.965275444,3.452396138,1
29718,2.800065626,3.591787536,2.045275119,1
29722,2.946108524,3.439106548,2.496221823,1
29727,2.933986386,2.982018623,3.073963911,1
29729,3.557410614,3.491582225,2.979301064,1
29736,3.43041679,3.095707636,3.314926691,1
29739,3.3969366,3.247995121,3.537864259,1
29751,3.241080543,3.003200073,3.495533794,1
29754,3.17123394,3.246871193,3.182411516,1
29755,3.156225578,3.238696784,3.311525067,1
29759,2.583021635,3.320304564,2.724873008,1
29781,3.573573465,3.597068538,3.090900264,1
29783,3.375001303,3.273361937,3.313421889,1
29787,3.421180875,3.331428962,3.330488658,1
29788,3.142948951,2.879397425,3.418156105,1
29794,2.648250281,3.255158767,3.289483963,1
29798,2.019053607,2.317328997,2.905476252,1
29803,3.52219869,3.386040187,3.531655986,1
29806,3.083492752,3.172118429,2.976918075,1
29815,2.568013274,2.615864248,3.40883868,1
29818,2.746959118,2.968084835,2.960129116,1
29819,3.547597455,3.455034429,3.581149308,1
29820,3.009605436,3.069188601,2.952260931,1
29834,3.21221831,3.149250659,3.452968734,1
29837,2.630932942,2.918782903,3.339185642,1
29838,3.209909331,3.30330848,3.371325897,1
29839,2.593412039,2.598897312,3.586394508,1
29840,3.093305911,3.491694532,3.571895162,1
29841,1.956133939,1.967243959,3.063001236,1
29842,3.045394605,2.85386172,2.973235555,1
29849,2.345774082,2.823774579,2.77025552,1
29851,2.545500733,2.707445064,2.981312869,1
29852,2.509134319,2.607773855,2.831907642,1
29854,3.302268476,3.472255127,2.989678796,1
29856,3.007873702,3.042922472,2.926339752,1
29857,3.176429141,2.958336412,3.569610178,1
29860,3.154493845,3.173100902,2.88422459,1
29863,3.054053274,2.89903401,3.594178578,1
29867,3.354220495,3.392753747,3.48624415,1
29872,3.481791564,3.297858588,3.101038771,1
29874,3.22087698,3.256029789,3.061936299,1
29875,2.962848619,2.9408911,3.209024903,1
29877,3.087533464,3.386011896,3.128709378,1
29879,2.389644676,2.672329826,2.956461257,1
29882,3.440807194,3.456495278,3.054764953,1
29892,3.550483678,3.282463951,3.339858559,1
29897,3.211641065,3.008762272,3.457540245,1
29899,1.878205911,1.83950885,3.127101169,1
29910,2.215894034,2.565382664,3.54894809,1
29915,2.667299355,2.74348705,2.856195917,1
29918,2.786788999,2.625247458,3.250104453,1
29921,2.8191147,2.70182714,3.467528272,1
29940,2.789097977,3.036826171,3.015858491,1
29941,2.612461113,2.761129542,3.143438688,1
29942,3.327089997,3.145795717,3.555464268,1
29948,3.344407336,3.113742775,3.595369301,1
29952,2.5760947,2.569203675,3.32381737,1
29960,2.438133227,2.615218697,2.88877758,1
29968,3.20355964,3.309151875,3.108896924,1
29969,3.48121432,3.256422435,3.567802101,1
29971,2.599184486,2.811919757,3.0654367,1
29974,2.936872609,2.87585761,3.398802809,1
29980,3.274560733,3.29381382,3.173041615,1
29986,3.446002396,3.148858013,3.344706336,1
29989,2.345774082,2.386857341,2.825004845,1
29990,2.731373512,3.010560042,3.180382734,1
29992,2.882034367,2.874509068,3.110118514,1
29998,2.76831717,2.746689944,3.322522468,1
30001,2.900506196,2.926255179,3.133872006,1
30004,2.839318263,2.69443888,3.321515409,1
30005,3.365188144,3.306370775,3.222398348,1
30010,2.681730472,2.926985603,2.769271611,1
30017,2.792561445,2.954431385,2.756979308,1
30020,2.782748286,2.787789175,3.544104943,1
30021,3.073102348,2.759921599,3.597126447,1
30023,2.730796267,3.144475467,2.812422385,1
30028,1.877051421,2.177879664,3.525196913,1
30029,2.215894034,2.603953701,3.356900634,1
30035,3.459856267,3.268025209,3.600692442,1
30038,2.953612704,2.962774684,3.260765396,1
30040,2.587639593,2.625190876,3.233420444,1
30041,2.794870424,2.731632228,2.956283768,1
30043,2.468727194,2.54529685,3.2883843,1
30052,2.801220115,2.77784443,3.241368113,1
30053,3.4887185,3.502622607,3.379787514,1
30060,3.329398975,3.412952725,3.418372951,1
30072,2.990556362,3.282604549,3.315282442,1
30081,3.482946054,3.504364652,2.835786944,1
30083,3.011914415,3.099162578,2.850297865,1
30085,3.089842443,2.952324985,3.329340379,1
30088,3.066752657,3.177933533,2.784598983,1
30089,2.858367336,2.606650785,3.467310654,1
30091,3.088110709,3.335558603,3.565291783,1
30098,3.526816647,3.385618393,3.201953105,1
30099,3.570109997,3.591928134,3.015928716,1
30101,3.104273559,2.744414655,3.481350071,1
30108,3.570109997,3.467591385,3.399336049,1
30110,2.966312087,3.166668537,3.405057383,1
30117,3.121590899,3.205575639,2.953007158,1
30126,3.118127431,3.313365532,3.057109357,1
30130,3.20471413,3.251366047,2.842306209,1
30131,3.276869712,3.211335018,3.151474331,1
30145,3.16142078,3.071295001,2.976759878,1
30149,3.134867526,3.36966222,2.403915727,1
30171,3.257243393,3.440370216,3.222111278,1
30175,2.419084153,2.360338306,3.371061206,1
30179,3.081761018,3.253445013,2.618621642,1
30182,2.93571812,2.937436159,3.07524878,1
30190,3.08580173,3.463602342,3.300973704,1
30194,2.898197217,2.530436315,3.447025924,1
30196,2.570899498,2.593784342,3.335280102,1
30201,2.990556362,3.272688095,3.14403212,1
30204,2.871066719,2.960921189,2.988718038,1
30207,3.058093987,3.473547087,3.166741511,1
30209,2.040411659,2.656149039,2.29313375,1
30210,3.451197598,3.592405653,2.699457288,1
30221,2.948994747,2.972691995,3.510273908,1
30224,1.79623717,1.954742728,2.842356369,1
30234,3.211641065,2.987608256,3.503158896,1
30235,2.715787906,2.616341767,3.443549446,1
30241,2.803529094,2.583614982,3.447097691,1
30244,3.316122348,3.516415797,2.875384071,1
30248,3.181047099,3.125091787,3.44275383,1
30253,3.380196505,3.54127766,3.205928098,1
30255,3.532589094,3.51877596,2.797527161,1
30257,2.026557787,2.201111789,3.42585992,1
30259,3.193169236,3.111439195,3.37812683,1
30267,3.551638168,3.327523934,3.332660975,1
30272,3.05232154,3.178888572,2.66237974,1
30275,3.447156885,3.292745617,3.112597193,1
30280,3.117550187,3.022639478,3.572256315,1
30286,2.706551992,2.439557632,3.566297299,1
30294,2.763121968,2.749695657,3.285774433,1
30297,3.077720305,2.853300185,3.54243114,1
30299,2.181259355,2.167316802,2.952331926,1
30301,2.274772989,2.201616742,3.465985657,1
30303,2.861830804,2.736689474,3.367646463,1
30308,2.393685388,2.071775234,3.566059617,1
30311,2.688080163,2.560860377,3.111688139,1
30316,3.534320828,3.561925009,3.0608567,1
30317,3.362879165,3.265215819,3.414965154,1
30321,2.631510186,3.212935607,2.738903935,1
30322,3.192014747,3.299600633,3.310182321,1
30324,2.073314604,2.228135777,2.891991683,1
30325,2.127575602,2.138465896,3.256782687,1
30332,3.374424058,3.357217572,3.373698854,1
30335,2.671917312,2.813549495,3.453711103,1
30337,2.413888951,2.434894747,3.319028241,1
30338,2.518370234,2.631146578,3.44131848,1
30343,3.398668334,3.410031028,3.064450476,1
30347,3.228958405,3.279907465,3.174638249,1
30349,3.591468049,3.498043738,3.063101556,1
30351,3.0944604,3.091970641,3.172338603,1
30352,2.368863868,2.351938425,3.413929541,1
30364,3.220299735,3.042444952,3.372766648,1
30369,2.315180115,2.439277293,3.186850296,1
30371,3.228958405,3.243893771,3.138828592,1
30375,2.859521825,2.764331579,3.596865614,1
30378,3.226072182,3.113573886,3.150437175,1
30380,3.202982396,3.300106443,3.070480487,1
30382,2.764853702,2.788687632,3.47634564,1
30387,3.066175412,3.1711351,3.107546461,1
30391,3.164307004,2.997384969,3.283825907,1
30394,3.181047099,3.010138247,3.587264978,1
30396,3.141217217,3.192569455,2.931374279,1
30398,2.55877736,2.488775548,3.500297457,1
30400,2.450255365,2.551083663,3.158357063,1
30401,3.396359355,3.025954679,3.601001891,1
30403,2.987092894,3.252153053,3.53100622,1
30405,2.128730091,2.552432205,2.90596319,1
30407,2.48315831,2.327779553,3.539488673,1
30409,2.268423298,2.299714796,3.25219497,1
30410,2.98651565,3.175292175,3.363328839,1
30425,3.076565816,3.149756469,3.266830134,1
30426,3.435034747,3.456074341,2.839738785,1
30428,2.47449964,2.490657334,3.133752394,1
30429,2.293244818,2.377108918,3.040622902,1
30431,3.533743583,3.235522181,3.35722706,1
30434,3.458701778,3.314067665,3.135088967,1
30437,2.720405863,3.029606801,3.028170087,1
30443,3.007873702,2.877290168,3.402763911,1
30444,2.375213559,2.349916041,3.223618395,1
30446,2.659795175,2.548808374,3.065019214,1
30449,3.582232134,3.457394591,3.420798383,1
30460,3.118127431,2.879846653,3.298445637,1
30461,2.737145958,2.892319593,3.590930521,1
30464,3.589736315,3.528270619,3.255611256,1
30466,2.116607954,2.189059787,3.297018776,1
30471,2.808724296,2.74348705,3.019225389,1
30599,3.58915907,3.568976348,2.900720306,0
30600,2.808724296,3.2046206,2.873160823,0
30876,2.406962015,3.396855955,3.349373537,0
31275,2.913205578,3.540547236,2.552654211,0
31401,2.899351707,3.291481949,2.923640369,0
31498,3.442538928,3.396995696,3.161413741,0
31585,3.130249569,3.426661042,3.343499408,0
31807,3.009028191,3.392445117,2.513418236,0
31936,2.91955527,2.853300185,3.496416611,0
31993,3.000946766,3.166977167,3.136144643,0
32024,2.879725388,3.203946758,2.736480047,0
32061,3.076565816,3.036179763,3.248870515,0
32113,3.545865721,3.577095032,2.975856997,1
32114,3.470246671,3.273418519,3.310555049,1
32120,3.026922776,3.077756514,3.121389095,1
32121,3.425221588,3.337103467,3.165277609,1
32128,3.386546196,3.297297053,3.32454199,1
32132,3.115818453,3.237881486,2.866396931,1
32133,2.853172134,3.07343055,2.643668492,1
32138,3.450043108,3.591646938,3.256268739,1
32140,3.153339355,3.130317064,3.102930963,1
32141,3.257820638,2.991400976,3.457113499,1
32169,2.614192847,3.177174818,2.517497407,1
32178,3.265324818,3.093291749,3.504990124,1
32179,3.050012562,2.961145803,3.292307588,1
32189,3.219722491,2.997384969,3.306735167,1
32192,2.783902776,2.637524075,3.227237637,1
32203,2.321529806,2.46436377,3.377287228,1
32211,3.57299622,3.236899014,3.55793523,1
32214,2.547232467,3.063429222,2.183555615,1
32216,3.396359355,3.203693853,3.24373181,1
32217,2.83527755,2.677471088,3.398827503,1
32220,3.537207051,3.491245304,3.408192001,1
32232,2.33192021,2.341460436,3.46471082,1
32238,3.016532372,2.981596829,3.155168427,1
32240,2.317489094,2.548752649,2.734829395,1
32246,3.550483678,3.224875303,3.347996065,1
32250,2.917246291,2.943447586,3.116384664,1
32253,2.404075792,2.43888379,3.12587572,1
32255,2.437555982,2.418151568,3.560386128,1
32261,3.417717408,3.311061952,3.311582172,1
32266,3.222608714,3.166695971,3.481636369,1
32271,3.406172514,3.386124203,3.115084361,1
32278,2.885497835,2.882852367,3.350855188,1
32287,2.901660685,2.860519555,3.310889192,1
32289,3.083492752,3.302718653,2.803899033,1
32291,2.498166671,2.849450882,2.504350068,1
32292,3.267056552,3.367948466,3.120688398,1
32293,3.246852989,2.927181926,3.589951242,1
32300,2.939758833,3.195491153,3.051088606,1
32301,2.966889331,3.144700081,2.941282821,1
32304,1.773147383,2.047812684,3.037197355,1
32306,2.877993654,3.085846907,3.126381179,1
32309,3.428685056,3.141413171,3.471380565,1
32310,3.429262301,3.577123323,2.777281015,1
32311,2.896465483,3.040562309,3.133120377,1
32312,2.616501825,2.912827201,2.759022752,1
32315,2.858944581,2.675392121,3.354851016,1
32319,3.004410234,2.796159907,3.518955458,1
32321,3.352488761,3.305696076,3.279869436,1
32323,3.263593084,3.250860236,3.178423405,1
32324,2.6678766,3.244118385,2.463195664,1
32327,2.77697584,2.882094509,3.419761228,1
32331,2.978434225,2.892376175,3.233520764,1
32344,2.880302633,2.923726984,3.108819755,1
32348,3.596663251,3.350784351,3.234271621,1
32351,3.394050377,3.436409464,3.415201292,1
32353,2.844513464,2.937689064,3.129999649,1
32356,3.531434605,3.371404265,3.393198,1
32358,3.478905341,3.300386782,3.388225209,1
32362,2.686348429,2.939515125,2.712115374,1
32363,2.090054699,2.363596924,2.87654547,1
32364,2.671917312,2.86846935,2.685172473,1
32367,3.340366624,3.425285067,3.362651292,1
32372,3.208754842,3.008733981,3.495137144,1
32379,3.349025293,3.249484261,3.290236364,1
32381,3.314390614,3.39840082,3.079540939,1
32390,3.437343726,3.164673587,3.285347686,1
32399,3.350757027,3.368594875,3.232350877,1
32401,2.785057265,2.728373609,3.422883499,1
32408,3.525662158,3.525461229,2.930448247,1
32416,3.483523298,3.43090299,3.320666546,1
32418,2.570322253,3.026319891,3.552005539,1
32422,3.459856267,3.427616938,3.581398565,1
32423,2.610152134,2.95386985,3.045832603,1
32424,3.503726861,3.359998671,3.435715215,1
32430,3.235308096,3.058485141,3.325528986,1
32431,2.813919498,3.131665606,3.029447239,1
32432,3.417717408,3.29330801,3.598184438,1
32434,2.635550899,2.941537509,3.356618966,1
32435,2.995751564,2.783631243,3.342967711,1
32439,3.104273559,3.030111754,3.21945048,1
32445,3.126208856,3.241027798,3.309193782,1
32447,3.234730852,3.312916304,2.925478542,1
32449,2.885497835,2.8220051,3.380755217,1
32454,2.473345151,2.847232175,2.935751324,1
32463,3.074834082,2.928137822,3.429641989,1
32468,3.198941683,3.08542597,3.269033318,1
32470,2.471613417,2.802480822,2.517419466,1
32472,2.799488381,2.597773385,3.390622088,1
32475,2.625160495,2.664885841,3.43697076,1
32477,3.500263393,3.320529178,3.473346839,1
32479,2.912051089,3.001092816,3.113355768,1
32485,3.088110709,2.987805436,3.521728923,1
32486,2.806415317,2.89392104,3.234668272,1
32495,3.446002396,3.422026448,3.349668324,1
32504,2.802951849,2.752223851,3.55942074,1
32505,2.925327716,2.720030311,3.34627596,1
32508,2.842204486,3.043624605,2.802357961,1
32511,3.346716315,3.230633825,3.274306299,1
32515,3.458701778,3.155122345,3.493464112,1
32517,3.231844628,3.261563697,3.137775231,1
32518,3.000946766,2.812229244,3.521450342,1
32526,3.354220495,3.184787692,3.588221106,1
32530,3.175274652,3.034269686,3.489729117,1
32533,3.538938785,3.438516722,3.47665123,1
32537,2.682884961,2.789221733,3.094101248,1
32540,3.352488761,3.310106913,3.19263568,1
32542,2.611306624,2.83498385,2.884901365,1
32545,3.19490097,3.393653061,3.453669432,1
32547,2.7596585,2.666093785,3.268642841,1
32550,2.648827526,2.571703578,3.499939391,1
32557,2.012703916,2.134252238,3.004536207,1
32568,3.242235032,3.290751524,3.382623487,1
32571,3.567801018,3.466889251,3.343551883,1
32577,2.761967479,3.292577585,3.024224419,1
32585,3.350179783,3.218048578,3.55137275,1
32586,2.857790091,2.932941305,3.546688572,1
32588,3.174120163,3.305864965,3.074203136,1
32593,2.679998738,2.874874281,3.292519804,1
32597,2.574362966,2.481780791,3.521720435,1
32598,2.354432752,2.693904779,2.978842678,1
32599,3.182201588,3.367078301,2.70964827,1
32601,2.940336077,3.040309404,3.163166256,1
32608,2.819691944,3.123069403,3.033664543,1
32609,2.800065626,2.722278166,3.430399792,1
32613,2.546655222,2.637467493,3.103645551,1
32620,2.95303546,2.905551248,3.50526639,1
32622,3.413676695,3.30561206,3.593280327,1
32627,3.168347716,3.257574654,3.103688766,1
32631,3.243389521,3.235943118,3.155835941,1
32647,2.438133227,2.721294836,3.440007373,1
32675,2.793715935,2.887010299,3.249598994,1
32678,3.260706861,3.453714178,2.741374126,1
32681,3.485255032,3.328423248,3.414019829,1
32686,3.035581445,3.079862914,3.331942529,1
32692,2.932831897,2.848720458,3.321417404,1
32706,2.921864248,2.658424329,3.595059852,1
32710,2.480849331,2.556618428,3.089017333,1
32716,3.415985674,3.44256149,3.135741047,1
32720,3.570109997,3.38463592,3.515377887,1
32722,3.297650519,3.213638598,3.307948269,1
32725,3.495645436,3.448825822,3.177128503,1
32728,3.077720305,3.021375809,3.205734403,1
32730,3.435611992,3.389832907,2.925144399,1
32733,3.256088904,3.548413015,3.122300465,1
32736,2.924750472,2.769725746,3.003570047,1
32738,2.626892229,2.659969193,3.514159384,1
32740,2.343465103,2.944543222,3.026040213,1
32742,3.287260115,3.2326845,3.295564906,1
32744,3.208177597,3.170207495,3.340874107,1
32745,3.255511659,3.223948555,3.15672416,1
32755,3.248584723,3.125653322,3.345794424,1
32757,3.604744676,3.336794837,3.486439388,1
32762,2.744072894,2.642327558,3.575289841,1
32765,3.493336457,3.38443874,3.257903186,1
32768,1.950361493,2.303198886,2.424789259,1
32779,3.29534154,3.512033251,2.843132693,1
32781,2.797179403,3.517062206,2.655043251,1
32784,3.003255745,3.133884313,3.580296587,1
32785,2.274772989,2.472032369,3.523073985,1
32787,3.436189236,3.214565345,3.43435472,1
32788,3.368074367,3.242685827,3.286674227,1
32789,3.320163061,3.166303325,3.382955315,1
32798,2.931100163,2.975810016,3.057114759,1
32807,2.78448002,2.678397835,3.343500951,1
32810,2.714056172,2.634039985,3.177666373,1
32811,2.670762823,2.93530061,3.107046403,1
32824,3.223763203,3.106634854,3.238559921,1
32825,2.755617787,2.983843827,3.0417434,1
32826,2.959962396,2.598728423,3.569385616,1
32827,3.567801018,3.438825352,3.322908315,1
32836,3.563760305,3.589764294,3.249481696,1
32840,2.61707907,2.860940492,3.130677968,1
32843,3.293032562,3.241280703,3.57332511,1
32846,3.033272467,3.282661131,2.793692617,1
32848,3.152762111,3.267575124,2.994186256,1
32849,1.929003441,2.379103868,2.914433296,1
32852,3.181047099,3.008312186,3.481736689,1
32863,2.721560353,3.080733936,2.926073518,1
32864,1.952093227,2.014832137,3.426468014,1
32867,3.383082728,3.384157544,3.392420134,1
32870,3.515271754,3.541193644,3.410825791,1
32878,3.478905341,3.29920713,3.342749322,1
32880,3.222031469,3.150290571,3.184448014,1
32881,3.365765388,3.403710113,3.332439499,1
32886,2.543191754,2.930019608,2.814925759,1
32890,2.855481113,3.067305958,3.020967101,1
32894,3.190860258,2.890072595,3.444281011,1
32896,2.480272087,2.422842744,3.173148109,1
32899,3.273983488,3.497987155,3.428932031,1
32910,3.173542918,3.078711552,3.305671002,1
32912,3.356529474,3.388680688,2.959231636,1
32928,3.252048191,3.476187588,2.938788709,1
32930,3.465628714,3.263838986,3.592289473,1
32946,3.233576362,3.064019049,3.594718764,1
32949,2.427742823,2.683089011,2.662004697,1
32950,3.286682871,3.277969097,3.494133171,1
32952,2.958807906,3.222936935,2.914849239,1
32958,3.439652704,3.154673117,3.550979958,1
32966,2.887229569,3.115905757,2.633164974,1
32968,3.560296837,3.427391467,3.468063055,1
32973,3.430994035,3.516837592,2.954670157,1
32974,3.280910424,3.068064674,3.35113377,1
32975,3.197787194,3.099556081,3.517248472,1
32982,2.051379308,2.872935913,1.917424829,1
32987,2.305366956,2.353370983,3.02398365,1
32989,2.951303726,2.727165665,3.399534374,1
32991,2.754463298,2.945751166,3.047111299,1
32994,3.096192134,3.139109591,3.088602162,1
32995,2.688080163,2.906000476,3.323440783,1
33000,2.930522918,3.061041626,2.799521217,1
33005,2.241292799,2.721182529,2.116115793,1
33008,3.57299622,3.597714947,3.076603102,1
33009,3.17007945,3.114500633,3.283607518,1
33022,3.317276837,3.164224359,3.279202693,1
33033,3.565492039,3.411322987,3.538833506,1
33036,3.312081636,3.172511075,3.515918844,1
33038,2.861253559,2.657525015,3.357815862,1
33039,3.175851897,3.224791287,3.28254181,1
33051,2.300171754,2.156529325,3.524317183,1
33053,3.504304106,3.404861475,3.423834997,1
33058,3.111200495,3.12908083,3.187134279,1
33059,3.328244486,3.38772565,3.043029813,1
33069,2.591103061,2.58864308,3.59426578,1
33071,3.055207764,2.88195391,3.270217867,1
33072,2.412734462,2.446945892,3.484159806,1
33073,2.446214652,2.647075317,2.853325218,1
33082,2.754463298,3.038764539,2.846180881,1
33085,3.210486576,2.910972848,3.361695164,1
33086,3.381928239,3.422503967,3.269669965,1
33087,3.326512752,3.587011486,2.982367002,1
33088,3.410213227,3.476581091,3.484473114,1
33092,2.730219023,3.254849279,2.420321155,1
33094,2.91955527,2.933053612,3.174618957,1
33098,3.247430234,3.289655888,2.942701965,1
33100,2.076200828,2.161838619,3.500207169,1
33111,3.263593084,3.255720302,3.231292885,1
33113,3.101387336,3.036179763,3.046920691,1
33117,3.151030377,3.303617967,2.794693503,1
33121,2.766585436,2.900662891,3.21441055,1
33124,2.805260828,2.798772975,3.114330417,1
33125,3.208754842,2.944880143,3.577351806,1
33132,2.824887146,2.628449495,3.498200766,1
33138,3.478328096,3.324237025,3.546572046,1
33142,3.144103441,2.874677958,3.484016271,1
33144,2.781593797,2.832174459,3.40622264,1
33150,3.331130709,3.483885335,2.999522516,1
33152,2.537419308,2.646120278,3.03382737,1
33153,2.702511279,2.899258624,3.556916595,1
33157,2.979588714,2.970640463,3.009021289,1
33161,3.570109997,3.443236189,3.210546682,1
33162,2.977279735,3.020869999,3.063635568,1
33169,3.592045294,3.301286096,3.341010697,1
33181,3.098501113,2.925355865,3.327425036,1
33185,3.114086719,3.366881121,2.579704377,1
33194,3.332285198,3.586309353,2.850801009,1
33198,2.502784628,2.953082843,2.611721932,1
33208,3.093305911,3.104669052,3.358912438,1
33209,3.398091089,3.331260072,3.156674,1
33210,2.84393622,3.105567508,3.584902825,1
33213,3.356529474,3.282463951,3.211889428,1
33223,3.35479774,3.230409211,3.376057149,1
33230,2.898774462,3.064806055,3.031287728,1
33231,3.46389698,3.33288981,2.972622059,1
33239,3.465628714,3.541081337,3.054388367,1
33241,2.99401983,2.902601259,3.280206666,1
33251,3.146412419,3.248023412,3.186640395,1
33256,3.278601445,3.400394912,3.604962221,1
33257,3.603012942,3.449023002,3.34993533,1
33260,2.727332799,2.963898611,2.980923935,1
33263,3.313813369,3.295864495,3.45210984,1
33264,2.613038357,2.48534804,3.340718225,1
33268,3.324203773,3.569369851,2.866585224,1
33270,3.560296837,3.480879622,3.262619775,1
33271,2.950149236,2.771101721,3.31663985,1
33274,3.327089997,3.27802568,3.08710662,1
33277,2.906278643,2.696741603,3.525953173,1
33279,2.890693037,3.15026228,2.958547144,1
33281,3.338057645,3.297549958,3.106860425,1
33283,3.444847906,3.405170962,3.026821167,1
33287,2.437555982,2.255582417,3.427779893,1
33289,3.454083821,3.142143595,3.343840496,1
33290,2.777553084,2.786159437,3.440199525,1
33296,3.073679593,3.269598365,3.277452492,1
33297,2.862985293,2.948195344,3.040224708,1
33298,3.317276837,3.301959938,3.272579249,1
33299,3.465628714,3.593136077,2.838513336,1
33300,2.518947479,2.808015587,2.912250947,1
33307,3.232999118,3.19282236,3.095260331,1
33318,3.025768286,3.26524411,2.975495073,1
33324,2.670185578,2.956763256,2.825383746,1
33325,2.957653417,3.066547243,3.353674184,1
33326,3.009028191,3.172118429,2.774298421,1
33327,2.732528001,2.841192457,3.449641964,1
33329,3.140062728,3.017864286,3.256119031,1
33334,1.862620305,2.012275651,3.460794476,1
33336,3.133135792,3.022218541,3.254487671,1
33343,2.85259489,2.86405937,3.078692076,1
33344,2.539728286,2.869846183,2.763547961,1
33345,3.291300828,3.199733101,3.35555017,1
33346,2.557045626,2.489730586,3.505340473,1
33359,3.418294652,3.412025121,3.430053301,1
33362,3.541247764,3.320304564,3.252834704,1
33363,3.416562918,3.391124867,3.299957384,1
33367,3.138908239,3.244146676,2.950516132,1
33368,2.355587241,2.775428543,3.045969193,1
33370,3.248584723,3.373454941,3.280339397,1
33375,2.495280448,2.290416459,3.457787959,1
33376,2.027712277,1.791106232,3.558945377,1
33379,3.532011849,3.433936995,3.26542025,1
33381,3.101964581,3.309320764,3.31739611,1
33385,3.491027479,3.167903915,3.519074298,1
33386,3.039044913,2.955527022,3.344159977,1
33387,3.598972229,3.547963787,3.549284548,1
33389,3.467937693,3.514309397,3.061960993,1
33391,3.280910424,3.035534212,3.43214459,1
33397,3.43041679,3.35356545,3.083487378,1
33401,3.02865451,3.025055365,3.01759403,1
33403,2.995751564,2.72528388,3.545863632,1
33406,2.662681398,2.729020017,3.121758736,1
33409,2.684616695,2.56156251,3.297197809,1
33410,3.175851897,3.558217162,2.7478795,1
33413,3.143526196,3.023398193,3.310178462,1
33420,2.007508714,2.036435381,3.518857453,1
33424,3.046549094,2.950976444,3.029275923,1
33427,2.775244106,3.278194569,3.167626643,1
33429,2.460068524,2.905382359,2.457965898,1
33432,3.598972229,3.492762735,3.183771239,1
33434,3.376733037,3.283334973,3.328332547,1
33437,2.140852229,2.67553272,2.971590305,1
33442,3.015377882,2.897685469,3.461921148,1
33443,3.376155792,3.127732288,3.34974858,1
33449,2.862408049,2.695618533,3.201781018,1
33453,3.244544011,3.062643073,3.424345858,1
33460,3.062711944,3.044298447,3.365714915,1
33464,3.444847906,3.278446617,3.487232689,1
33466,3.01133717,3.038005824,3.386994358,1
33468,2.428320068,2.383823336,3.224010415,1
33470,3.294187051,3.211784246,3.34546028,1
33486,2.832391327,2.976399842,3.382217576,1
33492,2.629201208,2.849563189,3.060703133,1
33495,3.575305199,3.508943521,3.196846811,1
33498,3.37096059,3.361375504,3.44429413,1
33499,3.582232134,3.165881531,3.550459837,1
33509,3.223185959,2.922574766,3.382742328,1
33511,3.284373892,2.999238464,3.564439061,1
33512,2.406962015,2.504366508,3.018171256,1
33514,2.738300448,2.547122911,3.432685547,1
33519,3.007873702,2.965275444,3.452396138,1
33528,2.800065626,3.591787536,2.045275119,1
33532,2.946108524,3.439106548,2.496221823,1
33537,2.933986386,2.982018623,3.073963911,1
33539,3.557410614,3.491582225,2.979301064,1
33546,3.43041679,3.095707636,3.314926691,1
33549,3.3969366,3.247995121,3.537864259,1
33561,3.241080543,3.003200073,3.495533794,1
33564,3.17123394,3.246871193,3.182411516,1
33565,3.156225578,3.238696784,3.311525067,1
33569,2.583021635,3.320304564,2.724873008,1
33591,3.573573465,3.597068538,3.090900264,1
33593,3.375001303,3.273361937,3.313421889,1
33597,3.421180875,3.331428962,3.330488658,1
33598,3.142948951,2.879397425,3.418156105,1
33604,2.648250281,3.255158767,3.289483963,1
33608,2.019053607,2.317328997,2.905476252,1
33613,3.52219869,3.386040187,3.531655986,1
33616,3.083492752,3.172118429,2.976918075,1
33625,2.568013274,2.615864248,3.40883868,1
33628,2.746959118,2.968084835,2.960129116,1
33629,3.547597455,3.455034429,3.581149308,1
33630,3.009605436,3.069188601,2.952260931,1
33644,3.21221831,3.149250659,3.452968734,1
33647,2.630932942,2.918782903,3.339185642,1
33648,3.209909331,3.30330848,3.371325897,1
33649,2.593412039,2.598897312,3.586394508,1
33650,3.093305911,3.491694532,3.571895162,1
33651,1.956133939,1.967243959,3.063001236,1
33652,3.045394605,2.85386172,2.973235555,1
33659,2.345774082,2.823774579,2.77025552,1
33661,2.545500733,2.707445064,2.981312869,1
33662,2.509134319,2.607773855,2.831907642,1
33664,3.302268476,3.472255127,2.989678796,1
33666,3.007873702,3.042922472,2.926339752,1
33667,3.176429141,2.958336412,3.569610178,1
33670,3.154493845,3.173100902,2.88422459,1
33673,3.054053274,2.89903401,3.594178578,1
33677,3.354220495,3.392753747,3.48624415,1
33682,3.481791564,3.297858588,3.101038771,1
33684,3.22087698,3.256029789,3.061936299,1
33685,2.962848619,2.9408911,3.209024903,1
33687,3.087533464,3.386011896,3.128709378,1
33689,2.389644676,2.672329826,2.956461257,1
33692,3.440807194,3.456495278,3.054764953,1
33702,3.550483678,3.282463951,3.339858559,1
33707,3.211641065,3.008762272,3.457540245,1
33709,1.878205911,1.83950885,3.127101169,1
33720,2.215894034,2.565382664,3.54894809,1
33725,2.667299355,2.74348705,2.856195917,1
33728,2.786788999,2.625247458,3.250104453,1
33731,2.8191147,2.70182714,3.467528272,1
33750,2.789097977,3.036826171,3.015858491,1
33751,2.612461113,2.761129542,3.143438688,1
33752,3.327089997,3.145795717,3.555464268,1
33758,3.344407336,3.113742775,3.595369301,1
33762,2.5760947,2.569203675,3.32381737,1
33770,2.438133227,2.615218697,2.88877758,1
33778,3.20355964,3.309151875,3.108896924,1
33779,3.48121432,3.256422435,3.567802101,1
33781,2.599184486,2.811919757,3.0654367,1
33784,2.936872609,2.87585761,3.398802809,1
33790,3.274560733,3.29381382,3.173041615,1
33796,3.446002396,3.148858013,3.344706336,1
33799,2.345774082,2.386857341,2.825004845,1
33800,2.731373512,3.010560042,3.180382734,1
33802,2.882034367,2.874509068,3.110118514,1
33808,2.76831717,2.746689944,3.322522468,1
33811,2.900506196,2.926255179,3.133872006,1
33814,2.839318263,2.69443888,3.321515409,1
33815,3.365188144,3.306370775,3.222398348,1
33820,2.681730472,2.926985603,2.769271611,1
33827,2.792561445,2.954431385,2.756979308,1
33830,2.782748286,2.787789175,3.544104943,1
33831,3.073102348,2.759921599,3.597126447,1
33833,2.730796267,3.144475467,2.812422385,1
33838,1.877051421,2.177879664,3.525196913,1
33839,2.215894034,2.603953701,3.356900634,1
33845,3.459856267,3.268025209,3.600692442,1
33848,2.953612704,2.962774684,3.260765396,1
33850,2.587639593,2.625190876,3.233420444,1
33851,2.794870424,2.731632228,2.956283768,1
33853,2.468727194,2.54529685,3.2883843,1
33862,2.801220115,2.77784443,3.241368113,1
33863,3.4887185,3.502622607,3.379787514,1
33870,3.329398975,3.412952725,3.418372951,1
33882,2.990556362,3.282604549,3.315282442,1
33891,3.482946054,3.504364652,2.835786944,1
33893,3.011914415,3.099162578,2.850297865,1
33895,3.089842443,2.952324985,3.329340379,1
33898,3.066752657,3.177933533,2.784598983,1
33899,2.858367336,2.606650785,3.467310654,1
33901,3.088110709,3.335558603,3.565291783,1
33908,3.526816647,3.385618393,3.201953105,1
33909,3.570109997,3.591928134,3.015928716,1
33911,3.104273559,2.744414655,3.481350071,1
33918,3.570109997,3.467591385,3.399336049,1
33920,2.966312087,3.166668537,3.405057383,1
33927,3.121590899,3.205575639,2.953007158,1
33936,3.118127431,3.313365532,3.057109357,1
33940,3.20471413,3.251366047,2.842306209,1
33941,3.276869712,3.211335018,3.151474331,1
33955,3.16142078,3.071295001,2.976759878,1
33959,3.134867526,3.36966222,2.403915727,1
33981,3.257243393,3.440370216,3.222111278,1
33985,2.419084153,2.360338306,3.371061206,1
33989,3.081761018,3.253445013,2.618621642,1
33992,2.93571812,2.937436159,3.07524878,1
34000,3.08580173,3.463602342,3.300973704,1
34004,2.898197217,2.530436315,3.447025924,1
34006,2.570899498,2.593784342,3.335280102,1
34011,2.990556362,3.272688095,3.14403212,1
34014,2.871066719,2.960921189,2.988718038,1
34017,3.058093987,3.473547087,3.166741511,1
34019,2.040411659,2.656149039,2.29313375,1
34020,3.451197598,3.592405653,2.699457288,1
34031,2.948994747,2.972691995,3.510273908,1
34034,1.79623717,1.954742728,2.842356369,1
34044,3.211641065,2.987608256,3.503158896,1
34045,2.715787906,2.616341767,3.443549446,1
34051,2.803529094,2.583614982,3.447097691,1
34054,3.316122348,3.516415797,2.875384071,1
34058,3.181047099,3.125091787,3.44275383,1
34063,3.380196505,3.54127766,3.205928098,1
34065,3.532589094,3.51877596,2.797527161,1
34067,2.026557787,2.201111789,3.42585992,1
34069,3.193169236,3.111439195,3.37812683,1
34077,3.551638168,3.327523934,3.332660975,1
34082,3.05232154,3.178888572,2.66237974,1
34085,3.447156885,3.292745617,3.112597193,1
34090,3.117550187,3.022639478,3.572256315,1
34096,2.706551992,2.439557632,3.566297299,1
34104,2.763121968,2.749695657,3.285774433,1
34107,3.077720305,2.853300185,3.54243114,1
34109,2.181259355,2.167316802,2.952331926,1
34111,2.274772989,2.201616742,3.465985657,1
34113,2.861830804,2.736689474,3.367646463,1
34118,2.393685388,2.071775234,3.566059617,1
34121,2.688080163,2.560860377,3.111688139,1
34126,3.534320828,3.561925009,3.0608567,1
34127,3.362879165,3.265215819,3.414965154,1
34131,2.631510186,3.212935607,2.738903935,1
34132,3.192014747,3.299600633,3.310182321,1
34134,2.073314604,2.228135777,2.891991683,1
34135,2.127575602,2.138465896,3.256782687,1
34142,3.374424058,3.357217572,3.373698854,1
34145,2.671917312,2.813549495,3.453711103,1
34147,2.413888951,2.434894747,3.319028241,1
34148,2.518370234,2.631146578,3.44131848,1
34153,3.398668334,3.410031028,3.064450476,1
34157,3.228958405,3.279907465,3.174638249,1
34159,3.591468049,3.498043738,3.063101556,1
34161,3.0944604,3.091970641,3.172338603,1
34162,2.368863868,2.351938425,3.413929541,1
34174,3.220299735,3.042444952,3.372766648,1
34179,2.315180115,2.439277293,3.186850296,1
34181,3.228958405,3.243893771,3.138828592,1
34185,2.859521825,2.764331579,3.596865614,1
34188,3.226072182,3.113573886,3.150437175,1
34190,3.202982396,3.300106443,3.070480487,1
34192,2.764853702,2.788687632,3.47634564,1
34197,3.066175412,3.1711351,3.107546461,1
34201,3.164307004,2.997384969,3.283825907,1
34204,3.181047099,3.010138247,3.587264978,1
34206,3.141217217,3.192569455,2.931374279,1
34208,2.55877736,2.488775548,3.500297457,1
34210,2.450255365,2.551083663,3.158357063,1
34211,3.396359355,3.025954679,3.601001891,1
34213,2.987092894,3.252153053,3.53100622,1
34215,2.128730091,2.552432205,2.90596319,1
34217,2.48315831,2.327779553,3.539488673,1
34219,2.268423298,2.299714796,3.25219497,1
34220,2.98651565,3.175292175,3.363328839,1
34235,3.076565816,3.149756469,3.266830134,1
34236,3.435034747,3.456074341,2.839738785,1
34238,2.47449964,2.490657334,3.133752394,1
34239,2.293244818,2.377108918,3.040622902,1
34241,3.533743583,3.235522181,3.35722706,1
34244,3.458701778,3.314067665,3.135088967,1
34247,2.720405863,3.029606801,3.028170087,1
34253,3.007873702,2.877290168,3.402763911,1
34254,2.375213559,2.349916041,3.223618395,1
34256,2.659795175,2.548808374,3.065019214,1
34259,3.582232134,3.457394591,3.420798383,1
34270,3.118127431,2.879846653,3.298445637,1
34271,2.737145958,2.892319593,3.590930521,1
34274,3.589736315,3.528270619,3.255611256,1
34276,2.116607954,2.189059787,3.297018776,1
34281,2.808724296,2.74348705,3.019225389,1
34409,3.58915907,3.568976348,2.900720306,0
34410,2.808724296,3.2046206,2.873160823,0
34686,2.406962015,3.396855955,3.349373537,0
35085,2.913205578,3.540547236,2.552654211,0
35211,2.899351707,3.291481949,2.923640369,0
35308,3.442538928,3.396995696,3.161413741,0
35395,3.130249569,3.426661042,3.343499408,0
35617,3.009028191,3.392445117,2.513418236,0
35746,2.91955527,2.853300185,3.496416611,0
35803,3.000946766,3.166977167,3.136144643,0
35834,2.879725388,3.203946758,2.736480047,0
35871,3.076565816,3.036179763,3.248870515,0
35923,3.545865721,3.577095032,2.975856997,1
35924,3.470246671,3.273418519,3.310555049,1
35930,3.026922776,3.077756514,3.121389095,1
35931,3.425221588,3.337103467,3.165277609,1
35938,3.386546196,3.297297053,3.32454199,1
35942,3.115818453,3.237881486,2.866396931,1
35943,2.853172134,3.07343055,2.643668492,1
35948,3.450043108,3.591646938,3.256268739,1
35950,3.153339355,3.130317064,3.102930963,1
35951,3.257820638,2.991400976,3.457113499,1
35979,2.614192847,3.177174818,2.517497407,1
35988,3.265324818,3.093291749,3.504990124,1
35989,3.050012562,2.961145803,3.292307588,1
35999,3.219722491,2.997384969,3.306735167,1
36002,2.783902776,2.637524075,3.227237637,1
36013,2.321529806,2.46436377,3.377287228,1
36021,3.57299622,3.236899014,3.55793523,1
36024,2.547232467,3.063429222,2.183555615,1
36026,3.396359355,3.203693853,3.24373181,1
36027,2.83527755,2.677471088,3.398827503,1
36030,3.537207051,3.491245304,3.408192001,1
36042,2.33192021,2.341460436,3.46471082,1
36048,3.016532372,2.981596829,3.155168427,1
36050,2.317489094,2.548752649,2.734829395,1
36056,3.550483678,3.224875303,3.347996065,1
36060,2.917246291,2.943447586,3.116384664,1
36063,2.404075792,2.43888379,3.12587572,1
36065,2.437555982,2.418151568,3.560386128,1
36071,3.417717408,3.311061952,3.311582172,1
36076,3.222608714,3.166695971,3.481636369,1
36081,3.406172514,3.386124203,3.115084361,1
36088,2.885497835,2.882852367,3.350855188,1
36097,2.901660685,2.860519555,3.310889192,1
36099,3.083492752,3.302718653,2.803899033,1
36101,2.498166671,2.849450882,2.504350068,1
36102,3.267056552,3.367948466,3.120688398,1
36103,3.246852989,2.927181926,3.589951242,1
36110,2.939758833,3.195491153,3.051088606,1
36111,2.966889331,3.144700081,2.941282821,1
36114,1.773147383,2.047812684,3.037197355,1
36116,2.877993654,3.085846907,3.126381179,1
36119,3.428685056,3.141413171,3.471380565,1
36120,3.429262301,3.577123323,2.777281015,1
36121,2.896465483,3.040562309,3.133120377,1
36122,2.616501825,2.912827201,2.759022752,1
36125,2.858944581,2.675392121,3.354851016,1
36129,3.004410234,2.796159907,3.518955458,1
36131,3.352488761,3.305696076,3.279869436,1
36133,3.263593084,3.250860236,3.178423405,1
36134,2.6678766,3.244118385,2.463195664,1
36137,2.77697584,2.882094509,3.419761228,1
36141,2.978434225,2.892376175,3.233520764,1
36154,2.880302633,2.923726984,3.108819755,1
36158,3.596663251,3.350784351,3.234271621,1
36161,3.394050377,3.436409464,3.415201292,1
36163,2.844513464,2.937689064,3.129999649,1
36166,3.531434605,3.371404265,3.393198,1
36168,3.478905341,3.300386782,3.388225209,1
36172,2.686348429,2.939515125,2.712115374,1
36173,2.090054699,2.363596924,2.87654547,1
36174,2.671917312,2.86846935,2.685172473,1
36177,3.340366624,3.425285067,3.362651292,1
36182,3.208754842,3.008733981,3.495137144,1
36189,3.349025293,3.249484261,3.290236364,1
36191,3.314390614,3.39840082,3.079540939,1
36200,3.437343726,3.164673587,3.285347686,1
36209,3.350757027,3.368594875,3.232350877,1
36211,2.785057265,2.728373609,3.422883499,1
36218,3.525662158,3.525461229,2.930448247,1
36226,3.483523298,3.43090299,3.320666546,1
36228,2.570322253,3.026319891,3.552005539,1
36232,3.459856267,3.427616938,3.581398565,1
36233,2.610152134,2.95386985,3.045832603,1
36234,3.503726861,3.359998671,3.435715215,1
36240,3.235308096,3.058485141,3.325528986,1
36241,2.813919498,3.131665606,3.029447239,1
36242,3.417717408,3.29330801,3.598184438,1
36244,2.635550899,2.941537509,3.356618966,1
36245,2.995751564,2.783631243,3.342967711,1
36249,3.104273559,3.030111754,3.21945048,1
36255,3.126208856,3.241027798,3.309193782,1
36257,3.234730852,3.312916304,2.925478542,1
36259,2.885497835,2.8220051,3.380755217,1
36264,2.473345151,2.847232175,2.935751324,1
36273,3.074834082,2.928137822,3.429641989,1
36278,3.198941683,3.08542597,3.269033318,1
36280,2.471613417,2.802480822,2.517419466,1
36282,2.799488381,2.597773385,3.390622088,1
36285,2.625160495,2.664885841,3.43697076,1
36287,3.500263393,3.320529178,3.473346839,1
36289,2.912051089,3.001092816,3.113355768,1
36295,3.088110709,2.987805436,3.521728923,1
36296,2.806415317,2.89392104,3.234668272,1
36305,3.446002396,3.422026448,3.349668324,1
36314,2.802951849,2.752223851,3.55942074,1
36315,2.925327716,2.720030311,3.34627596,1
36318,2.842204486,3.043624605,2.802357961,1
36321,3.346716315,3.230633825,3.274306299,1
36325,3.458701778,3.155122345,3.493464112,1
36327,3.231844628,3.261563697,3.137775231,1
36328,3.000946766,2.812229244,3.521450342,1
36336,3.354220495,3.184787692,3.588221106,1
36340,3.175274652,3.034269686,3.489729117,1
36343,3.538938785,3.438516722,3.47665123,1
36347,2.682884961,2.789221733,3.094101248,1
36350,3.352488761,3.310106913,3.19263568,1
36352,2.611306624,2.83498385,2.884901365,1
36355,3.19490097,3.393653061,3.453669432,1
36357,2.7596585,2.666093785,3.268642841,1
36360,2.648827526,2.571703578,3.499939391,1
36367,2.012703916,2.134252238,3.004536207,1
36378,3.242235032,3.290751524,3.382623487,1
36381,3.567801018,3.466889251,3.343551883,1
36387,2.761967479,3.292577585,3.024224419,1
36395,3.350179783,3.218048578,3.55137275,1
36396,2.857790091,2.932941305,3.546688572,1
36398,3.174120163,3.305864965,3.074203136,1
36403,2.679998738,2.874874281,3.292519804,1
36407,2.574362966,2.481780791,3.521720435,1
36408,2.354432752,2.693904779,2.978842678,1
36409,3.182201588,3.367078301,2.70964827,1
36411,2.940336077,3.040309404,3.163166256,1
36418,2.819691944,3.123069403,3.033664543,1
36419,2.800065626,2.722278166,3.430399792,1
36423,2.546655222,2.637467493,3.103645551,1
36430,2.95303546,2.905551248,3.50526639,1
36432,3.413676695,3.30561206,3.593280327,1
36437,3.168347716,3.257574654,3.103688766,1
36441,3.243389521,3.235943118,3.155835941,1
36457,2.438133227,2.721294836,3.440007373,1
36485,2.793715935,2.887010299,3.249598994,1
36488,3.260706861,3.453714178,2.741374126,1
36491,3.485255032,3.328423248,3.414019829,1
36496,3.035581445,3.079862914,3.331942529,1
36502,2.932831897,2.848720458,3.321417404,1
36516,2.921864248,2.658424329,3.595059852,1
36520,2.480849331,2.556618428,3.089017333,1
36526,3.415985674,3.44256149,3.135741047,1
36530,3.570109997,3.38463592,3.515377887,1
36532,3.297650519,3.213638598,3.307948269,1
36535,3.495645436,3.448825822,3.177128503,1
36538,3.077720305,3.021375809,3.205734403,1
36540,3.435611992,3.389832907,2.925144399,1
36543,3.256088904,3.548413015,3.122300465,1
36546,2.924750472,2.769725746,3.003570047,1
36548,2.626892229,2.659969193,3.514159384,1
36550,2.343465103,2.944543222,3.026040213,1
36552,3.287260115,3.2326845,3.295564906,1
36554,3.208177597,3.170207495,3.340874107,1
36555,3.255511659,3.223948555,3.15672416,1
36565,3.248584723,3.125653322,3.345794424,1
36567,3.604744676,3.336794837,3.486439388,1
36572,2.744072894,2.642327558,3.575289841,1
36575,3.493336457,3.38443874,3.257903186,1
36578,1.950361493,2.303198886,2.424789259,1
36589,3.29534154,3.512033251,2.843132693,1
36591,2.797179403,3.517062206,2.655043251,1
36594,3.003255745,3.133884313,3.580296587,1
36595,2.274772989,2.472032369,3.523073985,1
36597,3.436189236,3.214565345,3.43435472,1
36598,3.368074367,3.242685827,3.286674227,1
36599,3.320163061,3.166303325,3.382955315,1
36608,2.931100163,2.975810016,3.057114759,1
36617,2.78448002,2.678397835,3.343500951,1
36620,2.714056172,2.634039985,3.177666373,1
36621,2.670762823,2.93530061,3.107046403,1
36634,3.223763203,3.106634854,3.238559921,1
36635,2.755617787,2.983843827,3.0417434,1
36636,2.959962396,2.598728423,3.569385616,1
36637,3.567801018,3.438825352,3.322908315,1
36646,3.563760305,3.589764294,3.249481696,1
36650,2.61707907,2.860940492,3.130677968,1
36653,3.293032562,3.241280703,3.57332511,1
36656,3.033272467,3.282661131,2.793692617,1
36658,3.152762111,3.267575124,2.994186256,1
36659,1.929003441,2.379103868,2.914433296,1
36662,3.181047099,3.008312186,3.481736689,1
36673,2.721560353,3.080733936,2.926073518,1
36674,1.952093227,2.014832137,3.426468014,1
36677,3.383082728,3.384157544,3.392420134,1
36680,3.515271754,3.541193644,3.410825791,1
36688,3.478905341,3.29920713,3.342749322,1
36690,3.222031469,3.150290571,3.184448014,1
36691,3.365765388,3.403710113,3.332439499,1
36696,2.543191754,2.930019608,2.814925759,1
36700,2.855481113,3.067305958,3.020967101,1
36704,3.190860258,2.890072595,3.444281011,1
36706,2.480272087,2.422842744,3.173148109,1
36709,3.273983488,3.497987155,3.428932031,1
36720,3.173542918,3.078711552,3.305671002,1
36722,3.356529474,3.388680688,2.959231636,1
36738,3.252048191,3.476187588,2.938788709,1
36740,3.465628714,3.263838986,3.592289473,1
36756,3.233576362,3.064019049,3.594718764,1
36759,2.427742823,2.683089011,2.662004697,1
36760,3.286682871,3.277969097,3.494133171,1
36762,2.958807906,3.222936935,2.914849239,1
36768,3.439652704,3.154673117,3.550979958,1
36776,2.887229569,3.115905757,2.633164974,1
36778,3.560296837,3.427391467,3.468063055,1
36783,3.430994035,3.516837592,2.954670157,1
36784,3.280910424,3.068064674,3.35113377,1
36785,3.197787194,3.099556081,3.517248472,1
36792,2.051379308,2.872935913,1.917424829,1
36797,2.305366956,2.353370983,3.02398365,1
36799,2.951303726,2.727165665,3.399534374,1
36801,2.754463298,2.945751166,3.047111299,1
36804,3.096192134,3.139109591,3.088602162,1
36805,2.688080163,2.906000476,3.323440783,1
36810,2.930522918,3.061041626,2.799521217,1
36815,2.241292799,2.721182529,2.116115793,1
36818,3.57299622,3.597714947,3.076603102,1
36819,3.17007945,3.114500633,3.283607518,1
36832,3.317276837,3.164224359,3.279202693,1
36843,3.565492039,3.411322987,3.538833506,1
36846,3.312081636,3.172511075,3.515918844,1
36848,2.861253559,2.657525015,3.357815862,1
36849,3.175851897,3.224791287,3.28254181,1
36861,2.300171754,2.156529325,3.524317183,1
36863,3.504304106,3.404861475,3.423834997,1
36868,3.111200495,3.12908083,3.187134279,1
36869,3.328244486,3.38772565,3.043029813,1
36879,2.591103061,2.58864308,3.59426578,1
36881,3.055207764,2.88195391,3.270217867,1
36882,2.412734462,2.446945892,3.484159806,1
36883,2.446214652,2.647075317,2.853325218,1
36892,2.754463298,3.038764539,2.846180881,1
36895,3.210486576,2.910972848,3.361695164,1
36896,3.381928239,3.422503967,3.269669965,1
36897,3.326512752,3.587011486,2.982367002,1
36898,3.410213227,3.476581091,3.484473114,1
36902,2.730219023,3.254849279,2.420321155,1
36904,2.91955527,2.933053612,3.174618957,1
36908,3.247430234,3.289655888,2.942701965,1
36910,2.076200828,2.161838619,3.500207169,1
36921,3.263593084,3.255720302,3.231292885,1
36923,3.101387336,3.036179763,3.046920691,1
36927,3.151030377,3.303617967,2.794693503,1
36931,2.766585436,2.900662891,3.21441055,1
36934,2.805260828,2.798772975,3.114330417,1
36935,3.208754842,2.944880143,3.577351806,1
36942,2.824887146,2.628449495,3.498200766,1
36948,3.478328096,3.324237025,3.546572046,1
36952,3.144103441,2.874677958,3.484016271,1
36954,2.781593797,2.832174459,3.40622264,1
36960,3.331130709,3.483885335,2.999522516,1
36962,2.537419308,2.646120278,3.03382737,1
36963,2.702511279,2.899258624,3.556916595,1
36967,2.979588714,2.970640463,3.009021289,1
36971,3.570109997,3.443236189,3.210546682,1
36972,2.977279735,3.020869999,3.063635568,1
36979,3.592045294,3.301286096,3.341010697,1
36991,3.098501113,2.925355865,3.327425036,1
36995,3.114086719,3.366881121,2.579704377,1
37004,3.332285198,3.586309353,2.850801009,1
37008,2.502784628,2.953082843,2.611721932,1
37018,3.093305911,3.104669052,3.358912438,1
37019,3.398091089,3.331260072,3.156674,1
37020,2.84393622,3.105567508,3.584902825,1
37023,3.356529474,3.282463951,3.211889428,1
37033,3.35479774,3.230409211,3.376057149,1
37040,2.898774462,3.064806055,3.031287728,1
37041,3.46389698,3.33288981,2.972622059,1
37049,3.465628714,3.541081337,3.054388367,1
37051,2.99401983,2.902601259,3.280206666,1
37061,3.146412419,3.248023412,3.186640395,1
37066,3.278601445,3.400394912,3.604962221,1
37067,3.603012942,3.449023002,3.34993533,1
37070,2.727332799,2.963898611,2.980923935,1
37073,3.313813369,3.295864495,3.45210984,1
37074,2.613038357,2.48534804,3.340718225,1
37078,3.324203773,3.569369851,2.866585224,1
37080,3.560296837,3.480879622,3.262619775,1
37081,2.950149236,2.771101721,3.31663985,1
37084,3.327089997,3.27802568,3.08710662,1
37087,2.906278643,2.696741603,3.525953173,1
37089,2.890693037,3.15026228,2.958547144,1
37091,3.338057645,3.297549958,3.106860425,1
37093,3.444847906,3.405170962,3.026821167,1
37097,2.437555982,2.255582417,3.427779893,1
37099,3.454083821,3.142143595,3.343840496,1
37100,2.777553084,2.786159437,3.440199525,1
37106,3.073679593,3.269598365,3.277452492,1
37107,2.862985293,2.948195344,3.040224708,1
37108,3.317276837,3.301959938,3.272579249,1
37109,3.465628714,3.593136077,2.838513336,1
37110,2.518947479,2.808015587,2.912250947,1
37117,3.232999118,3.19282236,3.095260331,1
37128,3.025768286,3.26524411,2.975495073,1
37134,2.670185578,2.956763256,2.825383746,1
37135,2.957653417,3.066547243,3.353674184,1
37136,3.009028191,3.172118429,2.774298421,1
37137,2.732528001,2.841192457,3.449641964,1
37139,3.140062728,3.017864286,3.256119031,1
37144,1.862620305,2.012275651,3.460794476,1
37146,3.133135792,3.022218541,3.254487671,1
37153,2.85259489,2.86405937,3.078692076,1
37154,2.539728286,2.869846183,2.763547961,1
37155,3.291300828,3.199733101,3.35555017,1
37156,2.557045626,2.489730586,3.505340473,1
37169,3.418294652,3.412025121,3.430053301,1
37172,3.541247764,3.320304564,3.252834704,1
37173,3.416562918,3.391124867,3.299957384,1
37177,3.138908239,3.244146676,2.950516132,1
37178,2.355587241,2.775428543,3.045969193,1
37180,3.248584723,3.373454941,3.280339397,1
37185,2.495280448,2.290416459,3.457787959,1
37186,2.027712277,1.791106232,3.558945377,1
37189,3.532011849,3.433936995,3.26542025,1
37191,3.101964581,3.309320764,3.31739611,1
37195,3.491027479,3.167903915,3.519074298,1
37196,3.039044913,2.955527022,3.344159977,1
37197,3.598972229,3.547963787,3.549284548,1
37199,3.467937693,3.514309397,3.061960993,1
37201,3.280910424,3.035534212,3.43214459,1
37207,3.43041679,3.35356545,3.083487378,1
37211,3.02865451,3.025055365,3.01759403,1
37213,2.995751564,2.72528388,3.545863632,1
37216,2.662681398,2.729020017,3.121758736,1
37219,2.684616695,2.56156251,3.297197809,1
37220,3.175851897,3.558217162,2.7478795,1
37223,3.143526196,3.023398193,3.310178462,1
37230,2.007508714,2.036435381,3.518857453,1
37234,3.046549094,2.950976444,3.029275923,1
37237,2.775244106,3.278194569,3.167626643,1
37239,2.460068524,2.905382359,2.457965898,1
37242,3.598972229,3.492762735,3.183771239,1
37244,3.376733037,3.283334973,3.328332547,1
37247,2.140852229,2.67553272,2.971590305,1
37252,3.015377882,2.897685469,3.461921148,1
37253,3.376155792,3.127732288,3.34974858,1
37259,2.862408049,2.695618533,3.201781018,1
37263,3.244544011,3.062643073,3.424345858,1
37270,3.062711944,3.044298447,3.365714915,1
37274,3.444847906,3.278446617,3.487232689,1
37276,3.01133717,3.038005824,3.386994358,1
37278,2.428320068,2.383823336,3.224010415,1
37280,3.294187051,3.211784246,3.34546028,1
37296,2.832391327,2.976399842,3.382217576,1
37302,2.629201208,2.849563189,3.060703133,1
37305,3.575305199,3.508943521,3.196846811,1
37308,3.37096059,3.361375504,3.44429413,1
37309,3.582232134,3.165881531,3.550459837,1
37319,3.223185959,2.922574766,3.382742328,1
37321,3.284373892,2.999238464,3.564439061,1
37322,2.406962015,2.504366508,3.018171256,1
37324,2.738300448,2.547122911,3.432685547,1
37329,3.007873702,2.965275444,3.452396138,1
37338,2.800065626,3.591787536,2.045275119,1
37342,2.946108524,3.439106548,2.496221823,1
37347,2.933986386,2.982018623,3.073963911,1
37349,3.557410614,3.491582225,2.979301064,1
37356,3.43041679,3.095707636,3.314926691,1
37359,3.3969366,3.247995121,3.537864259,1
37371,3.241080543,3.003200073,3.495533794,1
37374,3.17123394,3.246871193,3.182411516,1
37375,3.156225578,3.238696784,3.311525067,1
37379,2.583021635,3.320304564,2.724873008,1
37401,3.573573465,3.597068538,3.090900264,1
37403,3.375001303,3.273361937,3.313421889,1
37407,3.421180875,3.331428962,3.330488658,1
37408,3.142948951,2.879397425,3.418156105,1
37414,2.648250281,3.255158767,3.289483963,1
37418,2.019053607,2.317328997,2.905476252,1
37423,3.52219869,3.386040187,3.531655986,1
37426,3.083492752,3.172118429,2.976918075,1
37435,2.568013274,2.615864248,3.40883868,1
37438,2.746959118,2.968084835,2.960129116,1
37439,3.547597455,3.455034429,3.581149308,1
37440,3.009605436,3.069188601,2.952260931,1
37454,3.21221831,3.149250659,3.452968734,1
37457,2.630932942,2.918782903,3.339185642,1
37458,3.209909331,3.30330848,3.371325897,1
37459,2.593412039,2.598897312,3.586394508,1
37460,3.093305911,3.491694532,3.571895162,1
37461,1.956133939,1.967243959,3.063001236,1
37462,3.045394605,2.85386172,2.973235555,1
37469,2.345774082,2.823774579,2.77025552,1
37471,2.545500733,2.707445064,2.981312869,1
37472,2.509134319,2.607773855,2.831907642,1
37474,3.302268476,3.472255127,2.989678796,1
37476,3.007873702,3.042922472,2.926339752,1
37477,3.176429141,2.958336412,3.569610178,1
37480,3.154493845,3.173100902,2.88422459,1
37483,3.054053274,2.89903401,3.594178578,1
37487,3.354220495,3.392753747,3.48624415,1
37492,3.481791564,3.297858588,3.101038771,1
37494,3.22087698,3.256029789,3.061936299,1
37495,2.962848619,2.9408911,3.209024903,1
37497,3.087533464,3.386011896,3.128709378,1
37499,2.389644676,2.672329826,2.956461257,1
37502,3.440807194,3.456495278,3.054764953,1
37512,3.550483678,3.282463951,3.339858559,1
37517,3.211641065,3.008762272,3.457540245,1
37519,1.878205911,1.83950885,3.127101169,1
37530,2.215894034,2.565382664,3.54894809,1
37535,2.667299355,2.74348705,2.856195917,1
37538,2.786788999,2.625247458,3.250104453,1
37541,2.8191147,2.70182714,3.467528272,1
37560,2.789097977,3.036826171,3.015858491,1
37561,2.612461113,2.761129542,3.143438688,1
37562,3.327089997,3.145795717,3.555464268,1
37568,3.344407336,3.113742775,3.595369301,1
37572,2.5760947,2.569203675,3.32381737,1
37580,2.438133227,2.615218697,2.88877758,1
37588,3.20355964,3.309151875,3.108896924,1
37589,3.48121432,3.256422435,3.567802101,1
37591,2.599184486,2.811919757,3.0654367,1
37594,2.936872609,2.87585761,3.398802809,1
37600,3.274560733,3.29381382,3.173041615,1
37606,3.446002396,3.148858013,3.344706336,1
37609,2.345774082,2.386857341,2.825004845,1
37610,2.731373512,3.010560042,3.180382734,1
37612,2.882034367,2.874509068,3.110118514,1
37618,2.76831717,2.746689944,3.322522468,1
37621,2.900506196,2.926255179,3.133872006,1
37624,2.839318263,2.69443888,3.321515409,1
37625,3.365188144,3.306370775,3.222398348,1
37630,2.681730472,2.926985603,2.769271611,1
37637,2.792561445,2.954431385,2.756979308,1
37640,2.782748286,2.787789175,3.544104943,1
37641,3.073102348,2.759921599,3.597126447,1
37643,2.730796267,3.144475467,2.812422385,1
37648,1.877051421,2.177879664,3.525196913,1
37649,2.215894034,2.603953701,3.356900634,1
37655,3.459856267,3.268025209,3.600692442,1
37658,2.953612704,2.962774684,3.260765396,1
37660,2.587639593,2.625190876,3.233420444,1
37661,2.794870424,2.731632228,2.956283768,1
37663,2.468727194,2.54529685,3.2883843,1
37672,2.801220115,2.77784443,3.241368113,1
37673,3.4887185,3.502622607,3.379787514,1
37680,3.329398975,3.412952725,3.418372951,1
37692,2.990556362,3.282604549,3.315282442,1
37701,3.482946054,3.504364652,2.835786944,1
37703,3.011914415,3.099162578,2.850297865,1
37705,3.089842443,2.952324985,3.329340379,1
37708,3.066752657,3.177933533,2.784598983,1
37709,2.858367336,2.606650785,3.467310654,1
37711,3.088110709,3.335558603,3.565291783,1
37718,3.526816647,3.385618393,3.201953105,1
37719,3.570109997,3.591928134,3.015928716,1
37721,3.104273559,2.744414655,3.481350071,1
37728,3.570109997,3.467591385,3.399336049,1
37730,2.966312087,3.166668537,3.405057383,1
37737,3.121590899,3.205575639,2.953007158,1
37746,3.118127431,3.313365532,3.057109357,1
37750,3.20471413,3.251366047,2.842306209,1
37751,3.276869712,3.211335018,3.151474331,1
37765,3.16142078,3.071295001,2.976759878,1
37769,3.134867526,3.36966222,2.403915727,1
37791,3.257243393,3.440370216,3.222111278,1
37795,2.419084153,2.360338306,3.371061206,1
37799,3.081761018,3.253445013,2.618621642,1
37802,2.93571812,2.937436159,3.07524878,1
37810,3.08580173,3.463602342,3.300973704,1
37814,2.898197217,2.530436315,3.447025924,1
37816,2.570899498,2.593784342,3.335280102,1
37821,2.990556362,3.272688095,3.14403212,1
37824,2.871066719,2.960921189,2.988718038,1
37827,3.058093987,3.473547087,3.166741511,1
37829,2.040411659,2.656149039,2.29313375,1
37830,3.451197598,3.592405653,2.699457288,1
37841,2.948994747,2.972691995,3.510273908,1
37844,1.79623717,1.954742728,2.842356369,1
37854,3.211641065,2.987608256,3.503158896,1
37855,2.715787906,2.616341767,3.443549446,1
37861,2.803529094,2.583614982,3.447097691,1
37864,3.316122348,3.516415797,2.875384071,1
37868,3.181047099,3.125091787,3.44275383,1
37873,3.380196505,3.54127766,3.205928098,1
37875,3.532589094,3.51877596,2.797527161,1
37877,2.026557787,2.201111789,3.42585992,1
37879,3.193169236,3.111439195,3.37812683,1
37887,3.551638168,3.327523934,3.332660975,1
37892,3.05232154,3.178888572,2.66237974,1
37895,3.447156885,3.292745617,3.112597193,1
37900,3.117550187,3.022639478,3.572256315,1
37906,2.706551992,2.439557632,3.566297299,1
37914,2.763121968,2.749695657,3.285774433,1
37917,3.077720305,2.853300185,3.54243114,1
37919,2.181259355,2.167316802,2.952331926,1
37921,2.274772989,2.201616742,3.465985657,1
37923,2.861830804,2.736689474,3.367646463,1
37928,2.393685388,2.071775234,3.566059617,1
37931,2.688080163,2.560860377,3.111688139,1
37936,3.534320828,3.561925009,3.0608567,1
37937,3.362879165,3.265215819,3.414965154,1
37941,2.631510186,3.212935607,2.738903935,1
37942,3.192014747,3.299600633,3.310182321,1
37944,2.073314604,2.228135777,2.891991683,1
37945,2.127575602,2.138465896,3.256782687,1
37952,3.374424058,3.357217572,3.373698854,1
37955,2.671917312,2.813549495,3.453711103,1
37957,2.413888951,2.434894747,3.319028241,1
37958,2.518370234,2.631146578,3.44131848,1
37963,3.398668334,3.410031028,3.064450476,1
37967,3.228958405,3.279907465,3.174638249,1
37969,3.591468049,3.498043738,3.063101556,1
37971,3.0944604,3.091970641,3.172338603,1
37972,2.368863868,2.351938425,3.413929541,1
37984,3.220299735,3.042444952,3.372766648,1
37989,2.315180115,2.439277293,3.186850296,1
37991,3.228958405,3.243893771,3.138828592,1
37995,2.859521825,2.764331579,3.596865614,1
37998,3.226072182,3.113573886,3.150437175,1
38000,3.202982396,3.300106443,3.070480487,1
38002,2.764853702,2.788687632,3.47634564,1
38007,3.066175412,3.1711351,3.107546461,1
38011,3.164307004,2.997384969,3.283825907,1
38014,3.181047099,3.010138247,3.587264978,1
38016,3.141217217,3.192569455,2.931374279,1
38018,2.55877736,2.488775548,3.500297457,1
38020,2.450255365,2.551083663,3.158357063,1
38021,3.396359355,3.025954679,3.601001891,1
38023,2.987092894,3.252153053,3.53100622,1
38025,2.128730091,2.552432205,2.90596319,1
38027,2.48315831,2.327779553,3.539488673,1
38029,2.268423298,2.299714796,3.25219497,1
38030,2.98651565,3.175292175,3.363328839,1
38045,3.076565816,3.149756469,3.266830134,1
38046,3.435034747,3.456074341,2.839738785,1
38048,2.47449964,2.490657334,3.133752394,1
38049,2.293244818,2.377108918,3.040622902,1
38051,3.533743583,3.235522181,3.35722706,1
38054,3.458701778,3.314067665,3.135088967,1
38057,2.720405863,3.029606801,3.028170087,1
38063,3.007873702,2.877290168,3.402763911,1
38064,2.375213559,2.349916041,3.223618395,1
38066,2.659795175,2.548808374,3.065019214,1
38069,3.582232134,3.457394591,3.420798383,1
38080,3.118127431,2.879846653,3.298445637,1
38081,2.737145958,2.892319593,3.590930521,1
38084,3.589736315,3.528270619,3.255611256,1
38086,2.116607954,2.189059787,3.297018776,1
38091,2.808724296,2.74348705,3.019225389,1
38219,3.58915907,3.568976348,2.900720306,0
38220,2.808724296,3.2046206,2.873160823,0
38496,2.406962015,3.396855955,3.349373537,0
38895,2.913205578,3.540547236,2.552654211,0
39021,2.899351707,3.291481949,2.923640369,0
39118,3.442538928,3.396995696,3.161413741,0
39205,3.130249569,3.426661042,3.343499408,0
39427,3.009028191,3.392445117,2.513418236,0
39556,2.91955527,2.853300185,3.496416611,0
39613,3.000946766,3.166977167,3.136144643,0
39644,2.879725388,3.203946758,2.736480047,0
39681,3.076565816,3.036179763,3.248870515,0
39733,3.545865721,3.577095032,2.975856997,1
39734,3.470246671,3.273418519,3.310555049,1
39740,3.026922776,3.077756514,3.121389095,1
39741,3.425221588,3.337103467,3.165277609,1
39748,3.386546196,3.297297053,3.32454199,1
39752,3.115818453,3.237881486,2.866396931,1
39753,2.853172134,3.07343055,2.643668492,1
39758,3.450043108,3.591646938,3.256268739,1
39760,3.153339355,3.130317064,3.102930963,1
39761,3.257820638,2.991400976,3.457113499,1
39789,2.614192847,3.177174818,2.517497407,1
39798,3.265324818,3.093291749,3.504990124,1
39799,3.050012562,2.961145803,3.292307588,1
39809,3.219722491,2.997384969,3.306735167,1
39812,2.783902776,2.637524075,3.227237637,1
39823,2.321529806,2.46436377,3.377287228,1
39831,3.57299622,3.236899014,3.55793523,1
39834,2.547232467,3.063429222,2.183555615,1
39836,3.396359355,3.203693853,3.24373181,1
39837,2.83527755,2.677471088,3.398827503,1
39840,3.537207051,3.491245304,3.408192001,1
39852,2.33192021,2.341460436,3.46471082,1
39858,3.016532372,2.981596829,3.155168427,1
39860,2.317489094,2.548752649,2.734829395,1
39866,3.550483678,3.224875303,3.347996065,1
39870,2.917246291,2.943447586,3.116384664,1
39873,2.404075792,2.43888379,3.12587572,1
39875,2.437555982,2.418151568,3.560386128,1
39881,3.417717408,3.311061952,3.311582172,1
39886,3.222608714,3.166695971,3.481636369,1
39891,3.406172514,3.386124203,3.115084361,1
39898,2.885497835,2.882852367,3.350855188,1
39907,2.901660685,2.860519555,3.310889192,1
39909,3.083492752,3.302718653,2.803899033,1
39911,2.498166671,2.849450882,2.504350068,1
39912,3.267056552,3.367948466,3.120688398,1
39913,3.246852989,2.927181926,3.589951242,1
39920,2.939758833,3.195491153,3.051088606,1
39921,2.966889331,3.144700081,2.941282821,1
39924,1.773147383,2.047812684,3.037197355,1
39926,2.877993654,3.085846907,3.126381179,1
39929,3.428685056,3.141413171,3.471380565,1
39930,3.429262301,3.577123323,2.777281015,1
39931,2.896465483,3.040562309,3.133120377,1
39932,2.616501825,2.912827201,2.759022752,1
39935,2.858944581,2.675392121,3.354851016,1
39939,3.004410234,2.796159907,3.518955458,1
39941,3.352488761,3.305696076,3.279869436,1
39943,3.263593084,3.250860236,3.178423405,1
39944,2.6678766,3.244118385,2.463195664,1
39947,2.77697584,2.882094509,3.419761228,1
39951,2.978434225,2.892376175,3.233520764,1
39964,2.880302633,2.923726984,3.108819755,1
39968,3.596663251,3.350784351,3.234271621,1
39971,3.394050377,3.436409464,3.415201292,1
39973,2.844513464,2.937689064,3.129999649,1
39976,3.531434605,3.371404265,3.393198,1
39978,3.478905341,3.300386782,3.388225209,1
39982,2.686348429,2.939515125,2.712115374,1
39983,2.090054699,2.363596924,2.87654547,1
39984,2.671917312,2.86846935,2.685172473,1
39987,3.340366624,3.425285067,3.362651292,1
39992,3.208754842,3.008733981,3.495137144,1
39999,3.349025293,3.249484261,3.290236364,1
40001,3.314390614,3.39840082,3.079540939,1
40010,3.437343726,3.164673587,3.285347686,1
40019,3.350757027,3.368594875,3.232350877,1
40021,2.785057265,2.728373609,3.422883499,1
40028,3.525662158,3.525461229,2.930448247,1
40036,3.483523298,3.43090299,3.320666546,1
40038,2.570322253,3.026319891,3.552005539,1
40042,3.459856267,3.427616938,3.581398565,1
40043,2.610152134,2.95386985,3.045832603,1
40044,3.503726861,3.359998671,3.435715215,1
40050,3.235308096,3.058485141,3.325528986,1
40051,2.813919498,3.131665606,3.029447239,1
40052,3.417717408,3.29330801,3.598184438,1
40054,2.635550899,2.941537509,3.356618966,1
40055,2.995751564,2.783631243,3.342967711,1
40059,3.104273559,3.030111754,3.21945048,1
40065,3.126208856,3.241027798,3.309193782,1
40067,3.234730852,3.312916304,2.925478542,1
40069,2.885497835,2.8220051,3.380755217,1
40074,2.473345151,2.847232175,2.935751324,1
40083,3.074834082,2.928137822,3.429641989,1
40088,3.198941683,3.08542597,3.269033318,1
40090,2.471613417,2.802480822,2.517419466,1
40092,2.799488381,2.597773385,3.390622088,1
40095,2.625160495,2.664885841,3.43697076,1
40097,3.500263393,3.320529178,3.473346839,1
40099,2.912051089,3.001092816,3.113355768,1
40105,3.088110709,2.987805436,3.521728923,1
40106,2.806415317,2.89392104,3.234668272,1
40115,3.446002396,3.422026448,3.349668324,1
40124,2.802951849,2.752223851,3.55942074,1
40125,2.925327716,2.720030311,3.34627596,1
40128,2.842204486,3.043624605,2.802357961,1
40131,3.346716315,3.230633825,3.274306299,1
40135,3.458701778,3.155122345,3.493464112,1
40137,3.231844628,3.261563697,3.137775231,1
40138,3.000946766,2.812229244,3.521450342,1
40146,3.354220495,3.184787692,3.588221106,1
40150,3.175274652,3.034269686,3.489729117,1
40153,3.538938785,3.438516722,3.47665123,1
40157,2.682884961,2.789221733,3.094101248,1
40160,3.352488761,3.310106913,3.19263568,1
40162,2.611306624,2.83498385,2.884901365,1
40165,3.19490097,3.393653061,3.453669432,1
40167,2.7596585,2.666093785,3.268642841,1
40170,2.648827526,2.571703578,3.499939391,1
40177,2.012703916,2.134252238,3.004536207,1
40188,3.242235032,3.290751524,3.382623487,1
40191,3.567801018,3.466889251,3.343551883,1
40197,2.761967479,3.292577585,3.024224419,1
40205,3.350179783,3.218048578,3.55137275,1
40206,2.857790091,2.932941305,3.546688572,1
40208,3.174120163,3.305864965,3.074203136,1
40213,2.679998738,2.874874281,3.292519804,1
40217,2.574362966,2.481780791,3.521720435,1
40218,2.354432752,2.693904779,2.978842678,1
40219,3.182201588,3.367078301,2.70964827,1
40221,2.940336077,3.040309404,3.163166256,1
40228,2.819691944,3.123069403,3.033664543,1
40229,2.800065626,2.722278166,3.430399792,1
40233,2.546655222,2.637467493,3.103645551,1
40240,2.95303546,2.905551248,3.50526639,1
40242,3.413676695,3.30561206,3.593280327,1
40247,3.168347716,3.257574654,3.103688766,1
40251,3.243389521,3.235943118,3.155835941,1
40267,2.438133227,2.721294836,3.440007373,1
40295,2.793715935,2.887010299,3.249598994,1
40298,3.260706861,3.453714178,2.741374126,1
40301,3.485255032,3.328423248,3.414019829,1
40306,3.035581445,3.079862914,3.331942529,1
40312,2.932831897,2.848720458,3.321417404,1
40326,2.921864248,2.658424329,3.595059852,1
40330,2.480849331,2.556618428,3.089017333,1
40336,3.415985674,3.44256149,3.135741047,1
40340,3.570109997,3.38463592,3.515377887,1
40342,3.297650519,3.213638598,3.307948269,1
40345,3.495645436,3.448825822,3.177128503,1
40348,3.077720305,3.021375809,3.205734403,1
40350,3.435611992,3.389832907,2.925144399,1
40353,3.256088904,3.548413015,3.122300465,1
40356,2.924750472,2.769725746,3.003570047,1
40358,2.626892229,2.659969193,3.514159384,1
40360,2.343465103,2.944543222,3.026040213,1
40362,3.287260115,3.2326845,3.295564906,1
40364,3.208177597,3.170207495,3.340874107,1
40365,3.255511659,3.223948555,3.15672416,1
40375,3.248584723,3.125653322,3.345794424,1
40377,3.604744676,3.336794837,3.486439388,1
40382,2.744072894,2.642327558,3.575289841,1
40385,3.493336457,3.38443874,3.257903186,1
40388,1.950361493,2.303198886,2.424789259,1
40399,3.29534154,3.512033251,2.843132693,1
40401,2.797179403,3.517062206,2.655043251,1
40404,3.003255745,3.133884313,3.580296587,1
40405,2.274772989,2.472032369,3.523073985,1
40407,3.436189236,3.214565345,3.43435472,1
40408,3.368074367,3.242685827,3.286674227,1
40409,3.320163061,3.166303325,3.382955315,1
40418,2.931100163,2.975810016,3.057114759,1
40427,2.78448002,2.678397835,3.343500951,1
40430,2.714056172,2.634039985,3.177666373,1
40431,2.670762823,2.93530061,3.107046403,1
40444,3.223763203,3.106634854,3.238559921,1
40445,2.755617787,2.983843827,3.0417434,1
40446,2.959962396,2.598728423,3.569385616,1
40447,3.567801018,3.438825352,3.322908315,1
40456,3.563760305,3.589764294,3.249481696,1
40460,2.61707907,2.860940492,3.130677968,1
40463,3.293032562,3.241280703,3.57332511,1
40466,3.033272467,3.282661131,2.793692617,1
40468,3.152762111,3.267575124,2.994186256,1
40469,1.929003441,2.379103868,2.914433296,1
40472,3.181047099,3.008312186,3.481736689,1
40483,2.721560353,3.080733936,2.926073518,1
40484,1.952093227,2.014832137,3.426468014,1
40487,3.383082728,3.384157544,3.392420134,1
40490,3.515271754,3.541193644,3.410825791,1
40498,3.478905341,3.29920713,3.342749322,1
40500,3.222031469,3.150290571,3.184448014,1
40501,3.365765388,3.403710113,3.332439499,1
40506,2.543191754,2.930019608,2.814925759,1
40510,2.855481113,3.067305958,3.020967101,1
40514,3.190860258,2.890072595,3.444281011,1
40516,2.480272087,2.422842744,3.173148109,1
40519,3.273983488,3.497987155,3.428932031,1
40530,3.173542918,3.078711552,3.305671002,1
40532,3.356529474,3.388680688,2.959231636,1
40548,3.252048191,3.476187588,2.938788709,1
40550,3.465628714,3.263838986,3.592289473,1
40566,3.233576362,3.064019049,3.594718764,1
40569,2.427742823,2.683089011,2.662004697,1
40570,3.286682871,3.277969097,3.494133171,1
40572,2.958807906,3.222936935,2.914849239,1
40578,3.439652704,3.154673117,3.550979958,1
40586,2.887229569,3.115905757,2.633164974,1
40588,3.560296837,3.427391467,3.468063055,1
40593,3.430994035,3.516837592,2.954670157,1
40594,3.280910424,3.068064674,3.35113377,1
40595,3.197787194,3.099556081,3.517248472,1
40602,2.051379308,2.872935913,1.917424829,1
40607,2.305366956,2.353370983,3.02398365,1
40609,2.951303726,2.727165665,3.399534374,1
40611,2.754463298,2.945751166,3.047111299,1
40614,3.096192134,3.139109591,3.088602162,1
40615,2.688080163,2.906000476,3.323440783,1
40620,2.930522918,3.061041626,2.799521217,1
40625,2.241292799,2.721182529,2.116115793,1
40628,3.57299622,3.597714947,3.076603102,1
40629,3.17007945,3.114500633,3.283607518,1
40642,3.317276837,3.164224359,3.279202693,1
40653,3.565492039,3.411322987,3.538833506,1
40656,3.312081636,3.172511075,3.515918844,1
40658,2.861253559,2.657525015,3.357815862,1
40659,3.175851897,3.224791287,3.28254181,1
40671,2.300171754,2.156529325,3.524317183,1
40673,3.504304106,3.404861475,3.423834997,1
40678,3.111200495,3.12908083,3.187134279,1
40679,3.328244486,3.38772565,3.043029813,1
40689,2.591103061,2.58864308,3.59426578,1
40691,3.055207764,2.88195391,3.270217867,1
40692,2.412734462,2.446945892,3.484159806,1
40693,2.446214652,2.647075317,2.853325218,1
40702,2.754463298,3.038764539,2.846180881,1
40705,3.210486576,2.910972848,3.361695164,1
40706,3.381928239,3.422503967,3.269669965,1
40707,3.326512752,3.587011486,2.982367002,1
40708,3.410213227,3.476581091,3.484473114,1
40712,2.730219023,3.254849279,2.420321155,1
40714,2.91955527,2.933053612,3.174618957,1
40718,3.247430234,3.289655888,2.942701965,1
40720,2.076200828,2.161838619,3.500207169,1
40731,3.263593084,3.255720302,3.231292885,1
40733,3.101387336,3.036179763,3.046920691,1
40737,3.151030377,3.303617967,2.794693503,1
40741,2.766585436,2.900662891,3.21441055,1
40744,2.805260828,2.798772975,3.114330417,1
40745,3.208754842,2.944880143,3.577351806,1
40752,2.824887146,2.628449495,3.498200766,1
40758,3.478328096,3.324237025,3.546572046,1
40762,3.144103441,2.874677958,3.484016271,1
40764,2.781593797,2.832174459,3.40622264,1
40770,3.331130709,3.483885335,2.999522516,1
40772,2.537419308,2.646120278,3.03382737,1
40773,2.702511279,2.899258624,3.556916595,1
40777,2.979588714,2.970640463,3.009021289,1
40781,3.570109997,3.443236189,3.210546682,1
40782,2.977279735,3.020869999,3.063635568,1
40789,3.592045294,3.301286096,3.341010697,1
40801,3.098501113,2.925355865,3.327425036,1
40805,3.114086719,3.366881121,2.579704377,1
40814,3.332285198,3.586309353,2.850801009,1
40818,2.502784628,2.953082843,2.611721932,1
40828,3.093305911,3.104669052,3.358912438,1
40829,3.398091089,3.331260072,3.156674,1
40830,2.84393622,3.105567508,3.584902825,1
40833,3.356529474,3.282463951,3.211889428,1
40843,3.35479774,3.230409211,3.376057149,1
40850,2.898774462,3.064806055,3.031287728,1
40851,3.46389698,3.33288981,2.972622059,1
40859,3.465628714,3.541081337,3.054388367,1
40861,2.99401983,2.902601259,3.280206666,1
40871,3.146412419,3.248023412,3.186640395,1
40876,3.278601445,3.400394912,3.604962221,1
40877,3.603012942,3.449023002,3.34993533,1
40880,2.727332799,2.963898611,2.980923935,1
40883,3.313813369,3.295864495,3.45210984,1
40884,2.613038357,2.48534804,3.340718225,1
40888,3.324203773,3.569369851,2.866585224,1
40890,3.560296837,3.480879622,3.262619775,1
40891,2.950149236,2.771101721,3.31663985,1
40894,3.327089997,3.27802568,3.08710662,1
40897,2.906278643,2.696741603,3.525953173,1
40899,2.890693037,3.15026228,2.958547144,1
40901,3.338057645,3.297549958,3.106860425,1
40903,3.444847906,3.405170962,3.026821167,1
40907,2.437555982,2.255582417,3.427779893,1
40909,3.454083821,3.142143595,3.343840496,1
40910,2.777553084,2.786159437,3.440199525,1
40916,3.073679593,3.269598365,3.277452492,1
40917,2.862985293,2.948195344,3.040224708,1
40918,3.317276837,3.301959938,3.272579249,1
40919,3.465628714,3.593136077,2.838513336,1
40920,2.518947479,2.808015587,2.912250947,1
40927,3.232999118,3.19282236,3.095260331,1
40938,3.025768286,3.26524411,2.975495073,1
40944,2.670185578,2.956763256,2.825383746,1
40945,2.957653417,3.066547243,3.353674184,1
40946,3.009028191,3.172118429,2.774298421,1
40947,2.732528001,2.841192457,3.449641964,1
40949,3.140062728,3.017864286,3.256119031,1
40954,1.862620305,2.012275651,3.460794476,1
40956,3.133135792,3.022218541,3.254487671,1
40963,2.85259489,2.86405937,3.078692076,1
40964,2.539728286,2.869846183,2.763547961,1
40965,3.291300828,3.199733101,3.35555017,1
40966,2.557045626,2.489730586,3.505340473,1
40979,3.418294652,3.412025121,3.430053301,1
40982,3.541247764,3.320304564,3.252834704,1
40983,3.416562918,3.391124867,3.299957384,1
40987,3.138908239,3.244146676,2.950516132,1
40988,2.355587241,2.775428543,3.045969193,1
40990,3.248584723,3.373454941,3.280339397,1
40995,2.495280448,2.290416459,3.457787959,1
40996,2.027712277,1.791106232,3.558945377,1
40999,3.532011849,3.433936995,3.26542025,1
41001,3.101964581,3.309320764,3.31739611,1
41005,3.491027479,3.167903915,3.519074298,1
41006,3.039044913,2.955527022,3.344159977,1
41007,3.598972229,3.547963787,3.549284548,1
41009,3.467937693,3.514309397,3.061960993,1
41011,3.280910424,3.035534212,3.43214459,1
41017,3.43041679,3.35356545,3.083487378,1
41021,3.02865451,3.025055365,3.01759403,1
41023,2.995751564,2.72528388,3.545863632,1
41026,2.662681398,2.729020017,3.121758736,1
41029,2.684616695,2.56156251,3.297197809,1
41030,3.175851897,3.558217162,2.7478795,1
41033,3.143526196,3.023398193,3.310178462,1
41040,2.007508714,2.036435381,3.518857453,1
41044,3.046549094,2.950976444,3.029275923,1
41047,2.775244106,3.278194569,3.167626643,1
41049,2.460068524,2.905382359,2.457965898,1
41052,3.598972229,3.492762735,3.183771239,1
41054,3.376733037,3.283334973,3.328332547,1
41057,2.140852229,2.67553272,2.971590305,1
41062,3.015377882,2.897685469,3.461921148,1
41063,3.376155792,3.127732288,3.34974858,1
41069,2.862408049,2.695618533,3.201781018,1
41073,3.244544011,3.062643073,3.424345858,1
41080,3.062711944,3.044298447,3.365714915,1
41084,3.444847906,3.278446617,3.487232689,1
41086,3.01133717,3.038005824,3.386994358,1
41088,2.428320068,2.383823336,3.224010415,1
41090,3.294187051,3.211784246,3.34546028,1
41106,2.832391327,2.976399842,3.382217576,1
41112,2.629201208,2.849563189,3.060703133,1
41115,3.575305199,3.508943521,3.196846811,1
41118,3.37096059,3.361375504,3.44429413,1
41119,3.582232134,3.165881531,3.550459837,1
41129,3.223185959,2.922574766,3.382742328,1
41131,3.284373892,2.999238464,3.564439061,1
41132,2.406962015,2.504366508,3.018171256,1
41134,2.738300448,2.547122911,3.432685547,1
41139,3.007873702,2.965275444,3.452396138,1
41148,2.800065626,3.591787536,2.045275119,1
41152,2.946108524,3.439106548,2.496221823,1
41157,2.933986386,2.982018623,3.073963911,1
41159,3.557410614,3.491582225,2.979301064,1
41166,3.43041679,3.095707636,3.314926691,1
41169,3.3969366,3.247995121,3.537864259,1
41181,3.241080543,3.003200073,3.495533794,1
41184,3.17123394,3.246871193,3.182411516,1
41185,3.156225578,3.238696784,3.311525067,1
41189,2.583021635,3.320304564,2.724873008,1
41211,3.573573465,3.597068538,3.090900264,1
41213,3.375001303,3.273361937,3.313421889,1
41217,3.421180875,3.331428962,3.330488658,1
41218,3.142948951,2.879397425,3.418156105,1
41224,2.648250281,3.255158767,3.289483963,1
41228,2.019053607,2.317328997,2.905476252,1
41233,3.52219869,3.386040187,3.531655986,1
41236,3.083492752,3.172118429,2.976918075,1
41245,2.568013274,2.615864248,3.40883868,1
41248,2.746959118,2.968084835,2.960129116,1
41249,3.547597455,3.455034429,3.581149308,1
41250,3.009605436,3.069188601,2.952260931,1
41264,3.21221831,3.149250659,3.452968734,1
41267,2.630932942,2.918782903,3.339185642,1
41268,3.209909331,3.30330848,3.371325897,1
41269,2.593412039,2.598897312,3.586394508,1
41270,3.093305911,3.491694532,3.571895162,1
41271,1.956133939,1.967243959,3.063001236,1
41272,3.045394605,2.85386172,2.973235555,1
41279,2.345774082,2.823774579,2.77025552,1
41281,2.545500733,2.707445064,2.981312869,1
41282,2.509134319,2.607773855,2.831907642,1
41284,3.302268476,3.472255127,2.989678796,1
41286,3.007873702,3.042922472,2.926339752,1
41287,3.176429141,2.958336412,3.569610178,1
41290,3.154493845,3.173100902,2.88422459,1
41293,3.054053274,2.89903401,3.594178578,1
41297,3.354220495,3.392753747,3.48624415,1
41302,3.481791564,3.297858588,3.101038771,1
41304,3.22087698,3.256029789,3.061936299,1
41305,2.962848619,2.9408911,3.209024903,1
41307,3.087533464,3.386011896,3.128709378,1
41309,2.389644676,2.672329826,2.956461257,1
41312,3.440807194,3.456495278,3.054764953,1
41322,3.550483678,3.282463951,3.339858559,1
41327,3.211641065,3.008762272,3.457540245,1
41329,1.878205911,1.83950885,3.127101169,1
41340,2.215894034,2.565382664,3.54894809,1
41345,2.667299355,2.74348705,2.856195917,1
41348,2.786788999,2.625247458,3.250104453,1
41351,2.8191147,2.70182714,3.467528272,1
41370,2.789097977,3.036826171,3.015858491,1
41371,2.612461113,2.761129542,3.143438688,1
41372,3.327089997,3.145795717,3.555464268,1
41378,3.344407336,3.113742775,3.595369301,1
41382,2.5760947,2.569203675,3.32381737,1
41390,2.438133227,2.615218697,2.88877758,1
41398,3.20355964,3.309151875,3.108896924,1
41399,3.48121432,3.256422435,3.567802101,1
41401,2.599184486,2.811919757,3.0654367,1
41404,2.936872609,2.87585761,3.398802809,1
41410,3.274560733,3.29381382,3.173041615,1
41416,3.446002396,3.148858013,3.344706336,1
41419,2.345774082,2.386857341,2.825004845,1
41420,2.731373512,3.010560042,3.180382734,1
41422,2.882034367,2.874509068,3.110118514,1
41428,2.76831717,2.746689944,3.322522468,1
41431,2.900506196,2.926255179,3.133872006,1
41434,2.839318263,2.69443888,3.321515409,1
41435,3.365188144,3.306370775,3.222398348,1
41440,2.681730472,2.926985603,2.769271611,1
41447,2.792561445,2.954431385,2.756979308,1
41450,2.782748286,2.787789175,3.544104943,1
41451,3.073102348,2.759921599,3.597126447,1
41453,2.730796267,3.144475467,2.812422385,1
41458,1.877051421,2.177879664,3.525196913,1
41459,2.215894034,2.603953701,3.356900634,1
41465,3.459856267,3.268025209,3.600692442,1
41468,2.953612704,2.962774684,3.260765396,1
41470,2.587639593,2.625190876,3.233420444,1
41471,2.794870424,2.731632228,2.956283768,1
41473,2.468727194,2.54529685,3.2883843,1
41482,2.801220115,2.77784443,3.241368113,1
41483,3.4887185,3.502622607,3.379787514,1
41490,3.329398975,3.412952725,3.418372951,1
41502,2.990556362,3.282604549,3.315282442,1
41511,3.482946054,3.504364652,2.835786944,1
41513,3.011914415,3.099162578,2.850297865,1
41515,3.089842443,2.952324985,3.329340379,1
41518,3.066752657,3.177933533,2.784598983,1
41519,2.858367336,2.606650785,3.467310654,1
41521,3.088110709,3.335558603,3.565291783,1
41528,3.526816647,3.385618393,3.201953105,1
41529,3.570109997,3.591928134,3.015928716,1
41531,3.104273559,2.744414655,3.481350071,1
41538,3.570109997,3.467591385,3.399336049,1
41540,2.966312087,3.166668537,3.405057383,1
41547,3.121590899,3.205575639,2.953007158,1
41556,3.118127431,3.313365532,3.057109357,1
41560,3.20471413,3.251366047,2.842306209,1
41561,3.276869712,3.211335018,3.151474331,1
41575,3.16142078,3.071295001,2.976759878,1
41579,3.134867526,3.36966222,2.403915727,1
41601,3.257243393,3.440370216,3.222111278,1
41605,2.419084153,2.360338306,3.371061206,1
41609,3.081761018,3.253445013,2.618621642,1
41612,2.93571812,2.937436159,3.07524878,1
41620,3.08580173,3.463602342,3.300973704,1
41624,2.898197217,2.530436315,3.447025924,1
41626,2.570899498,2.593784342,3.335280102,1
41631,2.990556362,3.272688095,3.14403212,1
41634,2.871066719,2.960921189,2.988718038,1
41637,3.058093987,3.473547087,3.166741511,1
41639,2.040411659,2.656149039,2.29313375,1
41640,3.451197598,3.592405653,2.699457288,1
41651,2.948994747,2.972691995,3.510273908,1
41654,1.79623717,1.954742728,2.842356369,1
41664,3.211641065,2.987608256,3.503158896,1
41665,2.715787906,2.616341767,3.443549446,1
41671,2.803529094,2.583614982,3.447097691,1
41674,3.316122348,3.516415797,2.875384071,1
41678,3.181047099,3.125091787,3.44275383,1
41683,3.380196505,3.54127766,3.205928098,1
41685,3.532589094,3.51877596,2.797527161,1
41687,2.026557787,2.201111789,3.42585992,1
41689,3.193169236,3.111439195,3.37812683,1
41697,3.551638168,3.327523934,3.332660975,1
41702,3.05232154,3.178888572,2.66237974,1
41705,3.447156885,3.292745617,3.112597193,1
41710,3.117550187,3.022639478,3.572256315,1
41716,2.706551992,2.439557632,3.566297299,1
41724,2.763121968,2.749695657,3.285774433,1
41727,3.077720305,2.853300185,3.54243114,1
41729,2.181259355,2.167316802,2.952331926,1
41731,2.274772989,2.201616742,3.465985657,1
41733,2.861830804,2.736689474,3.367646463,1
41738,2.393685388,2.071775234,3.566059617,1
41741,2.688080163,2.560860377,3.111688139,1
41746,3.534320828,3.561925009,3.0608567,1
41747,3.362879165,3.265215819,3.414965154,1
41751,2.631510186,3.212935607,2.738903935,1
41752,3.192014747,3.299600633,3.310182321,1
41754,2.073314604,2.228135777,2.891991683,1
41755,2.127575602,2.138465896,3.256782687,1
41762,3.374424058,3.357217572,3.373698854,1
41765,2.671917312,2.813549495,3.453711103,1
41767,2.413888951,2.434894747,3.319028241,1
41768,2.518370234,2.631146578,3.44131848,1
41773,3.398668334,3.410031028,3.064450476,1
41777,3.228958405,3.279907465,3.174638249,1
41779,3.591468049,3.498043738,3.063101556,1
41781,3.0944604,3.091970641,3.172338603,1
41782,2.368863868,2.351938425,3.413929541,1
41794,3.220299735,3.042444952,3.372766648,1
41799,2.315180115,2.439277293,3.186850296,1
41801,3.228958405,3.243893771,3.138828592,1
41805,2.859521825,2.764331579,3.596865614,1
41808,3.226072182,3.113573886,3.150437175,1
41810,3.202982396,3.300106443,3.070480487,1
41812,2.764853702,2.788687632,3.47634564,1
41817,3.066175412,3.1711351,3.107546461,1
41821,3.164307004,2.997384969,3.283825907,1
41824,3.181047099,3.010138247,3.587264978,1
41826,3.141217217,3.192569455,2.931374279,1
41828,2.55877736,2.488775548,3.500297457,1
41830,2.450255365,2.551083663,3.158357063,1
41831,3.396359355,3.025954679,3.601001891,1
41833,2.987092894,3.252153053,3.53100622,1
41835,2.128730091,2.552432205,2.90596319,1
41837,2.48315831,2.327779553,3.539488673,1
41839,2.268423298,2.299714796,3.25219497,1
41840,2.98651565,3.175292175,3.363328839,1
41855,3.076565816,3.149756469,3.266830134,1
41856,3.435034747,3.456074341,2.839738785,1
41858,2.47449964,2.490657334,3.133752394,1
41859,2.293244818,2.377108918,3.040622902,1
41861,3.533743583,3.235522181,3.35722706,1
41864,3.458701778,3.314067665,3.135088967,1
41867,2.720405863,3.029606801,3.028170087,1
41873,3.007873702,2.877290168,3.402763911,1
41874,2.375213559,2.349916041,3.223618395,1
41876,2.659795175,2.548808374,3.065019214,1
41879,3.582232134,3.457394591,3.420798383,1
41890,3.118127431,2.879846653,3.298445637,1
41891,2.737145958,2.892319593,3.590930521,1
41894,3.589736315,3.528270619,3.255611256,1
41896,2.116607954,2.189059787,3.297018776,1
41901,2.808724296,2.74348705,3.019225389,1
42029,3.58915907,3.568976348,2.900720306,0
42030,2.808724296,3.2046206,2.873160823,0
42306,2.406962015,3.396855955,3.349373537,0
42705,2.913205578,3.540547236,2.552654211,0
42831,2.899351707,3.291481949,2.923640369,0
42928,3.442538928,3.396995696,3.161413741,0
43015,3.130249569,3.426661042,3.343499408,0
43237,3.009028191,3.392445117,2.513418236,0
43366,2.91955527,2.853300185,3.496416611,0
43423,3.000946766,3.166977167,3.136144643,0
43454,2.879725388,3.203946758,2.736480047,0
43491,3.076565816,3.036179763,3.248870515,0
43543,3.545865721,3.577095032,2.975856997,1
43544,3.470246671,3.273418519,3.310555049,1
43550,3.026922776,3.077756514,3.121389095,1
43551,3.425221588,3.337103467,3.165277609,1
43558,3.386546196,3.297297053,3.32454199,1
43562,3.115818453,3.237881486,2.866396931,1
43563,2.853172134,3.07343055,2.643668492,1
43568,3.450043108,3.591646938,3.256268739,1
43570,3.153339355,3.130317064,3.102930963,1
43571,3.257820638,2.991400976,3.457113499,1
43599,2.614192847,3.177174818,2.517497407,1
43608,3.265324818,3.093291749,3.504990124,1
43609,3.050012562,2.961145803,3.292307588,1
43619,3.219722491,2.997384969,3.306735167,1
43622,2.783902776,2.637524075,3.227237637,1
43633,2.321529806,2.46436377,3.377287228,1
43641,3.57299622,3.236899014,3.55793523,1
43644,2.547232467,3.063429222,2.183555615,1
43646,3.396359355,3.203693853,3.24373181,1
43647,2.83527755,2.677471088,3.398827503,1
43650,3.537207051,3.491245304,3.408192001,1
43662,2.33192021,2.341460436,3.46471082,1
43668,3.016532372,2.981596829,3.155168427,1
43670,2.317489094,2.548752649,2.734829395,1
43676,3.550483678,3.224875303,3.347996065,1
43680,2.917246291,2.943447586,3.116384664,1
43683,2.404075792,2.43888379,3.12587572,1
43685,2.437555982,2.418151568,3.560386128,1
43691,3.417717408,3.311061952,3.311582172,1
43696,3.222608714,3.166695971,3.481636369,1
43701,3.406172514,3.386124203,3.115084361,1
43708,2.885497835,2.882852367,3.350855188,1
43717,2.901660685,2.860519555,3.310889192,1
43719,3.083492752,3.302718653,2.803899033,1
43721,2.498166671,2.849450882,2.504350068,1
43722,3.267056552,3.367948466,3.120688398,1
43723,3.246852989,2.927181926,3.589951242,1
43730,2.939758833,3.195491153,3.051088606,1
43731,2.966889331,3.144700081,2.941282821,1
43734,1.773147383,2.047812684,3.037197355,1
43736,2.877993654,3.085846907,3.126381179,1
43739,3.428685056,3.141413171,3.471380565,1
43740,3.429262301,3.577123323,2.777281015,1
43741,2.896465483,3.040562309,3.133120377,1
43742,2.616501825,2.912827201,2.759022752,1
43745,2.858944581,2.675392121,3.354851016,1
43749,3.004410234,2.796159907,3.518955458,1
43751,3.352488761,3.305696076,3.279869436,1
43753,3.263593084,3.250860236,3.178423405,1
43754,2.6678766,3.244118385,2.463195664,1
43757,2.77697584,2.882094509,3.419761228,1
43761,2.978434225,2.892376175,3.233520764,1
43774,2.880302633,2.923726984,3.108819755,1
43778,3.596663251,3.350784351,3.234271621,1
43781,3.394050377,3.436409464,3.415201292,1
43783,2.844513464,2.937689064,3.129999649,1
43786,3.531434605,3.371404265,3.393198,1
43788,3.478905341,3.300386782,3.388225209,1
43792,2.686348429,2.939515125,2.712115374,1
43793,2.090054699,2.363596924,2.87654547,1
43794,2.671917312,2.86846935,2.685172473,1
43797,3.340366624,3.425285067,3.362651292,1
43802,3.208754842,3.008733981,3.495137144,1
43809,3.349025293,3.249484261,3.290236364,1
43811,3.314390614,3.39840082,3.079540939,1
43820,3.437343726,3.164673587,3.285347686,1
43829,3.350757027,3.368594875,3.232350877,1
43831,2.785057265,2.728373609,3.422883499,1
43838,3.525662158,3.525461229,2.930448247,1
43846,3.483523298,3.43090299,3.320666546,1
43848,2.570322253,3.026319891,3.552005539,1
43852,3.459856267,3.427616938,3.581398565,1
43853,2.610152134,2.95386985,3.045832603,1
43854,3.503726861,3.359998671,3.435715215,1
43860,3.235308096,3.058485141,3.325528986,1
43861,2.813919498,3.131665606,3.029447239,1
43862,3.417717408,3.29330801,3.598184438,1
43864,2.635550899,2.941537509,3.356618966,1
43865,2.995751564,2.783631243,3.342967711,1
43869,3.104273559,3.030111754,3.21945048,1
43875,3.126208856,3.241027798,3.309193782,1
43877,3.234730852,3.312916304,2.925478542,1
43879,2.885497835,2.8220051,3.380755217,1
43884,2.473345151,2.847232175,2.935751324,1
43893,3.074834082,2.928137822,3.429641989,1
43898,3.198941683,3.08542597,3.269033318,1
43900,2.471613417,2.802480822,2.517419466,1
43902,2.799488381,2.597773385,3.390622088,1
43905,2.625160495,2.664885841,3.43697076,1
43907,3.500263393,3.320529178,3.473346839,1
43909,2.912051089,3.001092816,3.113355768,1
43915,3.088110709,2.987805436,3.521728923,1
43916,2.806415317,2.89392104,3.234668272,1
43925,3.446002396,3.422026448,3.349668324,1
43934,2.802951849,2.752223851,3.55942074,1
43935,2.925327716,2.720030311,3.34627596,1
43938,2.842204486,3.043624605,2.802357961,1
43941,3.346716315,3.230633825,3.274306299,1
43945,3.458701778,3.155122345,3.493464112,1
43947,3.231844628,3.261563697,3.137775231,1
43948,3.000946766,2.812229244,3.521450342,1
43956,3.354220495,3.184787692,3.588221106,1
43960,3.175274652,3.034269686,3.489729117,1
43963,3.538938785,3.438516722,3.47665123,1
43967,2.682884961,2.789221733,3.094101248,1
43970,3.352488761,3.310106913,3.19263568,1
43972,2.611306624,2.83498385,2.884901365,1
43975,3.19490097,3.393653061,3.453669432,1
43977,2.7596585,2.666093785,3.268642841,1
43980,2.648827526,2.571703578,3.499939391,1
43987,2.012703916,2.134252238,3.004536207,1
43998,3.242235032,3.290751524,3.382623487,1
44001,3.567801018,3.466889251,3.343551883,1
44007,2.761967479,3.292577585,3.024224419,1
44015,3.350179783,3.218048578,3.55137275,1
44016,2.857790091,2.932941305,3.546688572,1
44018,3.174120163,3.305864965,3.074203136,1
44023,2.679998738,2.874874281,3.292519804,1
44027,2.574362966,2.481780791,3.521720435,1
44028,2.354432752,2.693904779,2.978842678,1
44029,3.182201588,3.367078301,2.70964827,1
44031,2.940336077,3.040309404,3.163166256,1
44038,2.819691944,3.123069403,3.033664543,1
44039,2.800065626,2.722278166,3.430399792,1
44043,2.546655222,2.637467493,3.103645551,1
44050,2.95303546,2.905551248,3.50526639,1
44052,3.413676695,3.30561206,3.593280327,1
44057,3.168347716,3.257574654,3.103688766,1
44061,3.243389521,3.235943118,3.155835941,1
44077,2.438133227,2.721294836,3.440007373,1
44105,2.793715935,2.887010299,3.249598994,1
44108,3.260706861,3.453714178,2.741374126,1
44111,3.485255032,3.328423248,3.414019829,1
44116,3.035581445,3.079862914,3.331942529,1
44122,2.932831897,2.848720458,3.321417404,1
44136,2.921864248,2.658424329,3.595059852,1
44140,2.480849331,2.556618428,3.089017333,1
44146,3.415985674,3.44256149,3.135741047,1
44150,3.570109997,3.38463592,3.515377887,1
44152,3.297650519,3.213638598,3.307948269,1
44155,3.495645436,3.448825822,3.177128503,1
44158,3.077720305,3.021375809,3.205734403,1
44160,3.435611992,3.389832907,2.925144399,1
44163,3.256088904,3.548413015,3.122300465,1
44166,2.924750472,2.769725746,3.003570047,1
44168,2.626892229,2.659969193,3.514159384,1
44170,2.343465103,2.944543222,3.026040213,1
44172,3.287260115,3.2326845,3.295564906,1
44174,3.208177597,3.170207495,3.340874107,1
44175,3.255511659,3.223948555,3.15672416,1
44185,3.248584723,3.125653322,3.345794424,1
44187,3.604744676,3.336794837,3.486439388,1
44192,2.744072894,2.642327558,3.575289841,1
44195,3.493336457,3.38443874,3.257903186,1
44198,1.950361493,2.303198886,2.424789259,1
44209,3.29534154,3.512033251,2.843132693,1
44211,2.797179403,3.517062206,2.655043251,1
44214,3.003255745,3.133884313,3.580296587,1
44215,2.274772989,2.472032369,3.523073985,1
44217,3.436189236,3.214565345,3.43435472,1
44218,3.368074367,3.242685827,3.286674227,1
44219,3.320163061,3.166303325,3.382955315,1
44228,2.931100163,2.975810016,3.057114759,1
44237,2.78448002,2.678397835,3.343500951,1
44240,2.714056172,2.634039985,3.177666373,1
44241,2.670762823,2.93530061,3.107046403,1
44254,3.223763203,3.106634854,3.238559921,1
44255,2.755617787,2.983843827,3.0417434,1
44256,2.959962396,2.598728423,3.569385616,1
44257,3.567801018,3.438825352,3.322908315,1
44266,3.563760305,3.589764294,3.249481696,1
44270,2.61707907,2.860940492,3.130677968,1
44273,3.293032562,3.241280703,3.57332511,1
44276,3.033272467,3.282661131,2.793692617,1
44278,3.152762111,3.267575124,2.994186256,1
44279,1.929003441,2.379103868,2.914433296,1
44282,3.181047099,3.008312186,3.481736689,1
44293,2.721560353,3.080733936,2.926073518,1
44294,1.952093227,2.014832137,3.426468014,1
44297,3.383082728,3.384157544,3.392420134,1
44300,3.515271754,3.541193644,3.410825791,1
44308,3.478905341,3.29920713,3.342749322,1
44310,3.222031469,3.150290571,3.184448014,1
44311,3.365765388,3.403710113,3.332439499,1
44316,2.543191754,2.930019608,2.814925759,1
44320,2.855481113,3.067305958,3.020967101,1
44324,3.190860258,2.890072595,3.444281011,1
44326,2.480272087,2.422842744,3.173148109,1
44329,3.273983488,3.497987155,3.428932031,1
44340,3.173542918,3.078711552,3.305671002,1
44342,3.356529474,3.388680688,2.959231636,1
44358,3.252048191,3.476187588,2.938788709,1
44360,3.465628714,3.263838986,3.592289473,1
44376,3.233576362,3.064019049,3.594718764,1
44379,2.427742823,2.683089011,2.662004697,1
44380,3.286682871,3.277969097,3.494133171,1
44382,2.958807906,3.222936935,2.914849239,1
44388,3.439652704,3.154673117,3.550979958,1
44396,2.887229569,3.115905757,2.633164974,1
44398,3.560296837,3.427391467,3.468063055,1
44403,3.430994035,3.516837592,2.954670157,1
44404,3.280910424,3.068064674,3.35113377,1
44405,3.197787194,3.099556081,3.517248472,1
44412,2.051379308,2.872935913,1.917424829,1
44417,2.305366956,2.353370983,3.02398365,1
44419,2.951303726,2.727165665,3.399534374,1
44421,2.754463298,2.945751166,3.047111299,1
44424,3.096192134,3.139109591,3.088602162,1
44425,2.688080163,2.906000476,3.323440783,1
44430,2.930522918,3.061041626,2.799521217,1
44435,2.241292799,2.721182529,2.116115793,1
44438,3.57299622,3.597714947,3.076603102,1
44439,3.17007945,3.114500633,3.283607518,1
44452,3.317276837,3.164224359,3.279202693,1
44463,3.565492039,3.411322987,3.538833506,1
44466,3.312081636,3.172511075,3.515918844,1
44468,2.861253559,2.657525015,3.357815862,1
44469,3.175851897,3.224791287,3.28254181,1
44481,2.300171754,2.156529325,3.524317183,1
44483,3.504304106,3.404861475,3.423834997,1
44488,3.111200495,3.12908083,3.187134279,1
44489,3.328244486,3.38772565,3.043029813,1
44499,2.591103061,2.58864308,3.59426578,1
44501,3.055207764,2.88195391,3.270217867,1
44502,2.412734462,2.446945892,3.484159806,1
44503,2.446214652,2.647075317,2.853325218,1
44512,2.754463298,3.038764539,2.846180881,1
44515,3.210486576,2.910972848,3.361695164,1
44516,3.381928239,3.422503967,3.269669965,1
44517,3.326512752,3.587011486,2.982367002,1
44518,3.410213227,3.476581091,3.484473114,1
44522,2.730219023,3.254849279,2.420321155,1
44524,2.91955527,2.933053612,3.174618957,1
44528,3.247430234,3.289655888,2.942701965,1
44530,2.076200828,2.161838619,3.500207169,1
44541,3.263593084,3.255720302,3.231292885,1
44543,3.101387336,3.036179763,3.046920691,1
44547,3.151030377,3.303617967,2.794693503,1
44551,2.766585436,2.900662891,3.21441055,1
44554,2.805260828,2.798772975,3.114330417,1
44555,3.208754842,2.944880143,3.577351806,1
44562,2.824887146,2.628449495,3.498200766,1
44568,3.478328096,3.324237025,3.546572046,1
44572,3.144103441,2.874677958,3.484016271,1
44574,2.781593797,2.832174459,3.40622264,1
44580,3.331130709,3.483885335,2.999522516,1
44582,2.537419308,2.646120278,3.03382737,1
44583,2.702511279,2.899258624,3.556916595,1
44587,2.979588714,2.970640463,3.009021289,1
44591,3.570109997,3.443236189,3.210546682,1
44592,2.977279735,3.020869999,3.063635568,1
44599,3.592045294,3.301286096,3.341010697,1
44611,3.098501113,2.925355865,3.327425036,1
44615,3.114086719,3.366881121,2.579704377,1
44624,3.332285198,3.586309353,2.850801009,1
44628,2.502784628,2.953082843,2.611721932,1
44638,3.093305911,3.104669052,3.358912438,1
44639,3.398091089,3.331260072,3.156674,1
44640,2.84393622,3.105567508,3.584902825,1
44643,3.356529474,3.282463951,3.211889428,1
44653,3.35479774,3.230409211,3.376057149,1
44660,2.898774462,3.064806055,3.031287728,1
44661,3.46389698,3.33288981,2.972622059,1
44669,3.465628714,3.541081337,3.054388367,1
44671,2.99401983,2.902601259,3.280206666,1
44681,3.146412419,3.248023412,3.186640395,1
44686,3.278601445,3.400394912,3.604962221,1
44687,3.603012942,3.449023002,3.34993533,1
44690,2.727332799,2.963898611,2.980923935,1
44693,3.313813369,3.295864495,3.45210984,1
44694,2.613038357,2.48534804,3.340718225,1
44698,3.324203773,3.569369851,2.866585224,1
44700,3.560296837,3.480879622,3.262619775,1
44701,2.950149236,2.771101721,3.31663985,1
44704,3.327089997,3.27802568,3.08710662,1
44707,2.906278643,2.696741603,3.525953173,1
44709,2.890693037,3.15026228,2.958547144,1
44711,3.338057645,3.297549958,3.106860425,1
44713,3.444847906,3.405170962,3.026821167,1
44717,2.437555982,2.255582417,3.427779893,1
44719,3.454083821,3.142143595,3.343840496,1
44720,2.777553084,2.786159437,3.440199525,1
44726,3.073679593,3.269598365,3.277452492,1
44727,2.862985293,2.948195344,3.040224708,1
44728,3.317276837,3.301959938,3.272579249,1
44729,3.465628714,3.593136077,2.838513336,1
44730,2.518947479,2.808015587,2.912250947,1
44737,3.232999118,3.19282236,3.095260331,1
44748,3.025768286,3.26524411,2.975495073,1
44754,2.670185578,2.956763256,2.825383746,1
44755,2.957653417,3.066547243,3.353674184,1
44756,3.009028191,3.172118429,2.774298421,1
44757,2.732528001,2.841192457,3.449641964,1
44759,3.140062728,3.017864286,3.256119031,1
44764,1.862620305,2.012275651,3.460794476,1
44766,3.133135792,3.022218541,3.254487671,1
44773,2.85259489,2.86405937,3.078692076,1
44774,2.539728286,2.869846183,2.763547961,1
44775,3.291300828,3.199733101,3.35555017,1
44776,2.557045626,2.489730586,3.505340473,1
44789,3.418294652,3.412025121,3.430053301,1
44792,3.541247764,3.320304564,3.252834704,1
44793,3.416562918,3.391124867,3.299957384,1
44797,3.138908239,3.244146676,2.950516132,1
44798,2.355587241,2.775428543,3.045969193,1
44800,3.248584723,3.373454941,3.280339397,1
44805,2.495280448,2.290416459,3.457787959,1
44806,2.027712277,1.791106232,3.558945377,1
44809,3.532011849,3.433936995,3.26542025,1
44811,3.101964581,3.309320764,3.31739611,1
44815,3.491027479,3.167903915,3.519074298,1
44816,3.039044913,2.955527022,3.344159977,1
44817,3.598972229,3.547963787,3.549284548,1
44819,3.467937693,3.514309397,3.061960993,1
44821,3.280910424,3.035534212,3.43214459,1
44827,3.43041679,3.35356545,3.083487378,1
44831,3.02865451,3.025055365,3.01759403,1
44833,2.995751564,2.72528388,3.545863632,1
44836,2.662681398,2.729020017,3.121758736,1
44839,2.684616695,2.56156251,3.297197809,1
44840,3.175851897,3.558217162,2.7478795,1
44843,3.143526196,3.023398193,3.310178462,1
44850,2.007508714,2.036435381,3.518857453,1
44854,3.046549094,2.950976444,3.029275923,1
44857,2.775244106,3.278194569,3.167626643,1
44859,2.460068524,2.905382359,2.457965898,1
44862,3.598972229,3.492762735,3.183771239,1
44864,3.376733037,3.283334973,3.328332547,1
44867,2.140852229,2.67553272,2.971590305,1
44872,3.015377882,2.897685469,3.461921148,1
44873,3.376155792,3.127732288,3.34974858,1
44879,2.862408049,2.695618533,3.201781018,1
44883,3.244544011,3.062643073,3.424345858,1
44890,3.062711944,3.044298447,3.365714915,1
44894,3.444847906,3.278446617,3.487232689,1
44896,3.01133717,3.038005824,3.386994358,1
44898,2.428320068,2.383823336,3.224010415,1
44900,3.294187051,3.211784246,3.34546028,1
44916,2.832391327,2.976399842,3.382217576,1
44922,2.629201208,2.849563189,3.060703133,1
44925,3.575305199,3.508943521,3.196846811,1
44928,3.37096059,3.361375504,3.44429413,1
44929,3.582232134,3.165881531,3.550459837,1
44939,3.223185959,2.922574766,3.382742328,1
44941,3.284373892,2.999238464,3.564439061,1
44942,2.406962015,2.504366508,3.018171256,1
44944,2.738300448,2.547122911,3.432685547,1
44949,3.007873702,2.965275444,3.452396138,1
44958,2.800065626,3.591787536,2.045275119,1
44962,2.946108524,3.439106548,2.496221823,1
44967,2.933986386,2.982018623,3.073963911,1
44969,3.557410614,3.491582225,2.979301064,1
44976,3.43041679,3.095707636,3.314926691,1
44979,3.3969366,3.247995121,3.537864259,1
44991,3.241080543,3.003200073,3.495533794,1
44994,3.17123394,3.246871193,3.182411516,1
44995,3.156225578,3.238696784,3.311525067,1
44999,2.583021635,3.320304564,2.724873008,1
45021,3.573573465,3.597068538,3.090900264,1
45023,3.375001303,3.273361937,3.313421889,1
45027,3.421180875,3.331428962,3.330488658,1
45028,3.142948951,2.879397425,3.418156105,1
45034,2.648250281,3.255158767,3.289483963,1
45038,2.019053607,2.317328997,2.905476252,1
45043,3.52219869,3.386040187,3.531655986,1
45046,3.083492752,3.172118429,2.976918075,1
45055,2.568013274,2.615864248,3.40883868,1
45058,2.746959118,2.968084835,2.960129116,1
45059,3.547597455,3.455034429,3.581149308,1
45060,3.009605436,3.069188601,2.952260931,1
45074,3.21221831,3.149250659,3.452968734,1
45077,2.630932942,2.918782903,3.339185642,1
45078,3.209909331,3.30330848,3.371325897,1
45079,2.593412039,2.598897312,3.586394508,1
45080,3.093305911,3.491694532,3.571895162,1
45081,1.956133939,1.967243959,3.063001236,1
45082,3.045394605,2.85386172,2.973235555,1
45089,2.345774082,2.823774579,2.77025552,1
45091,2.545500733,2.707445064,2.981312869,1
45092,2.509134319,2.607773855,2.831907642,1
45094,3.302268476,3.472255127,2.989678796,1
45096,3.007873702,3.042922472,2.926339752,1
45097,3.176429141,2.958336412,3.569610178,1
45100,3.154493845,3.173100902,2.88422459,1
45103,3.054053274,2.89903401,3.594178578,1
45107,3.354220495,3.392753747,3.48624415,1
45112,3.481791564,3.297858588,3.101038771,1
45114,3.22087698,3.256029789,3.061936299,1
45115,2.962848619,2.9408911,3.209024903,1
45117,3.087533464,3.386011896,3.128709378,1
45119,2.389644676,2.672329826,2.956461257,1
45122,3.440807194,3.456495278,3.054764953,1
45132,3.550483678,3.282463951,3.339858559,1
45137,3.211641065,3.008762272,3.457540245,1
45139,1.878205911,1.83950885,3.127101169,1
45150,2.215894034,2.565382664,3.54894809,1
45155,2.667299355,2.74348705,2.856195917,1
45158,2.786788999,2.625247458,3.250104453,1
45161,2.8191147,2.70182714,3.467528272,1
45180,2.789097977,3.036826171,3.015858491,1
45181,2.612461113,2.761129542,3.143438688,1
45182,3.327089997,3.145795717,3.555464268,1
45188,3.344407336,3.113742775,3.595369301,1
45192,2.5760947,2.569203675,3.32381737,1
45200,2.438133227,2.615218697,2.88877758,1
45208,3.20355964,3.309151875,3.108896924,1
45209,3.48121432,3.256422435,3.567802101,1
45211,2.599184486,2.811919757,3.0654367,1
45214,2.936872609,2.87585761,3.398802809,1
45220,3.274560733,3.29381382,3.173041615,1
45226,3.446002396,3.148858013,3.344706336,1
45229,2.345774082,2.386857341,2.825004845,1
45230,2.731373512,3.010560042,3.180382734,1
45232,2.882034367,2.874509068,3.110118514,1
45238,2.76831717,2.746689944,3.322522468,1
45241,2.900506196,2.926255179,3.133872006,1
45244,2.839318263,2.69443888,3.321515409,1
45245,3.365188144,3.306370775,3.222398348,1
45250,2.681730472,2.926985603,2.769271611,1
45257,2.792561445,2.954431385,2.756979308,1
45260,2.782748286,2.787789175,3.544104943,1
45261,3.073102348,2.759921599,3.597126447,1
45263,2.730796267,3.144475467,2.812422385,1
45268,1.877051421,2.177879664,3.525196913,1
45269,2.215894034,2.603953701,3.356900634,1
45275,3.459856267,3.268025209,3.600692442,1
45278,2.953612704,2.962774684,3.260765396,1
45280,2.587639593,2.625190876,3.233420444,1
45281,2.794870424,2.731632228,2.956283768,1
45283,2.468727194,2.54529685,3.2883843,1
45292,2.801220115,2.77784443,3.241368113,1
45293,3.4887185,3.502622607,3.379787514,1
45300,3.329398975,3.412952725,3.418372951,1
45312,2.990556362,3.282604549,3.315282442,1
45321,3.482946054,3.504364652,2.835786944,1
45323,3.011914415,3.099162578,2.850297865,1
45325,3.089842443,2.952324985,3.329340379,1
45328,3.066752657,3.177933533,2.784598983,1
45329,2.858367336,2.606650785,3.467310654,1
45331,3.088110709,3.335558603,3.565291783,1
45338,3.526816647,3.385618393,3.201953105,1
45339,3.570109997,3.591928134,3.015928716,1
45341,3.104273559,2.744414655,3.481350071,1
45348,3.570109997,3.467591385,3.399336049,1
45350,2.966312087,3.166668537,3.405057383,1
45357,3.121590899,3.205575639,2.953007158,1
45366,3.118127431,3.313365532,3.057109357,1
45370,3.20471413,3.251366047,2.842306209,1
45371,3.276869712,3.211335018,3.151474331,1
45385,3.16142078,3.071295001,2.976759878,1
45389,3.134867526,3.36966222,2.403915727,1
45411,3.257243393,3.440370216,3.222111278,1
45415,2.419084153,2.360338306,3.371061206,1
45419,3.081761018,3.253445013,2.618621642,1
45422,2.93571812,2.937436159,3.07524878,1
45430,3.08580173,3.463602342,3.300973704,1
45434,2.898197217,2.530436315,3.447025924,1
45436,2.570899498,2.593784342,3.335280102,1
45441,2.990556362,3.272688095,3.14403212,1
45444,2.871066719,2.960921189,2.988718038,1
45447,3.058093987,3.473547087,3.166741511,1
45449,2.040411659,2.656149039,2.29313375,1
45450,3.451197598,3.592405653,2.699457288,1
45461,2.948994747,2.972691995,3.510273908,1
45464,1.79623717,1.954742728,2.842356369,1
45474,3.211641065,2.987608256,3.503158896,1
45475,2.715787906,2.616341767,3.443549446,1
45481,2.803529094,2.583614982,3.447097691,1
45484,3.316122348,3.516415797,2.875384071,1
45488,3.181047099,3.125091787,3.44275383,1
45493,3.380196505,3.54127766,3.205928098,1
45495,3.532589094,3.51877596,2.797527161,1
45497,2.026557787,2.201111789,3.42585992,1
45499,3.193169236,3.111439195,3.37812683,1
45507,3.551638168,3.327523934,3.332660975,1
45512,3.05232154,3.178888572,2.66237974,1
45515,3.447156885,3.292745617,3.112597193,1
45520,3.117550187,3.022639478,3.572256315,1
45526,2.706551992,2.439557632,3.566297299,1
45534,2.763121968,2.749695657,3.285774433,1
45537,3.077720305,2.853300185,3.54243114,1
45539,2.181259355,2.167316802,2.952331926,1
45541,2.274772989,2.201616742,3.465985657,1
45543,2.861830804,2.736689474,3.367646463,1
45548,2.393685388,2.071775234,3.566059617,1
45551,2.688080163,2.560860377,3.111688139,1
45556,3.534320828,3.561925009,3.0608567,1
45557,3.362879165,3.265215819,3.414965154,1
45561,2.631510186,3.212935607,2.738903935,1
45562,3.192014747,3.299600633,3.310182321,1
45564,2.073314604,2.228135777,2.891991683,1
45565,2.127575602,2.138465896,3.256782687,1
45572,3.374424058,3.357217572,3.373698854,1
45575,2.671917312,2.813549495,3.453711103,1
45577,2.413888951,2.434894747,3.319028241,1
45578,2.518370234,2.631146578,3.44131848,1
45583,3.398668334,3.410031028,3.064450476,1
45587,3.228958405,3.279907465,3.174638249,1
45589,3.591468049,3.498043738,3.063101556,1
45591,3.0944604,3.091970641,3.172338603,1
45592,2.368863868,2.351938425,3.413929541,1
45604,3.220299735,3.042444952,3.372766648,1
45609,2.315180115,2.439277293,3.186850296,1
45611,3.228958405,3.243893771,3.138828592,1
45615,2.859521825,2.764331579,3.596865614,1
45618,3.226072182,3.113573886,3.150437175,1
45620,3.202982396,3.300106443,3.070480487,1
45622,2.764853702,2.788687632,3.47634564,1
45627,3.066175412,3.1711351,3.107546461,1
45631,3.164307004,2.997384969,3.283825907,1
45634,3.181047099,3.010138247,3.587264978,1
45636,3.141217217,3.192569455,2.931374279,1
45638,2.55877736,2.488775548,3.500297457,1
45640,2.450255365,2.551083663,3.158357063,1
45641,3.396359355,3.025954679,3.601001891,1
45643,2.987092894,3.252153053,3.53100622,1
45645,2.128730091,2.552432205,2.90596319,1
45647,2.48315831,2.327779553,3.539488673,1
45649,2.268423298,2.299714796,3.25219497,1
45650,2.98651565,3.175292175,3.363328839,1
45665,3.076565816,3.149756469,3.266830134,1
45666,3.435034747,3.456074341,2.839738785,1
45668,2.47449964,2.490657334,3.133752394,1
45669,2.293244818,2.377108918,3.040622902,1
45671,3.533743583,3.235522181,3.35722706,1
45674,3.458701778,3.314067665,3.135088967,1
45677,2.720405863,3.029606801,3.028170087,1
45683,3.007873702,2.877290168,3.402763911,1
45684,2.375213559,2.349916041,3.223618395,1
45686,2.659795175,2.548808374,3.065019214,1
45689,3.582232134,3.457394591,3.420798383,1
45700,3.118127431,2.879846653,3.298445637,1
45701,2.737145958,2.892319593,3.590930521,1
45704,3.589736315,3.528270619,3.255611256,1
45706,2.116607954,2.189059787,3.297018776,1
45711,2.808724296,2.74348705,3.019225389,1
45839,3.58915907,3.568976348,2.900720306,0
45840,2.808724296,3.2046206,2.873160823,0
46116,2.406962015,3.396855955,3.349373537,0
46515,2.913205578,3.540547236,2.552654211,0
46641,2.899351707,3.291481949,2.923640369,0
46738,3.442538928,3.396995696,3.161413741,0
46825,3.130249569,3.426661042,3.343499408,0
47047,3.009028191,3.392445117,2.513418236,0
47176,2.91955527,2.853300185,3.496416611,0
47233,3.000946766,3.166977167,3.136144643,0
47264,2.879725388,3.203946758,2.736480047,0
47301,3.076565816,3.036179763,3.248870515,0
47353,3.545865721,3.577095032,2.975856997,1
47354,3.470246671,3.273418519,3.310555049,1
47360,3.026922776,3.077756514,3.121389095,1
47361,3.425221588,3.337103467,3.165277609,1
47368,3.386546196,3.297297053,3.32454199,1
47372,3.115818453,3.237881486,2.866396931,1
47373,2.853172134,3.07343055,2.643668492,1
47378,3.450043108,3.591646938,3.256268739,1
47380,3.153339355,3.130317064,3.102930963,1
47381,3.257820638,2.991400976,3.457113499,1
47409,2.614192847,3.177174818,2.517497407,1
47418,3.265324818,3.093291749,3.504990124,1
47419,3.050012562,2.961145803,3.292307588,1
47429,3.219722491,2.997384969,3.306735167,1
47432,2.783902776,2.637524075,3.227237637,1
47443,2.321529806,2.46436377,3.377287228,1
47451,3.57299622,3.236899014,3.55793523,1
47454,2.547232467,3.063429222,2.183555615,1
47456,3.396359355,3.203693853,3.24373181,1
47457,2.83527755,2.677471088,3.398827503,1
47460,3.537207051,3.491245304,3.408192001,1
47472,2.33192021,2.341460436,3.46471082,1
47478,3.016532372,2.981596829,3.155168427,1
47480,2.317489094,2.548752649,2.734829395,1
47486,3.550483678,3.224875303,3.347996065,1
47490,2.917246291,2.943447586,3.116384664,1
47493,2.404075792,2.43888379,3.12587572,1
47495,2.437555982,2.418151568,3.560386128,1
47501,3.417717408,3.311061952,3.311582172,1
47506,3.222608714,3.166695971,3.481636369,1
47511,3.406172514,3.386124203,3.115084361,1
47518,2.885497835,2.882852367,3.350855188,1
47527,2.901660685,2.860519555,3.310889192,1
47529,3.083492752,3.302718653,2.803899033,1
47531,2.498166671,2.849450882,2.504350068,1
47532,3.267056552,3.367948466,3.120688398,1
47533,3.246852989,2.927181926,3.589951242,1
47540,2.939758833,3.195491153,3.051088606,1
47541,2.966889331,3.144700081,2.941282821,1
47544,1.773147383,2.047812684,3.037197355,1
47546,2.877993654,3.085846907,3.126381179,1
47549,3.428685056,3.141413171,3.471380565,1
47550,3.429262301,3.577123323,2.777281015,1
47551,2.896465483,3.040562309,3.133120377,1
47552,2.616501825,2.912827201,2.759022752,1
47555,2.858944581,2.675392121,3.354851016,1
47559,3.004410234,2.796159907,3.518955458,1
47561,3.352488761,3.305696076,3.279869436,1
47563,3.263593084,3.250860236,3.178423405,1
47564,2.6678766,3.244118385,2.463195664,1
47567,2.77697584,2.882094509,3.419761228,1
47571,2.978434225,2.892376175,3.233520764,1
47584,2.880302633,2.923726984,3.108819755,1
47588,3.596663251,3.350784351,3.234271621,1
47591,3.394050377,3.436409464,3.415201292,1
47593,2.844513464,2.937689064,3.129999649,1
47596,3.531434605,3.371404265,3.393198,1
47598,3.478905341,3.300386782,3.388225209,1
47602,2.686348429,2.939515125,2.712115374,1
47603,2.090054699,2.363596924,2.87654547,1
47604,2.671917312,2.86846935,2.685172473,1
47607,3.340366624,3.425285067,3.362651292,1
47612,3.208754842,3.008733981,3.495137144,1
47619,3.349025293,3.249484261,3.290236364,1
47621,3.314390614,3.39840082,3.079540939,1
47630,3.437343726,3.164673587,3.285347686,1
47639,3.350757027,3.368594875,3.232350877,1
47641,2.785057265,2.728373609,3.422883499,1
47648,3.525662158,3.525461229,2.930448247,1
47656,3.483523298,3.43090299,3.320666546,1
47658,2.570322253,3.026319891,3.552005539,1
47662,3.459856267,3.427616938,3.581398565,1
47663,2.610152134,2.95386985,3.045832603,1
47664,3.503726861,3.359998671,3.435715215,1
47670,3.235308096,3.058485141,3.325528986,1
47671,2.813919498,3.131665606,3.029447239,1
47672,3.417717408,3.29330801,3.598184438,1
47674,2.635550899,2.941537509,3.356618966,1
47675,2.995751564,2.783631243,3.342967711,1
47679,3.104273559,3.030111754,3.21945048,1
47685,3.126208856,3.241027798,3.309193782,1
47687,3.234730852,3.312916304,2.925478542,1
47689,2.885497835,2.8220051,3.380755217,1
47694,2.473345151,2.847232175,2.935751324,1
47703,3.074834082,2.928137822,3.429641989,1
47708,3.198941683,3.08542597,3.269033318,1
47710,2.471613417,2.802480822,2.517419466,1
47712,2.799488381,2.597773385,3.390622088,1
47715,2.625160495,2.664885841,3.43697076,1
47717,3.500263393,3.320529178,3.473346839,1
47719,2.912051089,3.001092816,3.113355768,1
47725,3.088110709,2.987805436,3.521728923,1
47726,2.806415317,2.89392104,3.234668272,1
47735,3.446002396,3.422026448,3.349668324,1
47744,2.802951849,2.752223851,3.55942074,1
47745,2.925327716,2.720030311,3.34627596,1
47748,2.842204486,3.043624605,2.802357961,1
47751,3.346716315,3.230633825,3.274306299,1
47755,3.458701778,3.155122345,3.493464112,1
47757,3.231844628,3.261563697,3.137775231,1
47758,3.000946766,2.812229244,3.521450342,1
47766,3.354220495,3.184787692,3.588221106,1
47770,3.175274652,3.034269686,3.489729117,1
47773,3.538938785,3.438516722,3.47665123,1
47777,2.682884961,2.789221733,3.094101248,1
47780,3.352488761,3.310106913,3.19263568,1
47782,2.611306624,2.83498385,2.884901365,1
47785,3.19490097,3.393653061,3.453669432,1
47787,2.7596585,2.666093785,3.268642841,1
47790,2.648827526,2.571703578,3.499939391,1
47797,2.012703916,2.134252238,3.004536207,1
47808,3.242235032,3.290751524,3.382623487,1
47811,3.567801018,3.466889251,3.343551883,1
47817,2.761967479,3.292577585,3.024224419,1
47825,3.350179783,3.218048578,3.55137275,1
47826,2.857790091,2.932941305,3.546688572,1
47828,3.174120163,3.305864965,3.074203136,1
47833,2.679998738,2.874874281,3.292519804,1
47837,2.574362966,2.481780791,3.521720435,1
47838,2.354432752,2.693904779,2.978842678,1
47839,3.182201588,3.367078301,2.70964827,1
47841,2.940336077,3.040309404,3.163166256,1
47848,2.819691944,3.123069403,3.033664543,1
47849,2.800065626,2.722278166,3.430399792,1
47853,2.546655222,2.637467493,3.103645551,1
47860,2.95303546,2.905551248,3.50526639,1
47862,3.413676695,3.30561206,3.593280327,1
47867,3.168347716,3.257574654,3.103688766,1
47871,3.243389521,3.235943118,3.155835941,1
47887,2.438133227,2.721294836,3.440007373,1
47915,2.793715935,2.887010299,3.249598994,1
47918,3.260706861,3.453714178,2.741374126,1
47921,3.485255032,3.328423248,3.414019829,1
47926,3.035581445,3.079862914,3.331942529,1
47932,2.932831897,2.848720458,3.321417404,1
47946,2.921864248,2.658424329,3.595059852,1
47950,2.480849331,2.556618428,3.089017333,1
47956,3.415985674,3.44256149,3.135741047,1
47960,3.570109997,3.38463592,3.515377887,1
47962,3.297650519,3.213638598,3.307948269,1
47965,3.495645436,3.448825822,3.177128503,1
47968,3.077720305,3.021375809,3.205734403,1
47970,3.435611992,3.389832907,2.925144399,1
47973,3.256088904,3.548413015,3.122300465,1
47976,2.924750472,2.769725746,3.003570047,1
47978,2.626892229,2.659969193,3.514159384,1
47980,2.343465103,2.944543222,3.026040213,1
47982,3.287260115,3.2326845,3.295564906,1
47984,3.208177597,3.170207495,3.340874107,1
47985,3.255511659,3.223948555,3.15672416,1
47995,3.248584723,3.125653322,3.345794424,1
47997,3.604744676,3.336794837,3.486439388,1
48002,2.744072894,2.642327558,3.575289841,1
48005,3.493336457,3.38443874,3.257903186,1
48008,1.950361493,2.303198886,2.424789259,1
48019,3.29534154,3.512033251,2.843132693,1
48021,2.797179403,3.517062206,2.655043251,1
48024,3.003255745,3.133884313,3.580296587,1
48025,2.274772989,2.472032369,3.523073985,1
48027,3.436189236,3.214565345,3.43435472,1
48028,3.368074367,3.242685827,3.286674227,1
48029,3.320163061,3.166303325,3.382955315,1
48038,2.931100163,2.975810016,3.057114759,1
48047,2.78448002,2.678397835,3.343500951,1
48050,2.714056172,2.634039985,3.177666373,1
48051,2.670762823,2.93530061,3.107046403,1
48064,3.223763203,3.106634854,3.238559921,1
48065,2.755617787,2.983843827,3.0417434,1
48066,2.959962396,2.598728423,3.569385616,1
48067,3.567801018,3.438825352,3.322908315,1
48076,3.563760305,3.589764294,3.249481696,1
48080,2.61707907,2.860940492,3.130677968,1
48083,3.293032562,3.241280703,3.57332511,1
48086,3.033272467,3.282661131,2.793692617,1
48088,3.152762111,3.267575124,2.994186256,1
48089,1.929003441,2.379103868,2.914433296,1
48092,3.181047099,3.008312186,3.481736689,1
48103,2.721560353,3.080733936,2.926073518,1
48104,1.952093227,2.014832137,3.426468014,1
48107,3.383082728,3.384157544,3.392420134,1
48110,3.515271754,3.541193644,3.410825791,1
48118,3.478905341,3.29920713,3.342749322,1
48120,3.222031469,3.150290571,3.184448014,1
48121,3.365765388,3.403710113,3.332439499,1
48126,2.543191754,2.930019608,2.814925759,1
48130,2.855481113,3.067305958,3.020967101,1
48134,3.190860258,2.890072595,3.444281011,1
48136,2.480272087,2.422842744,3.173148109,1
48139,3.273983488,3.497987155,3.428932031,1
48150,3.173542918,3.078711552,3.305671002,1
48152,3.356529474,3.388680688,2.959231636,1
48168,3.252048191,3.476187588,2.938788709,1
48170,3.465628714,3.263838986,3.592289473,1
48186,3.233576362,3.064019049,3.594718764,1
48189,2.427742823,2.683089011,2.662004697,1
48190,3.286682871,3.277969097,3.494133171,1
48192,2.958807906,3.222936935,2.914849239,1
48198,3.439652704,3.154673117,3.550979958,1
48206,2.887229569,3.115905757,2.633164974,1
48208,3.560296837,3.427391467,3.468063055,1
48213,3.430994035,3.516837592,2.954670157,1
48214,3.280910424,3.068064674,3.35113377,1
48215,3.197787194,3.099556081,3.517248472,1
48222,2.051379308,2.872935913,1.917424829,1
48227,2.305366956,2.353370983,3.02398365,1
48229,2.951303726,2.727165665,3.399534374,1
48231,2.754463298,2.945751166,3.047111299,1
48234,3.096192134,3.139109591,3.088602162,1
48235,2.688080163,2.906000476,3.323440783,1
48240,2.930522918,3.061041626,2.799521217,1
48245,2.241292799,2.721182529,2.116115793,1
48248,3.57299622,3.597714947,3.076603102,1
48249,3.17007945,3.114500633,3.283607518,1
48262,3.317276837,3.164224359,3.279202693,1
48273,3.565492039,3.411322987,3.538833506,1
48276,3.312081636,3.172511075,3.515918844,1
48278,2.861253559,2.657525015,3.357815862,1
48279,3.175851897,3.224791287,3.28254181,1
48291,2.300171754,2.156529325,3.524317183,1
48293,3.504304106,3.404861475,3.423834997,1
48298,3.111200495,3.12908083,3.187134279,1
48299,3.328244486,3.38772565,3.043029813,1
48309,2.591103061,2.58864308,3.59426578,1
48311,3.055207764,2.88195391,3.270217867,1
48312,2.412734462,2.446945892,3.484159806,1
48313,2.446214652,2.647075317,2.853325218,1
48322,2.754463298,3.038764539,2.846180881,1
48325,3.210486576,2.910972848,3.361695164,1
48326,3.381928239,3.422503967,3.269669965,1
48327,3.326512752,3.587011486,2.982367002,1
48328,3.410213227,3.476581091,3.484473114,1
48332,2.730219023,3.254849279,2.420321155,1
48334,2.91955527,2.933053612,3.174618957,1
48338,3.247430234,3.289655888,2.942701965,1
48340,2.076200828,2.161838619,3.500207169,1
48351,3.263593084,3.255720302,3.231292885,1
48353,3.101387336,3.036179763,3.046920691,1
48357,3.151030377,3.303617967,2.794693503,1
48361,2.766585436,2.900662891,3.21441055,1
48364,2.805260828,2.798772975,3.114330417,1
48365,3.208754842,2.944880143,3.577351806,1
48372,2.824887146,2.628449495,3.498200766,1
48378,3.478328096,3.324237025,3.546572046,1
48382,3.144103441,2.874677958,3.484016271,1
48384,2.781593797,2.832174459,3.40622264,1
48390,3.331130709,3.483885335,2.999522516,1
48392,2.537419308,2.646120278,3.03382737,1
48393,2.702511279,2.899258624,3.556916595,1
48397,2.979588714,2.970640463,3.009021289,1
48401,3.570109997,3.443236189,3.210546682,1
48402,2.977279735,3.020869999,3.063635568,1
48409,3.592045294,3.301286096,3.341010697,1
48421,3.098501113,2.925355865,3.327425036,1
48425,3.114086719,3.366881121,2.579704377,1
48434,3.332285198,3.586309353,2.850801009,1
48438,2.502784628,2.953082843,2.611721932,1
48448,3.093305911,3.104669052,3.358912438,1
48449,3.398091089,3.331260072,3.156674,1
48450,2.84393622,3.105567508,3.584902825,1
48453,3.356529474,3.282463951,3.211889428,1
48463,3.35479774,3.230409211,3.376057149,1
48470,2.898774462,3.064806055,3.031287728,1
48471,3.46389698,3.33288981,2.972622059,1
48479,3.465628714,3.541081337,3.054388367,1
48481,2.99401983,2.902601259,3.280206666,1
48491,3.146412419,3.248023412,3.186640395,1
48496,3.278601445,3.400394912,3.604962221,1
48497,3.603012942,3.449023002,3.34993533,1
48500,2.727332799,2.963898611,2.980923935,1
48503,3.313813369,3.295864495,3.45210984,1
48504,2.613038357,2.48534804,3.340718225,1
48508,3.324203773,3.569369851,2.866585224,1
48510,3.560296837,3.480879622,3.262619775,1
48511,2.950149236,2.771101721,3.31663985,1
48514,3.327089997,3.27802568,3.08710662,1
48517,2.906278643,2.696741603,3.525953173,1
48519,2.890693037,3.15026228,2.958547144,1
48521,3.338057645,3.297549958,3.106860425,1
48523,3.444847906,3.405170962,3.026821167,1
48527,2.437555982,2.255582417,3.427779893,1
48529,3.454083821,3.142143595,3.343840496,1
48530,2.777553084,2.786159437,3.440199525,1
48536,3.073679593,3.269598365,3.277452492,1
48537,2.862985293,2.948195344,3.040224708,1
48538,3.317276837,3.301959938,3.272579249,1
48539,3.465628714,3.593136077,2.838513336,1
48540,2.518947479,2.808015587,2.912250947,1
48547,3.232999118,3.19282236,3.095260331,1
48558,3.025768286,3.26524411,2.975495073,1
48564,2.670185578,2.956763256,2.825383746,1
48565,2.957653417,3.066547243,3.353674184,1
48566,3.009028191,3.172118429,2.774298421,1
48567,2.732528001,2.841192457,3.449641964,1
48569,3.140062728,3.017864286,3.256119031,1
48574,1.862620305,2.012275651,3.460794476,1
48576,3.133135792,3.022218541,3.254487671,1
48583,2.85259489,2.86405937,3.078692076,1
48584,2.539728286,2.869846183,2.763547961,1
48585,3.291300828,3.199733101,3.35555017,1
48586,2.557045626,2.489730586,3.505340473,1
48599,3.418294652,3.412025121,3.430053301,1
48602,3.541247764,3.320304564,3.252834704,1
48603,3.416562918,3.391124867,3.299957384,1
48607,3.138908239,3.244146676,2.950516132,1
48608,2.355587241,2.775428543,3.045969193,1
48610,3.248584723,3.373454941,3.280339397,1
48615,2.495280448,2.290416459,3.457787959,1
48616,2.027712277,1.791106232,3.558945377,1
48619,3.532011849,3.433936995,3.26542025,1
48621,3.101964581,3.309320764,3.31739611,1
48625,3.491027479,3.167903915,3.519074298,1
48626,3.039044913,2.955527022,3.344159977,1
48627,3.598972229,3.547963787,3.549284548,1
48629,3.467937693,3.514309397,3.061960993,1
48631,3.280910424,3.035534212,3.43214459,1
48637,3.43041679,3.35356545,3.083487378,1
48641,3.02865451,3.025055365,3.01759403,1
48643,2.995751564,2.72528388,3.545863632,1
48646,2.662681398,2.729020017,3.121758736,1
48649,2.684616695,2.56156251,3.297197809,1
48650,3.175851897,3.558217162,2.7478795,1
48653,3.143526196,3.023398193,3.310178462,1
48660,2.007508714,2.036435381,3.518857453,1
48664,3.046549094,2.950976444,3.029275923,1
48667,2.775244106,3.278194569,3.167626643,1
48669,2.460068524,2.905382359,2.457965898,1
48672,3.598972229,3.492762735,3.183771239,1
48674,3.376733037,3.283334973,3.328332547,1
48677,2.140852229,2.67553272,2.971590305,1
48682,3.015377882,2.897685469,3.461921148,1
48683,3.376155792,3.127732288,3.34974858,1
48689,2.862408049,2.695618533,3.201781018,1
48693,3.244544011,3.062643073,3.424345858,1
48700,3.062711944,3.044298447,3.365714915,1
48704,3.444847906,3.278446617,3.487232689,1
48706,3.01133717,3.038005824,3.386994358,1
48708,2.428320068,2.383823336,3.224010415,1
48710,3.294187051,3.211784246,3.34546028,1
48726,2.832391327,2.976399842,3.382217576,1
48732,2.629201208,2.849563189,3.060703133,1
48735,3.575305199,3.508943521,3.196846811,1
48738,3.37096059,3.361375504,3.44429413,1
48739,3.582232134,3.165881531,3.550459837,1
48749,3.223185959,2.922574766,3.382742328,1
48751,3.284373892,2.999238464,3.564439061,1
48752,2.406962015,2.504366508,3.018171256,1
48754,2.738300448,2.547122911,3.432685547,1
48759,3.007873702,2.965275444,3.452396138,1
48768,2.800065626,3.591787536,2.045275119,1
48772,2.946108524,3.439106548,2.496221823,1
48777,2.933986386,2.982018623,3.073963911,1
48779,3.557410614,3.491582225,2.979301064,1
48786,3.43041679,3.095707636,3.314926691,1
48789,3.3969366,3.247995121,3.537864259,1
48801,3.241080543,3.003200073,3.495533794,1
48804,3.17123394,3.246871193,3.182411516,1
48805,3.156225578,3.238696784,3.311525067,1
48809,2.583021635,3.320304564,2.724873008,1
48831,3.573573465,3.597068538,3.090900264,1
48833,3.375001303,3.273361937,3.313421889,1
48837,3.421180875,3.331428962,3.330488658,1
48838,3.142948951,2.879397425,3.418156105,1
48844,2.648250281,3.255158767,3.289483963,1
48848,2.019053607,2.317328997,2.905476252,1
48853,3.52219869,3.386040187,3.531655986,1
48856,3.083492752,3.172118429,2.976918075,1
48865,2.568013274,2.615864248,3.40883868,1
48868,2.746959118,2.968084835,2.960129116,1
48869,3.547597455,3.455034429,3.581149308,1
48870,3.009605436,3.069188601,2.952260931,1
48884,3.21221831,3.149250659,3.452968734,1
48887,2.630932942,2.918782903,3.339185642,1
48888,3.209909331,3.30330848,3.371325897,1
48889,2.593412039,2.598897312,3.586394508,1
48890,3.093305911,3.491694532,3.571895162,1
48891,1.956133939,1.967243959,3.063001236,1
48892,3.045394605,2.85386172,2.973235555,1
48899,2.345774082,2.823774579,2.77025552,1
48901,2.545500733,2.707445064,2.981312869,1
48902,2.509134319,2.607773855,2.831907642,1
48904,3.302268476,3.472255127,2.989678796,1
48906,3.007873702,3.042922472,2.926339752,1
48907,3.176429141,2.958336412,3.569610178,1
48910,3.154493845,3.173100902,2.88422459,1
48913,3.054053274,2.89903401,3.594178578,1
48917,3.354220495,3.392753747,3.48624415,1
48922,3.481791564,3.297858588,3.101038771,1
48924,3.22087698,3.256029789,3.061936299,1
48925,2.962848619,2.9408911,3.209024903,1
48927,3.087533464,3.386011896,3.128709378,1
48929,2.389644676,2.672329826,2.956461257,1
48932,3.440807194,3.456495278,3.054764953,1
48942,3.550483678,3.282463951,3.339858559,1
48947,3.211641065,3.008762272,3.457540245,1
48949,1.878205911,1.83950885,3.127101169,1
48960,2.215894034,2.565382664,3.54894809,1
48965,2.667299355,2.74348705,2.856195917,1
48968,2.786788999,2.625247458,3.250104453,1
48971,2.8191147,2.70182714,3.467528272,1
48990,2.789097977,3.036826171,3.015858491,1
48991,2.612461113,2.761129542,3.143438688,1
48992,3.327089997,3.145795717,3.555464268,1
48998,3.344407336,3.113742775,3.595369301,1
49002,2.5760947,2.569203675,3.32381737,1
49010,2.438133227,2.615218697,2.88877758,1
49018,3.20355964,3.309151875,3.108896924,1
49019,3.48121432,3.256422435,3.567802101,1
49021,2.599184486,2.811919757,3.0654367,1
49024,2.936872609,2.87585761,3.398802809,1
49030,3.274560733,3.29381382,3.173041615,1
49036,3.446002396,3.148858013,3.344706336,1
49039,2.345774082,2.386857341,2.825004845,1
49040,2.731373512,3.010560042,3.180382734,1
49042,2.882034367,2.874509068,3.110118514,1
49048,2.76831717,2.746689944,3.322522468,1
49051,2.900506196,2.926255179,3.133872006,1
49054,2.839318263,2.69443888,3.321515409,1
49055,3.365188144,3.306370775,3.222398348,1
49060,2.681730472,2.926985603,2.769271611,1
49067,2.792561445,2.954431385,2.756979308,1
49070,2.782748286,2.787789175,3.544104943,1
49071,3.073102348,2.759921599,3.597126447,1
49073,2.730796267,3.144475467,2.812422385,1
49078,1.877051421,2.177879664,3.525196913,1
49079,2.215894034,2.603953701,3.356900634,1
49085,3.459856267,3.268025209,3.600692442,1
49088,2.953612704,2.962774684,3.260765396,1
49090,2.587639593,2.625190876,3.233420444,1
49091,2.794870424,2.731632228,2.956283768,1
49093,2.468727194,2.54529685,3.2883843,1
49102,2.801220115,2.77784443,3.241368113,1
49103,3.4887185,3.502622607,3.379787514,1
49110,3.329398975,3.412952725,3.418372951,1
49122,2.990556362,3.282604549,3.315282442,1
49131,3.482946054,3.504364652,2.835786944,1
49133,3.011914415,3.099162578,2.850297865,1
49135,3.089842443,2.952324985,3.329340379,1
49138,3.066752657,3.177933533,2.784598983,1
49139,2.858367336,2.606650785,3.467310654,1
49141,3.088110709,3.335558603,3.565291783,1
49148,3.526816647,3.385618393,3.201953105,1
49149,3.570109997,3.591928134,3.015928716,1
49151,3.104273559,2.744414655,3.481350071,1
49158,3.570109997,3.467591385,3.399336049,1
49160,2.966312087,3.166668537,3.405057383,1
49167,3.121590899,3.205575639,2.953007158,1
49176,3.118127431,3.313365532,3.057109357,1
49180,3.20471413,3.251366047,2.842306209,1
49181,3.276869712,3.211335018,3.151474331,1
49195,3.16142078,3.071295001,2.976759878,1
49199,3.134867526,3.36966222,2.403915727,1
49221,3.257243393,3.440370216,3.222111278,1
49225,2.419084153,2.360338306,3.371061206,1
49229,3.081761018,3.253445013,2.618621642,1
49232,2.93571812,2.937436159,3.07524878,1
49240,3.08580173,3.463602342,3.300973704,1
49244,2.898197217,2.530436315,3.447025924,1
49246,2.570899498,2.593784342,3.335280102,1
49251,2.990556362,3.272688095,3.14403212,1
49254,2.871066719,2.960921189,2.988718038,1
49257,3.058093987,3.473547087,3.166741511,1
49259,2.040411659,2.656149039,2.29313375,1
49260,3.451197598,3.592405653,2.699457288,1
49271,2.948994747,2.972691995,3.510273908,1
49274,1.79623717,1.954742728,2.842356369,1
49284,3.211641065,2.987608256,3.503158896,1
49285,2.715787906,2.616341767,3.443549446,1
49291,2.803529094,2.583614982,3.447097691,1
49294,3.316122348,3.516415797,2.875384071,1
49298,3.181047099,3.125091787,3.44275383,1
49303,3.380196505,3.54127766,3.205928098,1
49305,3.532589094,3.51877596,2.797527161,1
49307,2.026557787,2.201111789,3.42585992,1
49309,3.193169236,3.111439195,3.37812683,1
49317,3.551638168,3.327523934,3.332660975,1
49322,3.05232154,3.178888572,2.66237974,1
49325,3.447156885,3.292745617,3.112597193,1
49330,3.117550187,3.022639478,3.572256315,1
49336,2.706551992,2.439557632,3.566297299,1
49344,2.763121968,2.749695657,3.285774433,1
49347,3.077720305,2.853300185,3.54243114,1
49349,2.181259355,2.167316802,2.952331926,1
49351,2.274772989,2.201616742,3.465985657,1
49353,2.861830804,2.736689474,3.367646463,1
49358,2.393685388,2.071775234,3.566059617,1
49361,2.688080163,2.560860377,3.111688139,1
49366,3.534320828,3.561925009,3.0608567,1
49367,3.362879165,3.265215819,3.414965154,1
49371,2.631510186,3.212935607,2.738903935,1
49372,3.192014747,3.299600633,3.310182321,1
49374,2.073314604,2.228135777,2.891991683,1
49375,2.127575602,2.138465896,3.256782687,1
49382,3.374424058,3.357217572,3.373698854,1
49385,2.671917312,2.813549495,3.453711103,1
49387,2.413888951,2.434894747,3.319028241,1
49388,2.518370234,2.631146578,3.44131848,1
49393,3.398668334,3.410031028,3.064450476,1
49397,3.228958405,3.279907465,3.174638249,1
49399,3.591468049,3.498043738,3.063101556,1
49401,3.0944604,3.091970641,3.172338603,1
49402,2.368863868,2.351938425,3.413929541,1
49414,3.220299735,3.042444952,3.372766648,1
49419,2.315180115,2.439277293,3.186850296,1
49421,3.228958405,3.243893771,3.138828592,1
49425,2.859521825,2.764331579,3.596865614,1
49428,3.226072182,3.113573886,3.150437175,1
49430,3.202982396,3.300106443,3.070480487,1
49432,2.764853702,2.788687632,3.47634564,1
49437,3.066175412,3.1711351,3.107546461,1
49441,3.164307004,2.997384969,3.283825907,1
49444,3.181047099,3.010138247,3.587264978,1
49446,3.141217217,3.192569455,2.931374279,1
49448,2.55877736,2.488775548,3.500297457,1
49450,2.450255365,2.551083663,3.158357063,1
49451,3.396359355,3.025954679,3.601001891,1
49453,2.987092894,3.252153053,3.53100622,1
49455,2.128730091,2.552432205,2.90596319,1
49457,2.48315831,2.327779553,3.539488673,1
49459,2.268423298,2.299714796,3.25219497,1
49460,2.98651565,3.175292175,3.363328839,1
49475,3.076565816,3.149756469,3.266830134,1
49476,3.435034747,3.456074341,2.839738785,1
49478,2.47449964,2.490657334,3.133752394,1
49479,2.293244818,2.377108918,3.040622902,1
49481,3.533743583,3.235522181,3.35722706,1
49484,3.458701778,3.314067665,3.135088967,1
49487,2.720405863,3.029606801,3.028170087,1
49493,3.007873702,2.877290168,3.402763911,1
49494,2.375213559,2.349916041,3.223618395,1
49496,2.659795175,2.548808374,3.065019214,1
49499,3.582232134,3.457394591,3.420798383,1
49510,3.118127431,2.879846653,3.298445637,1
49511,2.737145958,2.892319593,3.590930521,1
49514,3.589736315,3.528270619,3.255611256,1
49516,2.116607954,2.189059787,3.297018776,1
49521,2.808724296,2.74348705,3.019225389,1
49649,3.58915907,3.568976348,2.900720306,0
49650,2.808724296,3.2046206,2.873160823,0
49926,2.406962015,3.396855955,3.349373537,0
50325,2.913205578,3.540547236,2.552654211,0
50451,2.899351707,3.291481949,2.923640369,0
50548,3.442538928,3.396995696,3.161413741,0
50635,3.130249569,3.426661042,3.343499408,0
50857,3.009028191,3.392445117,2.513418236,0
50986,2.91955527,2.853300185,3.496416611,0
51043,3.000946766,3.166977167,3.136144643,0
51074,2.879725388,3.203946758,2.736480047,0
51111,3.076565816,3.036179763,3.248870515,0
51163,3.545865721,3.577095032,2.975856997,1
51164,3.470246671,3.273418519,3.310555049,1
51170,3.026922776,3.077756514,3.121389095,1
51171,3.425221588,3.337103467,3.165277609,1
51178,3.386546196,3.297297053,3.32454199,1
51182,3.115818453,3.237881486,2.866396931,1
51183,2.853172134,3.07343055,2.643668492,1
51188,3.450043108,3.591646938,3.256268739,1
51190,3.153339355,3.130317064,3.102930963,1
51191,3.257820638,2.991400976,3.457113499,1
51219,2.614192847,3.177174818,2.517497407,1
51228,3.265324818,3.093291749,3.504990124,1
51229,3.050012562,2.961145803,3.292307588,1
51239,3.219722491,2.997384969,3.306735167,1
51242,2.783902776,2.637524075,3.227237637,1
51253,2.321529806,2.46436377,3.377287228,1
51261,3.57299622,3.236899014,3.55793523,1
51264,2.547232467,3.063429222,2.183555615,1
51266,3.396359355,3.203693853,3.24373181,1
51267,2.83527755,2.677471088,3.398827503,1
51270,3.537207051,3.491245304,3.408192001,1
51282,2.33192021,2.341460436,3.46471082,1
51288,3.016532372,2.981596829,3.155168427,1
51290,2.317489094,2.548752649,2.734829395,1
51296,3.550483678,3.224875303,3.347996065,1
51300,2.917246291,2.943447586,3.116384664,1
51303,2.404075792,2.43888379,3.12587572,1
51305,2.437555982,2.418151568,3.560386128,1
51311,3.417717408,3.311061952,3.311582172,1
51316,3.222608714,3.166695971,3.481636369,1
51321,3.406172514,3.386124203,3.115084361,1
51328,2.885497835,2.882852367,3.350855188,1
51337,2.901660685,2.860519555,3.310889192,1
51339,3.083492752,3.302718653,2.803899033,1
51341,2.498166671,2.849450882,2.504350068,1
51342,3.267056552,3.367948466,3.120688398,1
51343,3.246852989,2.927181926,3.589951242,1
51350,2.939758833,3.195491153,3.051088606,1
51351,2.966889331,3.144700081,2.941282821,1
51354,1.773147383,2.047812684,3.037197355,1
51356,2.877993654,3.085846907,3.126381179,1
51359,3.428685056,3.141413171,3.471380565,1
51360,3.429262301,3.577123323,2.777281015,1
51361,2.896465483,3.040562309,3.133120377,1
51362,2.616501825,2.912827201,2.759022752,1
51365,2.858944581,2.675392121,3.354851016,1
51369,3.004410234,2.796159907,3.518955458,1
51371,3.352488761,3.305696076,3.279869436,1
51373,3.263593084,3.250860236,3.178423405,1
51374,2.6678766,3.244118385,2.463195664,1
51377,2.77697584,2.882094509,3.419761228,1
51381,2.978434225,2.892376175,3.233520764,1
51394,2.880302633,2.923726984,3.108819755,1
51398,3.596663251,3.350784351,3.234271621,1
51401,3.394050377,3.436409464,3.415201292,1
51403,2.844513464,2.937689064,3.129999649,1
51406,3.531434605,3.371404265,3.393198,1
51408,3.478905341,3.300386782,3.388225209,1
51412,2.686348429,2.939515125,2.712115374,1
51413,2.090054699,2.363596924,2.87654547,1
51414,2.671917312,2.86846935,2.685172473,1
51417,3.340366624,3.425285067,3.362651292,1
51422,3.208754842,3.008733981,3.495137144,1
51429,3.349025293,3.249484261,3.290236364,1
51431,3.314390614,3.39840082,3.079540939,1
51440,3.437343726,3.164673587,3.285347686,1
51449,3.350757027,3.368594875,3.232350877,1
51451,2.785057265,2.728373609,3.422883499,1
51458,3.525662158,3.525461229,2.930448247,1
51466,3.483523298,3.43090299,3.320666546,1
51468,2.570322253,3.026319891,3.552005539,1
51472,3.459856267,3.427616938,3.581398565,1
51473,2.610152134,2.95386985,3.045832603,1
51474,3.503726861,3.359998671,3.435715215,1
51480,3.235308096,3.058485141,3.325528986,1
51481,2.813919498,3.131665606,3.029447239,1
51482,3.417717408,3.29330801,3.598184438,1
51484,2.635550899,2.941537509,3.356618966,1
51485,2.995751564,2.783631243,3.342967711,1
51489,3.104273559,3.030111754,3.21945048,1
51495,3.126208856,3.241027798,3.309193782,1
51497,3.234730852,3.312916304,2.925478542,1
51499,2.885497835,2.8220051,3.380755217,1
51504,2.473345151,2.847232175,2.935751324,1
51513,3.074834082,2.928137822,3.429641989,1
51518,3.198941683,3.08542597,3.269033318,1
51520,2.471613417,2.802480822,2.517419466,1
51522,2.799488381,2.597773385,3.390622088,1
51525,2.625160495,2.664885841,3.43697076,1
51527,3.500263393,3.320529178,3.473346839,1
51529,2.912051089,3.001092816,3.113355768,1
51535,3.088110709,2.987805436,3.521728923,1
51536,2.806415317,2.89392104,3.234668272,1
51545,3.446002396,3.422026448,3.349668324,1
51554,2.802951849,2.752223851,3.55942074,1
51555,2.925327716,2.720030311,3.34627596,1
51558,2.842204486,3.043624605,2.802357961,1
51561,3.346716315,3.230633825,3.274306299,1
51565,3.458701778,3.155122345,3.493464112,1
51567,3.231844628,3.261563697,3.137775231,1
51568,3.000946766,2.812229244,3.521450342,1
51576,3.354220495,3.184787692,3.588221106,1
51580,3.175274652,3.034269686,3.489729117,1
51583,3.538938785,3.438516722,3.47665123,1
51587,2.682884961,2.789221733,3.094101248,1
51590,3.352488761,3.310106913,3.19263568,1
51592,2.611306624,2.83498385,2.884901365,1
51595,3.19490097,3.393653061,3.453669432,1
51597,2.7596585,2.666093785,3.268642841,1
51600,2.648827526,2.571703578,3.499939391,1
51607,2.012703916,2.134252238,3.004536207,1
51618,3.242235032,3.290751524,3.382623487,1
51621,3.567801018,3.466889251,3.343551883,1
51627,2.761967479,3.292577585,3.024224419,1
51635,3.350179783,3.218048578,3.55137275,1
51636,2.857790091,2.932941305,3.546688572,1
51638,3.174120163,3.305864965,3.074203136,1
51643,2.679998738,2.874874281,3.292519804,1
51647,2.574362966,2.481780791,3.521720435,1
51648,2.354432752,2.693904779,2.978842678,1
51649,3.182201588,3.367078301,2.70964827,1
51651,2.940336077,3.040309404,3.163166256,1
51658,2.819691944,3.123069403,3.033664543,1
51659,2.800065626,2.722278166,3.430399792,1
51663,2.546655222,2.637467493,3.103645551,1
51670,2.95303546,2.905551248,3.50526639,1
51672,3.413676695,3.30561206,3.593280327,1
51677,3.168347716,3.257574654,3.103688766,1
51681,3.243389521,3.235943118,3.155835941,1
51697,2.438133227,2.721294836,3.440007373,1
51725,2.793715935,2.887010299,3.249598994,1
51728,3.260706861,3.453714178,2.741374126,1
51731,3.485255032,3.328423248,3.414019829,1
51736,3.035581445,3.079862914,3.331942529,1
51742,2.932831897,2.848720458,3.321417404,1
51756,2.921864248,2.658424329,3.595059852,1
51760,2.480849331,2.556618428,3.089017333,1
51766,3.415985674,3.44256149,3.135741047,1
51770,3.570109997,3.38463592,3.515377887,1
51772,3.297650519,3.213638598,3.307948269,1
51775,3.495645436,3.448825822,3.177128503,1
51778,3.077720305,3.021375809,3.205734403,1
51780,3.435611992,3.389832907,2.925144399,1
51783,3.256088904,3.548413015,3.122300465,1
51786,2.924750472,2.769725746,3.003570047,1
51788,2.626892229,2.659969193,3.514159384,1
51790,2.343465103,2.944543222,3.026040213,1
51792,3.287260115,3.2326845,3.295564906,1
51794,3.208177597,3.170207495,3.340874107,1
51795,3.255511659,3.223948555,3.15672416,1
51805,3.248584723,3.125653322,3.345794424,1
51807,3.604744676,3.336794837,3.486439388,1
51812,2.744072894,2.642327558,3.575289841,1
51815,3.493336457,3.38443874,3.257903186,1
51818,1.950361493,2.303198886,2.424789259,1
51829,3.29534154,3.512033251,2.843132693,1
51831,2.797179403,3.517062206,2.655043251,1
51834,3.003255745,3.133884313,3.580296587,1
51835,2.274772989,2.472032369,3.523073985,1
51837,3.436189236,3.214565345,3.43435472,1
51838,3.368074367,3.242685827,3.286674227,1
51839,3.320163061,3.166303325,3.382955315,1
51848,2.931100163,2.975810016,3.057114759,1
51857,2.78448002,2.678397835,3.343500951,1
51860,2.714056172,2.634039985,3.177666373,1
51861,2.670762823,2.93530061,3.107046403,1
51874,3.223763203,3.106634854,3.238559921,1
51875,2.755617787,2.983843827,3.0417434,1
51876,2.959962396,2.598728423,3.569385616,1
51877,3.567801018,3.438825352,3.322908315,1
51886,3.563760305,3.589764294,3.249481696,1
51890,2.61707907,2.860940492,3.130677968,1
51893,3.293032562,3.241280703,3.57332511,1
51896,3.033272467,3.282661131,2.793692617,1
51898,3.152762111,3.267575124,2.994186256,1
51899,1.929003441,2.379103868,2.914433296,1
51902,3.181047099,3.008312186,3.481736689,1
51913,2.721560353,3.080733936,2.926073518,1
51914,1.952093227,2.014832137,3.426468014,1
51917,3.383082728,3.384157544,3.392420134,1
51920,3.515271754,3.541193644,3.410825791,1
51928,3.478905341,3.29920713,3.342749322,1
51930,3.222031469,3.150290571,3.184448014,1
51931,3.365765388,3.403710113,3.332439499,1
51936,2.543191754,2.930019608,2.814925759,1
51940,2.855481113,3.067305958,3.020967101,1
51944,3.190860258,2.890072595,3.444281011,1
51946,2.480272087,2.422842744,3.173148109,1
51949,3.273983488,3.497987155,3.428932031,1
51960,3.173542918,3.078711552,3.305671002,1
51962,3.356529474,3.388680688,2.959231636,1
51978,3.252048191,3.476187588,2.938788709,1
51980,3.465628714,3.263838986,3.592289473,1
51996,3.233576362,3.064019049,3.594718764,1
51999,2.427742823,2.683089011,2.662004697,1
52000,3.286682871,3.277969097,3.494133171,1
52002,2.958807906,3.222936935,2.914849239,1
52008,3.439652704,3.154673117,3.550979958,1
52016,2.887229569,3.115905757,2.633164974,1
52018,3.560296837,3.427391467,3.468063055,1
52023,3.430994035,3.516837592,2.954670157,1
52024,3.280910424,3.068064674,3.35113377,1
52025,3.197787194,3.099556081,3.517248472,1
52032,2.051379308,2.872935913,1.917424829,1
52037,2.305366956,2.353370983,3.02398365,1
52039,2.951303726,2.727165665,3.399534374,1
52041,2.754463298,2.945751166,3.047111299,1
52044,3.096192134,3.139109591,3.088602162,1
52045,2.688080163,2.906000476,3.323440783,1
52050,2.930522918,3.061041626,2.799521217,1
52055,2.241292799,2.721182529,2.116115793,1
52058,3.57299622,3.597714947,3.076603102,1
52059,3.17007945,3.114500633,3.283607518,1
52072,3.317276837,3.164224359,3.279202693,1
52083,3.565492039,3.411322987,3.538833506,1
52086,3.312081636,3.172511075,3.515918844,1
52088,2.861253559,2.657525015,3.357815862,1
52089,3.175851897,3.224791287,3.28254181,1
52101,2.300171754,2.156529325,3.524317183,1
52103,3.504304106,3.404861475,3.423834997,1
52108,3.111200495,3.12908083,3.187134279,1
52109,3.328244486,3.38772565,3.043029813,1
52119,2.591103061,2.58864308,3.59426578,1
52121,3.055207764,2.88195391,3.270217867,1
52122,2.412734462,2.446945892,3.484159806,1
52123,2.446214652,2.647075317,2.853325218,1
52132,2.754463298,3.038764539,2.846180881,1
52135,3.210486576,2.910972848,3.361695164,1
52136,3.381928239,3.422503967,3.269669965,1
52137,3.326512752,3.587011486,2.982367002,1
52138,3.410213227,3.476581091,3.484473114,1
52142,2.730219023,3.254849279,2.420321155,1
52144,2.91955527,2.933053612,3.174618957,1
52148,3.247430234,3.289655888,2.942701965,1
52150,2.076200828,2.161838619,3.500207169,1
52161,3.263593084,3.255720302,3.231292885,1
52163,3.101387336,3.036179763,3.046920691,1
52167,3.151030377,3.303617967,2.794693503,1
52171,2.766585436,2.900662891,3.21441055,1
52174,2.805260828,2.798772975,3.114330417,1
52175,3.208754842,2.944880143,3.577351806,1
52182,2.824887146,2.628449495,3.498200766,1
52188,3.478328096,3.324237025,3.546572046,1
52192,3.144103441,2.874677958,3.484016271,1
52194,2.781593797,2.832174459,3.40622264,1
52200,3.331130709,3.483885335,2.999522516,1
52202,2.537419308,2.646120278,3.03382737,1
52203,2.702511279,2.899258624,3.556916595,1
52207,2.979588714,2.970640463,3.009021289,1
52211,3.570109997,3.443236189,3.210546682,1
52212,2.977279735,3.020869999,3.063635568,1
52219,3.592045294,3.301286096,3.341010697,1
52231,3.098501113,2.925355865,3.327425036,1
52235,3.114086719,3.366881121,2.579704377,1
52244,3.332285198,3.586309353,2.850801009,1
52248,2.502784628,2.953082843,2.611721932,1
52258,3.093305911,3.104669052,3.358912438,1
52259,3.398091089,3.331260072,3.156674,1
52260,2.84393622,3.105567508,3.584902825,1
52263,3.356529474,3.282463951,3.211889428,1
52273,3.35479774,3.230409211,3.376057149,1
52280,2.898774462,3.064806055,3.031287728,1
52281,3.46389698,3.33288981,2.972622059,1
52289,3.465628714,3.541081337,3.054388367,1
52291,2.99401983,2.902601259,3.280206666,1
52301,3.146412419,3.248023412,3.186640395,1
52306,3.278601445,3.400394912,3.604962221,1
52307,3.603012942,3.449023002,3.34993533,1
52310,2.727332799,2.963898611,2.980923935,1
52313,3.313813369,3.295864495,3.45210984,1
52314,2.613038357,2.48534804,3.340718225,1
52318,3.324203773,3.569369851,2.866585224,1
52320,3.560296837,3.480879622,3.262619775,1
52321,2.950149236,2.771101721,3.31663985,1
52324,3.327089997,3.27802568,3.08710662,1
52327,2.906278643,2.696741603,3.525953173,1
52329,2.890693037,3.15026228,2.958547144,1
52331,3.338057645,3.297549958,3.106860425,1
52333,3.444847906,3.405170962,3.026821167,1
52337,2.437555982,2.255582417,3.427779893,1
52339,3.454083821,3.142143595,3.343840496,1
52340,2.777553084,2.786159437,3.440199525,1
52346,3.073679593,3.269598365,3.277452492,1
52347,2.862985293,2.948195344,3.040224708,1
52348,3.317276837,3.301959938,3.272579249,1
52349,3.465628714,3.593136077,2.838513336,1
52350,2.518947479,2.808015587,2.912250947,1
52357,3.232999118,3.19282236,3.095260331,1
52368,3.025768286,3.26524411,2.975495073,1
52374,2.670185578,2.956763256,2.825383746,1
52375,2.957653417,3.066547243,3.353674184,1
52376,3.009028191,3.172118429,2.774298421,1
52377,2.732528001,2.841192457,3.449641964,1
52379,3.140062728,3.017864286,3.256119031,1
52384,1.862620305,2.012275651,3.460794476,1
52386,3.133135792,3.022218541,3.254487671,1
52393,2.85259489,2.86405937,3.078692076,1
52394,2.539728286,2.869846183,2.763547961,1
52395,3.291300828,3.199733101,3.35555017,1
52396,2.557045626,2.489730586,3.505340473,1
52409,3.418294652,3.412025121,3.430053301,1
52412,3.541247764,3.320304564,3.252834704,1
52413,3.416562918,3.391124867,3.299957384,1
52417,3.138908239,3.244146676,2.950516132,1
52418,2.355587241,2.775428543,3.045969193,1
52420,3.248584723,3.373454941,3.280339397,1
52425,2.495280448,2.290416459,3.457787959,1
52426,2.027712277,1.791106232,3.558945377,1
52429,3.532011849,3.433936995,3.26542025,1
52431,3.101964581,3.309320764,3.31739611,1
52435,3.491027479,3.167903915,3.519074298,1
52436,3.039044913,2.955527022,3.344159977,1
52437,3.598972229,3.547963787,3.549284548,1
52439,3.467937693,3.514309397,3.061960993,1
52441,3.280910424,3.035534212,3.43214459,1
52447,3.43041679,3.35356545,3.083487378,1
52451,3.02865451,3.025055365,3.01759403,1
52453,2.995751564,2.72528388,3.545863632,1
52456,2.662681398,2.729020017,3.121758736,1
52459,2.684616695,2.56156251,3.297197809,1
52460,3.175851897,3.558217162,2.7478795,1
52463,3.143526196,3.023398193,3.310178462,1
52470,2.007508714,2.036435381,3.518857453,1
52474,3.046549094,2.950976444,3.029275923,1
52477,2.775244106,3.278194569,3.167626643,1
52479,2.460068524,2.905382359,2.457965898,1
52482,3.598972229,3.492762735,3.183771239,1
52484,3.376733037,3.283334973,3.328332547,1
52487,2.140852229,2.67553272,2.971590305,1
52492,3.015377882,2.897685469,3.461921148,1
52493,3.376155792,3.127732288,3.34974858,1
52499,2.862408049,2.695618533,3.201781018,1
52503,3.244544011,3.062643073,3.424345858,1
52510,3.062711944,3.044298447,3.365714915,1
52514,3.444847906,3.278446617,3.487232689,1
52516,3.01133717,3.038005824,3.386994358,1
52518,2.428320068,2.383823336,3.224010415,1
52520,3.294187051,3.211784246,3.34546028,1
52536,2.832391327,2.976399842,3.382217576,1
52542,2.629201208,2.849563189,3.060703133,1
52545,3.575305199,3.508943521,3.196846811,1
52548,3.37096059,3.361375504,3.44429413,1
52549,3.582232134,3.165881531,3.550459837,1
52559,3.223185959,2.922574766,3.382742328,1
52561,3.284373892,2.999238464,3.564439061,1
52562,2.406962015,2.504366508,3.018171256,1
52564,2.738300448,2.547122911,3.432685547,1
52569,3.007873702,2.965275444,3.452396138,1
52578,2.800065626,3.591787536,2.045275119,1
52582,2.946108524,3.439106548,2.496221823,1
52587,2.933986386,2.982018623,3.073963911,1
52589,3.557410614,3.491582225,2.979301064,1
52596,3.43041679,3.095707636,3.314926691,1
52599,3.3969366,3.247995121,3.537864259,1
52611,3.241080543,3.003200073,3.495533794,1
52614,3.17123394,3.246871193,3.182411516,1
52615,3.156225578,3.238696784,3.311525067,1
52619,2.583021635,3.320304564,2.724873008,1
52641,3.573573465,3.597068538,3.090900264,1
52643,3.375001303,3.273361937,3.313421889,1
52647,3.421180875,3.331428962,3.330488658,1
52648,3.142948951,2.879397425,3.418156105,1
52654,2.648250281,3.255158767,3.289483963,1
52658,2.019053607,2.317328997,2.905476252,1
52663,3.52219869,3.386040187,3.531655986,1
52666,3.083492752,3.172118429,2.976918075,1
52675,2.568013274,2.615864248,3.40883868,1
52678,2.746959118,2.968084835,2.960129116,1
52679,3.547597455,3.455034429,3.581149308,1
52680,3.009605436,3.069188601,2.952260931,1
52694,3.21221831,3.149250659,3.452968734,1
52697,2.630932942,2.918782903,3.339185642,1
52698,3.209909331,3.30330848,3.371325897,1
52699,2.593412039,2.598897312,3.586394508,1
52700,3.093305911,3.491694532,3.571895162,1
52701,1.956133939,1.967243959,3.063001236,1
52702,3.045394605,2.85386172,2.973235555,1
52709,2.345774082,2.823774579,2.77025552,1
52711,2.545500733,2.707445064,2.981312869,1
52712,2.509134319,2.607773855,2.831907642,1
52714,3.302268476,3.472255127,2.989678796,1
52716,3.007873702,3.042922472,2.926339752,1
52717,3.176429141,2.958336412,3.569610178,1
52720,3.154493845,3.173100902,2.88422459,1
52723,3.054053274,2.89903401,3.594178578,1
52727,3.354220495,3.392753747,3.48624415,1
52732,3.481791564,3.297858588,3.101038771,1
52734,3.22087698,3.256029789,3.061936299,1
52735,2.962848619,2.9408911,3.209024903,1
52737,3.087533464,3.386011896,3.128709378,1
52739,2.389644676,2.672329826,2.956461257,1
52742,3.440807194,3.456495278,3.054764953,1
52752,3.550483678,3.282463951,3.339858559,1
52757,3.211641065,3.008762272,3.457540245,1
52759,1.878205911,1.83950885,3.127101169,1
52770,2.215894034,2.565382664,3.54894809,1
52775,2.667299355,2.74348705,2.856195917,1
52778,2.786788999,2.625247458,3.250104453,1
52781,2.8191147,2.70182714,3.467528272,1
52800,2.789097977,3.036826171,3.015858491,1
52801,2.612461113,2.761129542,3.143438688,1
52802,3.327089997,3.145795717,3.555464268,1
52808,3.344407336,3.113742775,3.595369301,1
52812,2.5760947,2.569203675,3.32381737,1
52820,2.438133227,2.615218697,2.88877758,1
52828,3.20355964,3.309151875,3.108896924,1
52829,3.48121432,3.256422435,3.567802101,1
52831,2.599184486,2.811919757,3.0654367,1
52834,2.936872609,2.87585761,3.398802809,1
52840,3.274560733,3.29381382,3.173041615,1
52846,3.446002396,3.148858013,3.344706336,1
52849,2.345774082,2.386857341,2.825004845,1
52850,2.731373512,3.010560042,3.180382734,1
52852,2.882034367,2.874509068,3.110118514,1
52858,2.76831717,2.746689944,3.322522468,1
52861,2.900506196,2.926255179,3.133872006,1
52864,2.839318263,2.69443888,3.321515409,1
52865,3.365188144,3.306370775,3.222398348,1
52870,2.681730472,2.926985603,2.769271611,1
52877,2.792561445,2.954431385,2.756979308,1
52880,2.782748286,2.787789175,3.544104943,1
52881,3.073102348,2.759921599,3.597126447,1
52883,2.730796267,3.144475467,2.812422385,1
52888,1.877051421,2.177879664,3.525196913,1
52889,2.215894034,2.603953701,3.356900634,1
52895,3.459856267,3.268025209,3.600692442,1
52898,2.953612704,2.962774684,3.260765396,1
52900,2.587639593,2.625190876,3.233420444,1
52901,2.794870424,2.731632228,2.956283768,1
52903,2.468727194,2.54529685,3.2883843,1
52912,2.801220115,2.77784443,3.241368113,1
52913,3.4887185,3.502622607,3.379787514,1
52920,3.329398975,3.412952725,3.418372951,1
52932,2.990556362,3.282604549,3.315282442,1
52941,3.482946054,3.504364652,2.835786944,1
52943,3.011914415,3.099162578,2.850297865,1
52945,3.089842443,2.952324985,3.329340379,1
52948,3.066752657,3.177933533,2.784598983,1
52949,2.858367336,2.606650785,3.467310654,1
52951,3.088110709,3.335558603,3.565291783,1
52958,3.526816647,3.385618393,3.201953105,1
52959,3.570109997,3.591928134,3.015928716,1
52961,3.104273559,2.744414655,3.481350071,1
52968,3.570109997,3.467591385,3.399336049,1
52970,2.966312087,3.166668537,3.405057383,1
52977,3.121590899,3.205575639,2.953007158,1
52986,3.118127431,3.313365532,3.057109357,1
52990,3.20471413,3.251366047,2.842306209,1
52991,3.276869712,3.211335018,3.151474331,1
53005,3.16142078,3.071295001,2.976759878,1
53009,3.134867526,3.36966222,2.403915727,1
53031,3.257243393,3.440370216,3.222111278,1
53035,2.419084153,2.360338306,3.371061206,1
53039,3.081761018,3.253445013,2.618621642,1
53042,2.93571812,2.937436159,3.07524878,1
53050,3.08580173,3.463602342,3.300973704,1
53054,2.898197217,2.530436315,3.447025924,1
53056,2.570899498,2.593784342,3.335280102,1
53061,2.990556362,3.272688095,3.14403212,1
53064,2.871066719,2.960921189,2.988718038,1
53067,3.058093987,3.473547087,3.166741511,1
53069,2.040411659,2.656149039,2.29313375,1
53070,3.451197598,3.592405653,2.699457288,1
53081,2.948994747,2.972691995,3.510273908,1
53084,1.79623717,1.954742728,2.842356369,1
53094,3.211641065,2.987608256,3.503158896,1
53095,2.715787906,2.616341767,3.443549446,1
53101,2.803529094,2.583614982,3.447097691,1
53104,3.316122348,3.516415797,2.875384071,1
53108,3.181047099,3.125091787,3.44275383,1
53113,3.380196505,3.54127766,3.205928098,1
53115,3.532589094,3.51877596,2.797527161,1
53117,2.026557787,2.201111789,3.42585992,1
53119,3.193169236,3.111439195,3.37812683,1
53127,3.551638168,3.327523934,3.332660975,1
53132,3.05232154,3.178888572,2.66237974,1
53135,3.447156885,3.292745617,3.112597193,1
53140,3.117550187,3.022639478,3.572256315,1
53146,2.706551992,2.439557632,3.566297299,1
53154,2.763121968,2.749695657,3.285774433,1
53157,3.077720305,2.853300185,3.54243114,1
53159,2.181259355,2.167316802,2.952331926,1
53161,2.274772989,2.201616742,3.465985657,1
53163,2.861830804,2.736689474,3.367646463,1
53168,2.393685388,2.071775234,3.566059617,1
53171,2.688080163,2.560860377,3.111688139,1
53176,3.534320828,3.561925009,3.0608567,1
53177,3.362879165,3.265215819,3.414965154,1
53181,2.631510186,3.212935607,2.738903935,1
53182,3.192014747,3.299600633,3.310182321,1
53184,2.073314604,2.228135777,2.891991683,1
53185,2.127575602,2.138465896,3.256782687,1
53192,3.374424058,3.357217572,3.373698854,1
53195,2.671917312,2.813549495,3.453711103,1
53197,2.413888951,2.434894747,3.319028241,1
53198,2.518370234,2.631146578,3.44131848,1
53203,3.398668334,3.410031028,3.064450476,1
53207,3.228958405,3.279907465,3.174638249,1
53209,3.591468049,3.498043738,3.063101556,1
53211,3.0944604,3.091970641,3.172338603,1
53212,2.368863868,2.351938425,3.413929541,1
53224,3.220299735,3.042444952,3.372766648,1
53229,2.315180115,2.439277293,3.186850296,1
53231,3.228958405,3.243893771,3.138828592,1
53235,2.859521825,2.764331579,3.596865614,1
53238,3.226072182,3.113573886,3.150437175,1
53240,3.202982396,3.300106443,3.070480487,1
53242,2.764853702,2.788687632,3.47634564,1
53247,3.066175412,3.1711351,3.107546461,1
53251,3.164307004,2.997384969,3.283825907,1
53254,3.181047099,3.010138247,3.587264978,1
53256,3.141217217,3.192569455,2.931374279,1
53258,2.55877736,2.488775548,3.500297457,1
53260,2.450255365,2.551083663,3.158357063,1
53261,3.396359355,3.025954679,3.601001891,1
53263,2.987092894,3.252153053,3.53100622,1
53265,2.128730091,2.552432205,2.90596319,1
53267,2.48315831,2.327779553,3.539488673,1
53269,2.268423298,2.299714796,3.25219497,1
53270,2.98651565,3.175292175,3.363328839,1
53285,3.076565816,3.149756469,3.266830134,1
53286,3.435034747,3.456074341,2.839738785,1
53288,2.47449964,2.490657334,3.133752394,1
53289,2.293244818,2.377108918,3.040622902,1
53291,3.533743583,3.235522181,3.35722706,1
53294,3.458701778,3.314067665,3.135088967,1
53297,2.720405863,3.029606801,3.028170087,1
53303,3.007873702,2.877290168,3.402763911,1
53304,2.375213559,2.349916041,3.223618395,1
53306,2.659795175,2.548808374,3.065019214,1
53309,3.582232134,3.457394591,3.420798383,1
53320,3.118127431,2.879846653,3.298445637,1
53321,2.737145958,2.892319593,3.590930521,1
53324,3.589736315,3.528270619,3.255611256,1
53326,2.116607954,2.189059787,3.297018776,1
53331,2.808724296,2.74348705,3.019225389,1
53459,3.58915907,3.568976348,2.900720306,0
53460,2.808724296,3.2046206,2.873160823,0
53736,2.406962015,3.396855955,3.349373537,0
54135,2.913205578,3.540547236,2.552654211,0
54261,2.899351707,3.291481949,2.923640369,0
54358,3.442538928,3.396995696,3.161413741,0
54445,3.130249569,3.426661042,3.343499408,0
54667,3.009028191,3.392445117,2.513418236,0
54796,2.91955527,2.853300185,3.496416611,0
54853,3.000946766,3.166977167,3.136144643,0
54884,2.879725388,3.203946758,2.736480047,0
54921,3.076565816,3.036179763,3.248870515,0
54973,3.545865721,3.577095032,2.975856997,1
54974,3.470246671,3.273418519,3.310555049,1
54980,3.026922776,3.077756514,3.121389095,1
54981,3.425221588,3.337103467,3.165277609,1
54988,3.386546196,3.297297053,3.32454199,1
54992,3.115818453,3.237881486,2.866396931,1
54993,2.853172134,3.07343055,2.643668492,1
54998,3.450043108,3.591646938,3.256268739,1
55000,3.153339355,3.130317064,3.102930963,1
55001,3.257820638,2.991400976,3.457113499,1
55029,2.614192847,3.177174818,2.517497407,1
55038,3.265324818,3.093291749,3.504990124,1
55039,3.050012562,2.961145803,3.292307588,1
55049,3.219722491,2.997384969,3.306735167,1
55052,2.783902776,2.637524075,3.227237637,1
55063,2.321529806,2.46436377,3.377287228,1
55071,3.57299622,3.236899014,3.55793523,1
55074,2.547232467,3.063429222,2.183555615,1
55076,3.396359355,3.203693853,3.24373181,1
55077,2.83527755,2.677471088,3.398827503,1
55080,3.537207051,3.491245304,3.408192001,1
55092,2.33192021,2.341460436,3.46471082,1
55098,3.016532372,2.981596829,3.155168427,1
55100,2.317489094,2.548752649,2.734829395,1
55106,3.550483678,3.224875303,3.347996065,1
55110,2.917246291,2.943447586,3.116384664,1
55113,2.404075792,2.43888379,3.12587572,1
55115,2.437555982,2.418151568,3.560386128,1
55121,3.417717408,3.311061952,3.311582172,1
55126,3.222608714,3.166695971,3.481636369,1
55131,3.406172514,3.386124203,3.115084361,1
55138,2.885497835,2.882852367,3.350855188,1
55147,2.901660685,2.860519555,3.310889192,1
55149,3.083492752,3.302718653,2.803899033,1
55151,2.498166671,2.849450882,2.504350068,1
55152,3.267056552,3.367948466,3.120688398,1
55153,3.246852989,2.927181926,3.589951242,1
55160,2.939758833,3.195491153,3.051088606,1
55161,2.966889331,3.144700081,2.941282821,1
55164,1.773147383,2.047812684,3.037197355,1
55166,2.877993654,3.085846907,3.126381179,1
55169,3.428685056,3.141413171,3.471380565,1
55170,3.429262301,3.577123323,2.777281015,1
55171,2.896465483,3.040562309,3.133120377,1
55172,2.616501825,2.912827201,2.759022752,1
55175,2.858944581,2.675392121,3.354851016,1
55179,3.004410234,2.796159907,3.518955458,1
55181,3.352488761,3.305696076,3.279869436,1
55183,3.263593084,3.250860236,3.178423405,1
55184,2.6678766,3.244118385,2.463195664,1
55187,2.77697584,2.882094509,3.419761228,1
55191,2.978434225,2.892376175,3.233520764,1
55204,2.880302633,2.923726984,3.108819755,1
55208,3.596663251,3.350784351,3.234271621,1
55211,3.394050377,3.436409464,3.415201292,1
55213,2.844513464,2.937689064,3.129999649,1
55216,3.531434605,3.371404265,3.393198,1
55218,3.478905341,3.300386782,3.388225209,1
55222,2.686348429,2.939515125,2.712115374,1
55223,2.090054699,2.363596924,2.87654547,1
55224,2.671917312,2.86846935,2.685172473,1
55227,3.340366624,3.425285067,3.362651292,1
55232,3.208754842,3.008733981,3.495137144,1
55239,3.349025293,3.249484261,3.290236364,1
55241,3.314390614,3.39840082,3.079540939,1
55250,3.437343726,3.164673587,3.285347686,1
55259,3.350757027,3.368594875,3.232350877,1
55261,2.785057265,2.728373609,3.422883499,1
55268,3.525662158,3.525461229,2.930448247,1
55276,3.483523298,3.43090299,3.320666546,1
55278,2.570322253,3.026319891,3.552005539,1
55282,3.459856267,3.427616938,3.581398565,1
55283,2.610152134,2.95386985,3.045832603,1
55284,3.503726861,3.359998671,3.435715215,1
55290,3.235308096,3.058485141,3.325528986,1
55291,2.813919498,3.131665606,3.029447239,1
55292,3.417717408,3.29330801,3.598184438,1
55294,2.635550899,2.941537509,3.356618966,1
55295,2.995751564,2.783631243,3.342967711,1
55299,3.104273559,3.030111754,3.21945048,1
55305,3.126208856,3.241027798,3.309193782,1
55307,3.234730852,3.312916304,2.925478542,1
55309,2.885497835,2.8220051,3.380755217,1
55314,2.473345151,2.847232175,2.935751324,1
55323,3.074834082,2.928137822,3.429641989,1
55328,3.198941683,3.08542597,3.269033318,1
55330,2.471613417,2.802480822,2.517419466,1
55332,2.799488381,2.597773385,3.390622088,1
55335,2.625160495,2.664885841,3.43697076,1
55337,3.500263393,3.320529178,3.473346839,1
55339,2.912051089,3.001092816,3.113355768,1
55345,3.088110709,2.987805436,3.521728923,1
55346,2.806415317,2.89392104,3.234668272,1
55355,3.446002396,3.422026448,3.349668324,1
55364,2.802951849,2.752223851,3.55942074,1
55365,2.925327716,2.720030311,3.34627596,1
55368,2.842204486,3.043624605,2.802357961,1
55371,3.346716315,3.230633825,3.274306299,1
55375,3.458701778,3.155122345,3.493464112,1
55377,3.231844628,3.261563697,3.137775231,1
55378,3.000946766,2.812229244,3.521450342,1
55386,3.354220495,3.184787692,3.588221106,1
55390,3.175274652,3.034269686,3.489729117,1
55393,3.538938785,3.438516722,3.47665123,1
55397,2.682884961,2.789221733,3.094101248,1
55400,3.352488761,3.310106913,3.19263568,1
55402,2.611306624,2.83498385,2.884901365,1
55405,3.19490097,3.393653061,3.453669432,1
55407,2.7596585,2.666093785,3.268642841,1
55410,2.648827526,2.571703578,3.499939391,1
55417,2.012703916,2.134252238,3.004536207,1
55428,3.242235032,3.290751524,3.382623487,1
55431,3.567801018,3.466889251,3.343551883,1
55437,2.761967479,3.292577585,3.024224419,1
55445,3.350179783,3.218048578,3.55137275,1
55446,2.857790091,2.932941305,3.546688572,1
55448,3.174120163,3.305864965,3.074203136,1
55453,2.679998738,2.874874281,3.292519804,1
55457,2.574362966,2.481780791,3.521720435,1
55458,2.354432752,2.693904779,2.978842678,1
55459,3.182201588,3.367078301,2.70964827,1
55461,2.940336077,3.040309404,3.163166256,1
55468,2.819691944,3.123069403,3.033664543,1
55469,2.800065626,2.722278166,3.430399792,1
55473,2.546655222,2.637467493,3.103645551,1
55480,2.95303546,2.905551248,3.50526639,1
55482,3.413676695,3.30561206,3.593280327,1
55487,3.168347716,3.257574654,3.103688766,1
55491,3.243389521,3.235943118,3.155835941,1
55507,2.438133227,2.721294836,3.440007373,1
55535,2.793715935,2.887010299,3.249598994,1
55538,3.260706861,3.453714178,2.741374126,1
55541,3.485255032,3.328423248,3.414019829,1
55546,3.035581445,3.079862914,3.331942529,1
55552,2.932831897,2.848720458,3.321417404,1
55566,2.921864248,2.658424329,3.595059852,1
55570,2.480849331,2.556618428,3.089017333,1
55576,3.415985674,3.44256149,3.135741047,1
55580,3.570109997,3.38463592,3.515377887,1
55582,3.297650519,3.213638598,3.307948269,1
55585,3.495645436,3.448825822,3.177128503,1
55588,3.077720305,3.021375809,3.205734403,1
55590,3.435611992,3.389832907,2.925144399,1
55593,3.256088904,3.548413015,3.122300465,1
55596,2.924750472,2.769725746,3.003570047,1
55598,2.626892229,2.659969193,3.514159384,1
55600,2.343465103,2.944543222,3.026040213,1
55602,3.287260115,3.2326845,3.295564906,1
55604,3.208177597,3.170207495,3.340874107,1
55605,3.255511659,3.223948555,3.15672416,1
55615,3.248584723,3.125653322,3.345794424,1
55617,3.604744676,3.336794837,3.486439388,1
55622,2.744072894,2.642327558,3.575289841,1
55625,3.493336457,3.38443874,3.257903186,1
55628,1.950361493,2.303198886,2.424789259,1
55639,3.29534154,3.512033251,2.843132693,1
55641,2.797179403,3.517062206,2.655043251,1
55644,3.003255745,3.133884313,3.580296587,1
55645,2.274772989,2.472032369,3.523073985,1
55647,3.436189236,3.214565345,3.43435472,1
55648,3.368074367,3.242685827,3.286674227,1
55649,3.320163061,3.166303325,3.382955315,1
55658,2.931100163,2.975810016,3.057114759,1
55667,2.78448002,2.678397835,3.343500951,1
55670,2.714056172,2.634039985,3.177666373,1
55671,2.670762823,2.93530061,3.107046403,1
55684,3.223763203,3.106634854,3.238559921,1
55685,2.755617787,2.983843827,3.0417434,1
55686,2.959962396,2.598728423,3.569385616,1
55687,3.567801018,3.438825352,3.322908315,1
55696,3.563760305,3.589764294,3.249481696,1
55700,2.61707907,2.860940492,3.130677968,1
55703,3.293032562,3.241280703,3.57332511,1
55706,3.033272467,3.282661131,2.793692617,1
55708,3.152762111,3.267575124,2.994186256,1
55709,1.929003441,2.379103868,2.914433296,1
55712,3.181047099,3.008312186,3.481736689,1
55723,2.721560353,3.080733936,2.926073518,1
55724,1.952093227,2.014832137,3.426468014,1
55727,3.383082728,3.384157544,3.392420134,1
55730,3.515271754,3.541193644,3.410825791,1
55738,3.478905341,3.29920713,3.342749322,1
55740,3.222031469,3.150290571,3.184448014,1
55741,3.365765388,3.403710113,3.332439499,1
55746,2.543191754,2.930019608,2.814925759,1
55750,2.855481113,3.067305958,3.020967101,1
55754,3.190860258,2.890072595,3.444281011,1
55756,2.480272087,2.422842744,3.173148109,1
55759,3.273983488,3.497987155,3.428932031,1
55770,3.173542918,3.078711552,3.305671002,1
55772,3.356529474,3.388680688,2.959231636,1
55788,3.252048191,3.476187588,2.938788709,1
55790,3.465628714,3.263838986,3.592289473,1
55806,3.233576362,3.064019049,3.594718764,1
55809,2.427742823,2.683089011,2.662004697,1
55810,3.286682871,3.277969097,3.494133171,1
55812,2.958807906,3.222936935,2.914849239,1
55818,3.439652704,3.154673117,3.550979958,1
55826,2.887229569,3.115905757,2.633164974,1
55828,3.560296837,3.427391467,3.468063055,1
55833,3.430994035,3.516837592,2.954670157,1
55834,3.280910424,3.068064674,3.35113377,1
55835,3.197787194,3.099556081,3.517248472,1
55842,2.051379308,2.872935913,1.917424829,1
55847,2.305366956,2.353370983,3.02398365,1
55849,2.951303726,2.727165665,3.399534374,1
55851,2.754463298,2.945751166,3.047111299,1
55854,3.096192134,3.139109591,3.088602162,1
55855,2.688080163,2.906000476,3.323440783,1
55860,2.930522918,3.061041626,2.799521217,1
55865,2.241292799,2.721182529,2.116115793,1
55868,3.57299622,3.597714947,3.076603102,1
55869,3.17007945,3.114500633,3.283607518,1
55882,3.317276837,3.164224359,3.279202693,1
55893,3.565492039,3.411322987,3.538833506,1
55896,3.312081636,3.172511075,3.515918844,1
55898,2.861253559,2.657525015,3.357815862,1
55899,3.175851897,3.224791287,3.28254181,1
55911,2.300171754,2.156529325,3.524317183,1
55913,3.504304106,3.404861475,3.423834997,1
55918,3.111200495,3.12908083,3.187134279,1
55919,3.328244486,3.38772565,3.043029813,1
55929,2.591103061,2.58864308,3.59426578,1
55931,3.055207764,2.88195391,3.270217867,1
55932,2.412734462,2.446945892,3.484159806,1
55933,2.446214652,2.647075317,2.853325218,1
55942,2.754463298,3.038764539,2.846180881,1
55945,3.210486576,2.910972848,3.361695164,1
55946,3.381928239,3.422503967,3.269669965,1
55947,3.326512752,3.587011486,2.982367002,1
55948,3.410213227,3.476581091,3.484473114,1
55952,2.730219023,3.254849279,2.420321155,1
55954,2.91955527,2.933053612,3.174618957,1
55958,3.247430234,3.289655888,2.942701965,1
55960,2.076200828,2.161838619,3.500207169,1
55971,3.263593084,3.255720302,3.231292885,1
55973,3.101387336,3.036179763,3.046920691,1
55977,3.151030377,3.303617967,2.794693503,1
55981,2.766585436,2.900662891,3.21441055,1
55984,2.805260828,2.798772975,3.114330417,1
55985,3.208754842,2.944880143,3.577351806,1
55992,2.824887146,2.628449495,3.498200766,1
55998,3.478328096,3.324237025,3.546572046,1
56002,3.144103441,2.874677958,3.484016271,1
56004,2.781593797,2.832174459,3.40622264,1
56010,3.331130709,3.483885335,2.999522516,1
56012,2.537419308,2.646120278,3.03382737,1
56013,2.702511279,2.899258624,3.556916595,1
56017,2.979588714,2.970640463,3.009021289,1
56021,3.570109997,3.443236189,3.210546682,1
56022,2.977279735,3.020869999,3.063635568,1
56029,3.592045294,3.301286096,3.341010697,1
56041,3.098501113,2.925355865,3.327425036,1
56045,3.114086719,3.366881121,2.579704377,1
56054,3.332285198,3.586309353,2.850801009,1
56058,2.502784628,2.953082843,2.611721932,1
56068,3.093305911,3.104669052,3.358912438,1
56069,3.398091089,3.331260072,3.156674,1
56070,2.84393622,3.105567508,3.584902825,1
56073,3.356529474,3.282463951,3.211889428,1
56083,3.35479774,3.230409211,3.376057149,1
56090,2.898774462,3.064806055,3.031287728,1
56091,3.46389698,3.33288981,2.972622059,1
56099,3.465628714,3.541081337,3.054388367,1
56101,2.99401983,2.902601259,3.280206666,1
56111,3.146412419,3.248023412,3.186640395,1
56116,3.278601445,3.400394912,3.604962221,1
56117,3.603012942,3.449023002,3.34993533,1
56120,2.727332799,2.963898611,2.980923935,1
56123,3.313813369,3.295864495,3.45210984,1
56124,2.613038357,2.48534804,3.340718225,1
56128,3.324203773,3.569369851,2.866585224,1
56130,3.560296837,3.480879622,3.262619775,1
56131,2.950149236,2.771101721,3.31663985,1
56134,3.327089997,3.27802568,3.08710662,1
56137,2.906278643,2.696741603,3.525953173,1
56139,2.890693037,3.15026228,2.958547144,1
56141,3.338057645,3.297549958,3.106860425,1
56143,3.444847906,3.405170962,3.026821167,1
56147,2.437555982,2.255582417,3.427779893,1
56149,3.454083821,3.142143595,3.343840496,1
56150,2.777553084,2.786159437,3.440199525,1
56156,3.073679593,3.269598365,3.277452492,1
56157,2.862985293,2.948195344,3.040224708,1
56158,3.317276837,3.301959938,3.272579249,1
56159,3.465628714,3.593136077,2.838513336,1
56160,2.518947479,2.808015587,2.912250947,1
56167,3.232999118,3.19282236,3.095260331,1
56178,3.025768286,3.26524411,2.975495073,1
56184,2.670185578,2.956763256,2.825383746,1
56185,2.957653417,3.066547243,3.353674184,1
56186,3.009028191,3.172118429,2.774298421,1
56187,2.732528001,2.841192457,3.449641964,1
56189,3.140062728,3.017864286,3.256119031,1
56194,1.862620305,2.012275651,3.460794476,1
56196,3.133135792,3.022218541,3.254487671,1
56203,2.85259489,2.86405937,3.078692076,1
56204,2.539728286,2.869846183,2.763547961,1
56205,3.291300828,3.199733101,3.35555017,1
56206,2.557045626,2.489730586,3.505340473,1
56219,3.418294652,3.412025121,3.430053301,1
56222,3.541247764,3.320304564,3.252834704,1
56223,3.416562918,3.391124867,3.299957384,1
56227,3.138908239,3.244146676,2.950516132,1
56228,2.355587241,2.775428543,3.045969193,1
56230,3.248584723,3.373454941,3.280339397,1
56235,2.495280448,2.290416459,3.457787959,1
56236,2.027712277,1.791106232,3.558945377,1
56239,3.532011849,3.433936995,3.26542025,1
56241,3.101964581,3.309320764,3.31739611,1
56245,3.491027479,3.167903915,3.519074298,1
56246,3.039044913,2.955527022,3.344159977,1
56247,3.598972229,3.547963787,3.549284548,1
56249,3.467937693,3.514309397,3.061960993,1
56251,3.280910424,3.035534212,3.43214459,1
56257,3.43041679,3.35356545,3.083487378,1
56261,3.02865451,3.025055365,3.01759403,1
56263,2.995751564,2.72528388,3.545863632,1
56266,2.662681398,2.729020017,3.121758736,1
56269,2.684616695,2.56156251,3.297197809,1
56270,3.175851897,3.558217162,2.7478795,1
56273,3.143526196,3.023398193,3.310178462,1
56280,2.007508714,2.036435381,3.518857453,1
56284,3.046549094,2.950976444,3.029275923,1
56287,2.775244106,3.278194569,3.167626643,1
56289,2.460068524,2.905382359,2.457965898,1
56292,3.598972229,3.492762735,3.183771239,1
56294,3.376733037,3.283334973,3.328332547,1
56297,2.140852229,2.67553272,2.971590305,1
56302,3.015377882,2.897685469,3.461921148,1
56303,3.376155792,3.127732288,3.34974858,1
56309,2.862408049,2.695618533,3.201781018,1
56313,3.244544011,3.062643073,3.424345858,1
56320,3.062711944,3.044298447,3.365714915,1
56324,3.444847906,3.278446617,3.487232689,1
56326,3.01133717,3.038005824,3.386994358,1
56328,2.428320068,2.383823336,3.224010415,1
56330,3.294187051,3.211784246,3.34546028,1
56346,2.832391327,2.976399842,3.382217576,1
56352,2.629201208,2.849563189,3.060703133,1
56355,3.575305199,3.508943521,3.196846811,1
56358,3.37096059,3.361375504,3.44429413,1
56359,3.582232134,3.165881531,3.550459837,1
56369,3.223185959,2.922574766,3.382742328,1
56371,3.284373892,2.999238464,3.564439061,1
56372,2.406962015,2.504366508,3.018171256,1
56374,2.738300448,2.547122911,3.432685547,1
56379,3.007873702,2.965275444,3.452396138,1
56388,2.800065626,3.591787536,2.045275119,1
56392,2.946108524,3.439106548,2.496221823,1
56397,2.933986386,2.982018623,3.073963911,1
56399,3.557410614,3.491582225,2.979301064,1
56406,3.43041679,3.095707636,3.314926691,1
56409,3.3969366,3.247995121,3.537864259,1
56421,3.241080543,3.003200073,3.495533794,1
56424,3.17123394,3.246871193,3.182411516,1
56425,3.156225578,3.238696784,3.311525067,1
56429,2.583021635,3.320304564,2.724873008,1
56451,3.573573465,3.597068538,3.090900264,1
56453,3.375001303,3.273361937,3.313421889,1
56457,3.421180875,3.331428962,3.330488658,1
56458,3.142948951,2.879397425,3.418156105,1
56464,2.648250281,3.255158767,3.289483963,1
56468,2.019053607,2.317328997,2.905476252,1
56473,3.52219869,3.386040187,3.531655986,1
56476,3.083492752,3.172118429,2.976918075,1
56485,2.568013274,2.615864248,3.40883868,1
56488,2.746959118,2.968084835,2.960129116,1
56489,3.547597455,3.455034429,3.581149308,1
56490,3.009605436,3.069188601,2.952260931,1
56504,3.21221831,3.149250659,3.452968734,1
56507,2.630932942,2.918782903,3.339185642,1
56508,3.209909331,3.30330848,3.371325897,1
56509,2.593412039,2.598897312,3.586394508,1
56510,3.093305911,3.491694532,3.571895162,1
56511,1.956133939,1.967243959,3.063001236,1
56512,3.045394605,2.85386172,2.973235555,1
56519,2.345774082,2.823774579,2.77025552,1
56521,2.545500733,2.707445064,2.981312869,1
56522,2.509134319,2.607773855,2.831907642,1
56524,3.302268476,3.472255127,2.989678796,1
56526,3.007873702,3.042922472,2.926339752,1
56527,3.176429141,2.958336412,3.569610178,1
56530,3.154493845,3.173100902,2.88422459,1
56533,3.054053274,2.89903401,3.594178578,1
56537,3.354220495,3.392753747,3.48624415,1
56542,3.481791564,3.297858588,3.101038771,1
56544,3.22087698,3.256029789,3.061936299,1
56545,2.962848619,2.9408911,3.209024903,1
56547,3.087533464,3.386011896,3.128709378,1
56549,2.389644676,2.672329826,2.956461257,1
56552,3.440807194,3.456495278,3.054764953,1
56562,3.550483678,3.282463951,3.339858559,1
56567,3.211641065,3.008762272,3.457540245,1
56569,1.878205911,1.83950885,3.127101169,1
56580,2.215894034,2.565382664,3.54894809,1
56585,2.667299355,2.74348705,2.856195917,1
56588,2.786788999,2.625247458,3.250104453,1
56591,2.8191147,2.70182714,3.467528272,1
56610,2.789097977,3.036826171,3.015858491,1
56611,2.612461113,2.761129542,3.143438688,1
56612,3.327089997,3.145795717,3.555464268,1
56618,3.344407336,3.113742775,3.595369301,1
56622,2.5760947,2.569203675,3.32381737,1
56630,2.438133227,2.615218697,2.88877758,1
56638,3.20355964,3.309151875,3.108896924,1
56639,3.48121432,3.256422435,3.567802101,1
56641,2.599184486,2.811919757,3.0654367,1
56644,2.936872609,2.87585761,3.398802809,1
56650,3.274560733,3.29381382,3.173041615,1
56656,3.446002396,3.148858013,3.344706336,1
56659,2.345774082,2.386857341,2.825004845,1
56660,2.731373512,3.010560042,3.180382734,1
56662,2.882034367,2.874509068,3.110118514,1
56668,2.76831717,2.746689944,3.322522468,1
56671,2.900506196,2.926255179,3.133872006,1
56674,2.839318263,2.69443888,3.321515409,1
56675,3.365188144,3.306370775,3.222398348,1
56680,2.681730472,2.926985603,2.769271611,1
56687,2.792561445,2.954431385,2.756979308,1
56690,2.782748286,2.787789175,3.544104943,1
56691,3.073102348,2.759921599,3.597126447,1
56693,2.730796267,3.144475467,2.812422385,1
56698,1.877051421,2.177879664,3.525196913,1
56699,2.215894034,2.603953701,3.356900634,1
56705,3.459856267,3.268025209,3.600692442,1
56708,2.953612704,2.962774684,3.260765396,1
56710,2.587639593,2.625190876,3.233420444,1
56711,2.794870424,2.731632228,2.956283768,1
56713,2.468727194,2.54529685,3.2883843,1
56722,2.801220115,2.77784443,3.241368113,1
56723,3.4887185,3.502622607,3.379787514,1
56730,3.329398975,3.412952725,3.418372951,1
56742,2.990556362,3.282604549,3.315282442,1
56751,3.482946054,3.504364652,2.835786944,1
56753,3.011914415,3.099162578,2.850297865,1
56755,3.089842443,2.952324985,3.329340379,1
56758,3.066752657,3.177933533,2.784598983,1
56759,2.858367336,2.606650785,3.467310654,1
56761,3.088110709,3.335558603,3.565291783,1
56768,3.526816647,3.385618393,3.201953105,1
56769,3.570109997,3.591928134,3.015928716,1
56771,3.104273559,2.744414655,3.481350071,1
56778,3.570109997,3.467591385,3.399336049,1
56780,2.966312087,3.166668537,3.405057383,1
56787,3.121590899,3.205575639,2.953007158,1
56796,3.118127431,3.313365532,3.057109357,1
56800,3.20471413,3.251366047,2.842306209,1
56801,3.276869712,3.211335018,3.151474331,1
56815,3.16142078,3.071295001,2.976759878,1
56819,3.134867526,3.36966222,2.403915727,1
56841,3.257243393,3.440370216,3.222111278,1
56845,2.419084153,2.360338306,3.371061206,1
56849,3.081761018,3.253445013,2.618621642,1
56852,2.93571812,2.937436159,3.07524878,1
56860,3.08580173,3.463602342,3.300973704,1
56864,2.898197217,2.530436315,3.447025924,1
56866,2.570899498,2.593784342,3.335280102,1
56871,2.990556362,3.272688095,3.14403212,1
56874,2.871066719,2.960921189,2.988718038,1
56877,3.058093987,3.473547087,3.166741511,1
56879,2.040411659,2.656149039,2.29313375,1
56880,3.451197598,3.592405653,2.699457288,1
56891,2.948994747,2.972691995,3.510273908,1
56894,1.79623717,1.954742728,2.842356369,1
56904,3.211641065,2.987608256,3.503158896,1
56905,2.715787906,2.616341767,3.443549446,1
56911,2.803529094,2.583614982,3.447097691,1
56914,3.316122348,3.516415797,2.875384071,1
56918,3.181047099,3.125091787,3.44275383,1
56923,3.380196505,3.54127766,3.205928098,1
56925,3.532589094,3.51877596,2.797527161,1
56927,2.026557787,2.201111789,3.42585992,1
56929,3.193169236,3.111439195,3.37812683,1
56937,3.551638168,3.327523934,3.332660975,1
56942,3.05232154,3.178888572,2.66237974,1
56945,3.447156885,3.292745617,3.112597193,1
56950,3.117550187,3.022639478,3.572256315,1
56956,2.706551992,2.439557632,3.566297299,1
56964,2.763121968,2.749695657,3.285774433,1
56967,3.077720305,2.853300185,3.54243114,1
56969,2.181259355,2.167316802,2.952331926,1
56971,2.274772989,2.201616742,3.465985657,1
56973,2.861830804,2.736689474,3.367646463,1
56978,2.393685388,2.071775234,3.566059617,1
56981,2.688080163,2.560860377,3.111688139,1
56986,3.534320828,3.561925009,3.0608567,1
56987,3.362879165,3.265215819,3.414965154,1
56991,2.631510186,3.212935607,2.738903935,1
56992,3.192014747,3.299600633,3.310182321,1
56994,2.073314604,2.228135777,2.891991683,1
56995,2.127575602,2.138465896,3.256782687,1
57002,3.374424058,3.357217572,3.373698854,1
57005,2.671917312,2.813549495,3.453711103,1
57007,2.413888951,2.434894747,3.319028241,1
57008,2.518370234,2.631146578,3.44131848,1
57013,3.398668334,3.410031028,3.064450476,1
57017,3.228958405,3.279907465,3.174638249,1
57019,3.591468049,3.498043738,3.063101556,1
57021,3.0944604,3.091970641,3.172338603,1
57022,2.368863868,2.351938425,3.413929541,1
57034,3.220299735,3.042444952,3.372766648,1
57039,2.315180115,2.439277293,3.186850296,1
57041,3.228958405,3.243893771,3.138828592,1
57045,2.859521825,2.764331579,3.596865614,1
57048,3.226072182,3.113573886,3.150437175,1
57050,3.202982396,3.300106443,3.070480487,1
57052,2.764853702,2.788687632,3.47634564,1
57057,3.066175412,3.1711351,3.107546461,1
57061,3.164307004,2.997384969,3.283825907,1
57064,3.181047099,3.010138247,3.587264978,1
57066,3.141217217,3.192569455,2.931374279,1
57068,2.55877736,2.488775548,3.500297457,1
57070,2.450255365,2.551083663,3.158357063,1
57071,3.396359355,3.025954679,3.601001891,1
57073,2.987092894,3.252153053,3.53100622,1
57075,2.128730091,2.552432205,2.90596319,1
57077,2.48315831,2.327779553,3.539488673,1
57079,2.268423298,2.299714796,3.25219497,1
57080,2.98651565,3.175292175,3.363328839,1
57095,3.076565816,3.149756469,3.266830134,1
57096,3.435034747,3.456074341,2.839738785,1
57098,2.47449964,2.490657334,3.133752394,1
57099,2.293244818,2.377108918,3.040622902,1
57101,3.533743583,3.235522181,3.35722706,1
57104,3.458701778,3.314067665,3.135088967,1
57107,2.720405863,3.029606801,3.028170087,1
57113,3.007873702,2.877290168,3.402763911,1
57114,2.375213559,2.349916041,3.223618395,1
57116,2.659795175,2.548808374,3.065019214,1
57119,3.582232134,3.457394591,3.420798383,1
57130,3.118127431,2.879846653,3.298445637,1
57131,2.737145958,2.892319593,3.590930521,1
57134,3.589736315,3.528270619,3.255611256,1
57136,2.116607954,2.189059787,3.297018776,1
57141,2.808724296,2.74348705,3.019225389,1
57269,3.58915907,3.568976348,2.900720306,0
57270,2.808724296,3.2046206,2.873160823,0
57546,2.406962015,3.396855955,3.349373537,0
57945,2.913205578,3.540547236,2.552654211,0
58071,2.899351707,3.291481949,2.923640369,0
58168,3.442538928,3.396995696,3.161413741,0
58255,3.130249569,3.426661042,3.343499408,0
58477,3.009028191,3.392445117,2.513418236,0
58606,2.91955527,2.853300185,3.496416611,0
58663,3.000946766,3.166977167,3.136144643,0
58694,2.879725388,3.203946758,2.736480047,0
58731,3.076565816,3.036179763,3.248870515,0
58783,3.545865721,3.577095032,2.975856997,1
58784,3.470246671,3.273418519,3.310555049,1
58790,3.026922776,3.077756514,3.121389095,1
58791,3.425221588,3.337103467,3.165277609,1
58798,3.386546196,3.297297053,3.32454199,1
58802,3.115818453,3.237881486,2.866396931,1
58803,2.853172134,3.07343055,2.643668492,1
58808,3.450043108,3.591646938,3.256268739,1
58810,3.153339355,3.130317064,3.102930963,1
58811,3.257820638,2.991400976,3.457113499,1
58839,2.614192847,3.177174818,2.517497407,1
58848,3.265324818,3.093291749,3.504990124,1
58849,3.050012562,2.961145803,3.292307588,1
58859,3.219722491,2.997384969,3.306735167,1
58862,2.783902776,2.637524075,3.227237637,1
58873,2.321529806,2.46436377,3.377287228,1
58881,3.57299622,3.236899014,3.55793523,1
58884,2.547232467,3.063429222,2.183555615,1
58886,3.396359355,3.203693853,3.24373181,1
58887,2.83527755,2.677471088,3.398827503,1
58890,3.537207051,3.491245304,3.408192001,1
58902,2.33192021,2.341460436,3.46471082,1
58908,3.016532372,2.981596829,3.155168427,1
58910,2.317489094,2.548752649,2.734829395,1
58916,3.550483678,3.224875303,3.347996065,1
58920,2.917246291,2.943447586,3.116384664,1
58923,2.404075792,2.43888379,3.12587572,1
58925,2.437555982,2.418151568,3.560386128,1
58931,3.417717408,3.311061952,3.311582172,1
58936,3.222608714,3.166695971,3.481636369,1
58941,3.406172514,3.386124203,3.115084361,1
58948,2.885497835,2.882852367,3.350855188,1
58957,2.901660685,2.860519555,3.310889192,1
58959,3.083492752,3.302718653,2.803899033,1
58961,2.498166671,2.849450882,2.504350068,1
58962,3.267056552,3.367948466,3.120688398,1
58963,3.246852989,2.927181926,3.589951242,1
58970,2.939758833,3.195491153,3.051088606,1
58971,2.966889331,3.144700081,2.941282821,1
58974,1.773147383,2.047812684,3.037197355,1
58976,2.877993654,3.085846907,3.126381179,1
58979,3.428685056,3.141413171,3.471380565,1
58980,3.429262301,3.577123323,2.777281015,1
58981,2.896465483,3.040562309,3.133120377,1
58982,2.616501825,2.912827201,2.759022752,1
58985,2.858944581,2.675392121,3.354851016,1
58989,3.004410234,2.796159907,3.518955458,1
58991,3.352488761,3.305696076,3.279869436,1
58993,3.263593084,3.250860236,3.178423405,1
58994,2.6678766,3.244118385,2.463195664,1
58997,2.77697584,2.882094509,3.419761228,1
59001,2.978434225,2.892376175,3.233520764,1
59014,2.880302633,2.923726984,3.108819755,1
59018,3.596663251,3.350784351,3.234271621,1
59021,3.394050377,3.436409464,3.415201292,1
59023,2.844513464,2.937689064,3.129999649,1
59026,3.531434605,3.371404265,3.393198,1
59028,3.478905341,3.300386782,3.388225209,1
59032,2.686348429,2.939515125,2.712115374,1
59033,2.090054699,2.363596924,2.87654547,1
59034,2.671917312,2.86846935,2.685172473,1
59037,3.340366624,3.425285067,3.362651292,1
59042,3.208754842,3.008733981,3.495137144,1
59049,3.349025293,3.249484261,3.290236364,1
59051,3.314390614,3.39840082,3.079540939,1
59060,3.437343726,3.164673587,3.285347686,1
59069,3.350757027,3.368594875,3.232350877,1
59071,2.785057265,2.728373609,3.422883499,1
59078,3.525662158,3.525461229,2.930448247,1
59086,3.483523298,3.43090299,3.320666546,1
59088,2.570322253,3.026319891,3.552005539,1
59092,3.459856267,3.427616938,3.581398565,1
59093,2.610152134,2.95386985,3.045832603,1
59094,3.503726861,3.359998671,3.435715215,1
59100,3.235308096,3.058485141,3.325528986,1
59101,2.813919498,3.131665606,3.029447239,1
59102,3.417717408,3.29330801,3.598184438,1
59104,2.635550899,2.941537509,3.356618966,1
59105,2.995751564,2.783631243,3.342967711,1
59109,3.104273559,3.030111754,3.21945048,1
59115,3.126208856,3.241027798,3.309193782,1
59117,3.234730852,3.312916304,2.925478542,1
59119,2.885497835,2.8220051,3.380755217,1
59124,2.473345151,2.847232175,2.935751324,1
59133,3.074834082,2.928137822,3.429641989,1
59138,3.198941683,3.08542597,3.269033318,1
59140,2.471613417,2.802480822,2.517419466,1
59142,2.799488381,2.597773385,3.390622088,1
59145,2.625160495,2.664885841,3.43697076,1
59147,3.500263393,3.320529178,3.473346839,1
59149,2.912051089,3.001092816,3.113355768,1
59155,3.088110709,2.987805436,3.521728923,1
59156,2.806415317,2.89392104,3.234668272,1
59165,3.446002396,3.422026448,3.349668324,1
59174,2.802951849,2.752223851,3.55942074,1
59175,2.925327716,2.720030311,3.34627596,1
59178,2.842204486,3.043624605,2.802357961,1
59181,3.346716315,3.230633825,3.274306299,1
59185,3.458701778,3.155122345,3.493464112,1
59187,3.231844628,3.261563697,3.137775231,1
59188,3.000946766,2.812229244,3.521450342,1
59196,3.354220495,3.184787692,3.588221106,1
59200,3.175274652,3.034269686,3.489729117,1
59203,3.538938785,3.438516722,3.47665123,1
59207,2.682884961,2.789221733,3.094101248,1
59210,3.352488761,3.310106913,3.19263568,1
59212,2.611306624,2.83498385,2.884901365,1
59215,3.19490097,3.393653061,3.453669432,1
59217,2.7596585,2.666093785,3.268642841,1
59220,2.648827526,2.571703578,3.499939391,1
59227,2.012703916,2.134252238,3.004536207,1
59238,3.242235032,3.290751524,3.382623487,1
59241,3.567801018,3.466889251,3.343551883,1
59247,2.761967479,3.292577585,3.024224419,1
59255,3.350179783,3.218048578,3.55137275,1
59256,2.857790091,2.932941305,3.546688572,1
59258,3.174120163,3.305864965,3.074203136,1
59263,2.679998738,2.874874281,3.292519804,1
59267,2.574362966,2.481780791,3.521720435,1
59268,2.354432752,2.693904779,2.978842678,1
59269,3.182201588,3.367078301,2.70964827,1
59271,2.940336077,3.040309404,3.163166256,1
59278,2.819691944,3.123069403,3.033664543,1
59279,2.800065626,2.722278166,3.430399792,1
59283,2.546655222,2.637467493,3.103645551,1
59290,2.95303546,2.905551248,3.50526639,1
59292,3.413676695,3.30561206,3.593280327,1
59297,3.168347716,3.257574654,3.103688766,1
59301,3.243389521,3.235943118,3.155835941,1
59317,2.438133227,2.721294836,3.440007373,1
59345,2.793715935,2.887010299,3.249598994,1
59348,3.260706861,3.453714178,2.741374126,1
59351,3.485255032,3.328423248,3.414019829,1
59356,3.035581445,3.079862914,3.331942529,1
59362,2.932831897,2.848720458,3.321417404,1
59376,2.921864248,2.658424329,3.595059852,1
59380,2.480849331,2.556618428,3.089017333,1
59386,3.415985674,3.44256149,3.135741047,1
59390,3.570109997,3.38463592,3.515377887,1
59392,3.297650519,3.213638598,3.307948269,1
59395,3.495645436,3.448825822,3.177128503,1
59398,3.077720305,3.021375809,3.205734403,1
59400,3.435611992,3.389832907,2.925144399,1
59403,3.256088904,3.548413015,3.122300465,1
59406,2.924750472,2.769725746,3.003570047,1
59408,2.626892229,2.659969193,3.514159384,1
59410,2.343465103,2.944543222,3.026040213,1
59412,3.287260115,3.2326845,3.295564906,1
59414,3.208177597,3.170207495,3.340874107,1
59415,3.255511659,3.223948555,3.15672416,1
59425,3.248584723,3.125653322,3.345794424,1
59427,3.604744676,3.336794837,3.486439388,1
59432,2.744072894,2.642327558,3.575289841,1
59435,3.493336457,3.38443874,3.257903186,1
59438,1.950361493,2.303198886,2.424789259,1
59449,3.29534154,3.512033251,2.843132693,1
59451,2.797179403,3.517062206,2.655043251,1
59454,3.003255745,3.133884313,3.580296587,1
59455,2.274772989,2.472032369,3.523073985,1
59457,3.436189236,3.214565345,3.43435472,1
59458,3.368074367,3.242685827,3.286674227,1
59459,3.320163061,3.166303325,3.382955315,1
59468,2.931100163,2.975810016,3.057114759,1
59477,2.78448002,2.678397835,3.343500951,1
59480,2.714056172,2.634039985,3.177666373,1
59481,2.670762823,2.93530061,3.107046403,1
59494,3.223763203,3.106634854,3.238559921,1
59495,2.755617787,2.983843827,3.0417434,1
59496,2.959962396,2.598728423,3.569385616,1
59497,3.567801018,3.438825352,3.322908315,1
59506,3.563760305,3.589764294,3.249481696,1
59510,2.61707907,2.860940492,3.130677968,1
59513,3.293032562,3.241280703,3.57332511,1
59516,3.033272467,3.282661131,2.793692617,1
59518,3.152762111,3.267575124,2.994186256,1
59519,1.929003441,2.379103868,2.914433296,1
59522,3.181047099,3.008312186,3.481736689,1
59533,2.721560353,3.080733936,2.926073518,1
59534,1.952093227,2.014832137,3.426468014,1
59537,3.383082728,3.384157544,3.392420134,1
59540,3.515271754,3.541193644,3.410825791,1
59548,3.478905341,3.29920713,3.342749322,1
59550,3.222031469,3.150290571,3.184448014,1
59551,3.365765388,3.403710113,3.332439499,1
59556,2.543191754,2.930019608,2.814925759,1
59560,2.855481113,3.067305958,3.020967101,1
59564,3.190860258,2.890072595,3.444281011,1
59566,2.480272087,2.422842744,3.173148109,1
59569,3.273983488,3.497987155,3.428932031,1
59580,3.173542918,3.078711552,3.305671002,1
59582,3.356529474,3.388680688,2.959231636,1
59598,3.252048191,3.476187588,2.938788709,1
59600,3.465628714,3.263838986,3.592289473,1
59616,3.233576362,3.064019049,3.594718764,1
59619,2.427742823,2.683089011,2.662004697,1
59620,3.286682871,3.277969097,3.494133171,1
59622,2.958807906,3.222936935,2.914849239,1
59628,3.439652704,3.154673117,3.550979958,1
59636,2.887229569,3.115905757,2.633164974,1
59638,3.560296837,3.427391467,3.468063055,1
59643,3.430994035,3.516837592,2.954670157,1
59644,3.280910424,3.068064674,3.35113377,1
59645,3.197787194,3.099556081,3.517248472,1
59652,2.051379308,2.872935913,1.917424829,1
59657,2.305366956,2.353370983,3.02398365,1
59659,2.951303726,2.727165665,3.399534374,1
59661,2.754463298,2.945751166,3.047111299,1
59664,3.096192134,3.139109591,3.088602162,1
59665,2.688080163,2.906000476,3.323440783,1
59670,2.930522918,3.061041626,2.799521217,1
59675,2.241292799,2.721182529,2.116115793,1
59678,3.57299622,3.597714947,3.076603102,1
59679,3.17007945,3.114500633,3.283607518,1
59692,3.317276837,3.164224359,3.279202693,1
59703,3.565492039,3.411322987,3.538833506,1
59706,3.312081636,3.172511075,3.515918844,1
59708,2.861253559,2.657525015,3.357815862,1
59709,3.175851897,3.224791287,3.28254181,1
59721,2.300171754,2.156529325,3.524317183,1
59723,3.504304106,3.404861475,3.423834997,1
59728,3.111200495,3.12908083,3.187134279,1
59729,3.328244486,3.38772565,3.043029813,1
59739,2.591103061,2.58864308,3.59426578,1
59741,3.055207764,2.88195391,3.270217867,1
59742,2.412734462,2.446945892,3.484159806,1
59743,2.446214652,2.647075317,2.853325218,1
59752,2.754463298,3.038764539,2.846180881,1
59755,3.210486576,2.910972848,3.361695164,1
59756,3.381928239,3.422503967,3.269669965,1
59757,3.326512752,3.587011486,2.982367002,1
59758,3.410213227,3.476581091,3.484473114,1
59762,2.730219023,3.254849279,2.420321155,1
59764,2.91955527,2.933053612,3.174618957,1
59768,3.247430234,3.289655888,2.942701965,1
59770,2.076200828,2.161838619,3.500207169,1
59781,3.263593084,3.255720302,3.231292885,1
59783,3.101387336,3.036179763,3.046920691,1
59787,3.151030377,3.303617967,2.794693503,1
59791,2.766585436,2.900662891,3.21441055,1
59794,2.805260828,2.798772975,3.114330417,1
59795,3.208754842,2.944880143,3.577351806,1
59802,2.824887146,2.628449495,3.498200766,1
59808,3.478328096,3.324237025,3.546572046,1
59812,3.144103441,2.874677958,3.484016271,1
59814,2.781593797,2.832174459,3.40622264,1
59820,3.331130709,3.483885335,2.999522516,1
59822,2.537419308,2.646120278,3.03382737,1
59823,2.702511279,2.899258624,3.556916595,1
59827,2.979588714,2.970640463,3.009021289,1
59831,3.570109997,3.443236189,3.210546682,1
59832,2.977279735,3.020869999,3.063635568,1
59839,3.592045294,3.301286096,3.341010697,1
59851,3.098501113,2.925355865,3.327425036,1
59855,3.114086719,3.366881121,2.579704377,1
59864,3.332285198,3.586309353,2.850801009,1
59868,2.502784628,2.953082843,2.611721932,1
59878,3.093305911,3.104669052,3.358912438,1
59879,3.398091089,3.331260072,3.156674,1
59880,2.84393622,3.105567508,3.584902825,1
59883,3.356529474,3.282463951,3.211889428,1
59893,3.35479774,3.230409211,3.376057149,1
59900,2.898774462,3.064806055,3.031287728,1
59901,3.46389698,3.33288981,2.972622059,1
59909,3.465628714,3.541081337,3.054388367,1
59911,2.99401983,2.902601259,3.280206666,1
59921,3.146412419,3.248023412,3.186640395,1
59926,3.278601445,3.400394912,3.604962221,1
59927,3.603012942,3.449023002,3.34993533,1
59930,2.727332799,2.963898611,2.980923935,1
59933,3.313813369,3.295864495,3.45210984,1
59934,2.613038357,2.48534804,3.340718225,1
59938,3.324203773,3.569369851,2.866585224,1
59940,3.560296837,3.480879622,3.262619775,1
59941,2.950149236,2.771101721,3.31663985,1
59944,3.327089997,3.27802568,3.08710662,1
59947,2.906278643,2.696741603,3.525953173,1
59949,2.890693037,3.15026228,2.958547144,1
59951,3.338057645,3.297549958,3.106860425,1
59953,3.444847906,3.405170962,3.026821167,1
59957,2.437555982,2.255582417,3.427779893,1
59959,3.454083821,3.142143595,3.343840496,1
59960,2.777553084,2.786159437,3.440199525,1
59966,3.073679593,3.269598365,3.277452492,1
59967,2.862985293,2.948195344,3.040224708,1
59968,3.317276837,3.301959938,3.272579249,1
59969,3.465628714,3.593136077,2.838513336,1
59970,2.518947479,2.808015587,2.912250947,1
59977,3.232999118,3.19282236,3.095260331,1
59988,3.025768286,3.26524411,2.975495073,1
59994,2.670185578,2.956763256,2.825383746,1
59995,2.957653417,3.066547243,3.353674184,1
59996,3.009028191,3.172118429,2.774298421,1
59997,2.732528001,2.841192457,3.449641964,1
59999,3.140062728,3.017864286,3.256119031,1
60004,1.862620305,2.012275651,3.460794476,1
60006,3.133135792,3.022218541,3.254487671,1
60013,2.85259489,2.86405937,3.078692076,1
60014,2.539728286,2.869846183,2.763547961,1
60015,3.291300828,3.199733101,3.35555017,1
60016,2.557045626,2.489730586,3.505340473,1
60029,3.418294652,3.412025121,3.430053301,1
60032,3.541247764,3.320304564,3.252834704,1
60033,3.416562918,3.391124867,3.299957384,1
60037,3.138908239,3.244146676,2.950516132,1
60038,2.355587241,2.775428543,3.045969193,1
60040,3.248584723,3.373454941,3.280339397,1
60045,2.495280448,2.290416459,3.457787959,1
60046,2.027712277,1.791106232,3.558945377,1
60049,3.532011849,3.433936995,3.26542025,1
60051,3.101964581,3.309320764,3.31739611,1
60055,3.491027479,3.167903915,3.519074298,1
60056,3.039044913,2.955527022,3.344159977,1
60057,3.598972229,3.547963787,3.549284548,1
60059,3.467937693,3.514309397,3.061960993,1
60061,3.280910424,3.035534212,3.43214459,1
60067,3.43041679,3.35356545,3.083487378,1
60071,3.02865451,3.025055365,3.01759403,1
60073,2.995751564,2.72528388,3.545863632,1
60076,2.662681398,2.729020017,3.121758736,1
60079,2.684616695,2.56156251,3.297197809,1
60080,3.175851897,3.558217162,2.7478795,1
60083,3.143526196,3.023398193,3.310178462,1
60090,2.007508714,2.036435381,3.518857453,1
60094,3.046549094,2.950976444,3.029275923,1
60097,2.775244106,3.278194569,3.167626643,1
60099,2.460068524,2.905382359,2.457965898,1
60102,3.598972229,3.492762735,3.183771239,1
60104,3.376733037,3.283334973,3.328332547,1
60107,2.140852229,2.67553272,2.971590305,1
60112,3.015377882,2.897685469,3.461921148,1
60113,3.376155792,3.127732288,3.34974858,1
60119,2.862408049,2.695618533,3.201781018,1
60123,3.244544011,3.062643073,3.424345858,1
60130,3.062711944,3.044298447,3.365714915,1
60134,3.444847906,3.278446617,3.487232689,1
60136,3.01133717,3.038005824,3.386994358,1
60138,2.428320068,2.383823336,3.224010415,1
60140,3.294187051,3.211784246,3.34546028,1
60156,2.832391327,2.976399842,3.382217576,1
60162,2.629201208,2.849563189,3.060703133,1
60165,3.575305199,3.508943521,3.196846811,1
60168,3.37096059,3.361375504,3.44429413,1
60169,3.582232134,3.165881531,3.550459837,1
60179,3.223185959,2.922574766,3.382742328,1
60181,3.284373892,2.999238464,3.564439061,1
60182,2.406962015,2.504366508,3.018171256,1
60184,2.738300448,2.547122911,3.432685547,1
60189,3.007873702,2.965275444,3.452396138,1
60198,2.800065626,3.591787536,2.045275119,1
60202,2.946108524,3.439106548,2.496221823,1
60207,2.933986386,2.982018623,3.073963911,1
60209,3.557410614,3.491582225,2.979301064,1
60216,3.43041679,3.095707636,3.314926691,1
60219,3.3969366,3.247995121,3.537864259,1
60231,3.241080543,3.003200073,3.495533794,1
60234,3.17123394,3.246871193,3.182411516,1
60235,3.156225578,3.238696784,3.311525067,1
60239,2.583021635,3.320304564,2.724873008,1
60261,3.573573465,3.597068538,3.090900264,1
60263,3.375001303,3.273361937,3.313421889,1
60267,3.421180875,3.331428962,3.330488658,1
60268,3.142948951,2.879397425,3.418156105,1
60274,2.648250281,3.255158767,3.289483963,1
60278,2.019053607,2.317328997,2.905476252,1
60283,3.52219869,3.386040187,3.531655986,1
60286,3.083492752,3.172118429,2.976918075,1
60295,2.568013274,2.615864248,3.40883868,1
60298,2.746959118,2.968084835,2.960129116,1
60299,3.547597455,3.455034429,3.581149308,1
60300,3.009605436,3.069188601,2.952260931,1
60314,3.21221831,3.149250659,3.452968734,1
60317,2.630932942,2.918782903,3.339185642,1
60318,3.209909331,3.30330848,3.371325897,1
60319,2.593412039,2.598897312,3.586394508,1
60320,3.093305911,3.491694532,3.571895162,1
60321,1.956133939,1.967243959,3.063001236,1
60322,3.045394605,2.85386172,2.973235555,1
60329,2.345774082,2.823774579,2.77025552,1
60331,2.545500733,2.707445064,2.981312869,1
60332,2.509134319,2.607773855,2.831907642,1
60334,3.302268476,3.472255127,2.989678796,1
60336,3.007873702,3.042922472,2.926339752,1
60337,3.176429141,2.958336412,3.569610178,1
60340,3.154493845,3.173100902,2.88422459,1
60343,3.054053274,2.89903401,3.594178578,1
60347,3.354220495,3.392753747,3.48624415,1
60352,3.481791564,3.297858588,3.101038771,1
60354,3.22087698,3.256029789,3.061936299,1
60355,2.962848619,2.9408911,3.209024903,1
60357,3.087533464,3.386011896,3.128709378,1
60359,2.389644676,2.672329826,2.956461257,1
60362,3.440807194,3.456495278,3.054764953,1
60372,3.550483678,3.282463951,3.339858559,1
60377,3.211641065,3.008762272,3.457540245,1
60379,1.878205911,1.83950885,3.127101169,1
60390,2.215894034,2.565382664,3.54894809,1
60395,2.667299355,2.74348705,2.856195917,1
60398,2.786788999,2.625247458,3.250104453,1
60401,2.8191147,2.70182714,3.467528272,1
60420,2.789097977,3.036826171,3.015858491,1
60421,2.612461113,2.761129542,3.143438688,1
60422,3.327089997,3.145795717,3.555464268,1
60428,3.344407336,3.113742775,3.595369301,1
60432,2.5760947,2.569203675,3.32381737,1
60440,2.438133227,2.615218697,2.88877758,1
60448,3.20355964,3.309151875,3.108896924,1
60449,3.48121432,3.256422435,3.567802101,1
60451,2.599184486,2.811919757,3.0654367,1
60454,2.936872609,2.87585761,3.398802809,1
60460,3.274560733,3.29381382,3.173041615,1
60466,3.446002396,3.148858013,3.344706336,1
60469,2.345774082,2.386857341,2.825004845,1
60470,2.731373512,3.010560042,3.180382734,1
60472,2.882034367,2.874509068,3.110118514,1
60478,2.76831717,2.746689944,3.322522468,1
60481,2.900506196,2.926255179,3.133872006,1
60484,2.839318263,2.69443888,3.321515409,1
60485,3.365188144,3.306370775,3.222398348,1
60490,2.681730472,2.926985603,2.769271611,1
60497,2.792561445,2.954431385,2.756979308,1
60500,2.782748286,2.787789175,3.544104943,1
60501,3.073102348,2.759921599,3.597126447,1
60503,2.730796267,3.144475467,2.812422385,1
60508,1.877051421,2.177879664,3.525196913,1
60509,2.215894034,2.603953701,3.356900634,1
60515,3.459856267,3.268025209,3.600692442,1
60518,2.953612704,2.962774684,3.260765396,1
60520,2.587639593,2.625190876,3.233420444,1
60521,2.794870424,2.731632228,2.956283768,1
60523,2.468727194,2.54529685,3.2883843,1
60532,2.801220115,2.77784443,3.241368113,1
60533,3.4887185,3.502622607,3.379787514,1
60540,3.329398975,3.412952725,3.418372951,1
60552,2.990556362,3.282604549,3.315282442,1
60561,3.482946054,3.504364652,2.835786944,1
60563,3.011914415,3.099162578,2.850297865,1
60565,3.089842443,2.952324985,3.329340379,1
60568,3.066752657,3.177933533,2.784598983,1
60569,2.858367336,2.606650785,3.467310654,1
60571,3.088110709,3.335558603,3.565291783,1
60578,3.526816647,3.385618393,3.201953105,1
60579,3.570109997,3.591928134,3.015928716,1
60581,3.104273559,2.744414655,3.481350071,1
60588,3.570109997,3.467591385,3.399336049,1
60590,2.966312087,3.166668537,3.405057383,1
60597,3.121590899,3.205575639,2.953007158,1
60606,3.118127431,3.313365532,3.057109357,1
60610,3.20471413,3.251366047,2.842306209,1
60611,3.276869712,3.211335018,3.151474331,1
60625,3.16142078,3.071295001,2.976759878,1
60629,3.134867526,3.36966222,2.403915727,1
60651,3.257243393,3.440370216,3.222111278,1
60655,2.419084153,2.360338306,3.371061206,1
60659,3.081761018,3.253445013,2.618621642,1
60662,2.93571812,2.937436159,3.07524878,1
60670,3.08580173,3.463602342,3.300973704,1
60674,2.898197217,2.530436315,3.447025924,1
60676,2.570899498,2.593784342,3.335280102,1
60681,2.990556362,3.272688095,3.14403212,1
60684,2.871066719,2.960921189,2.988718038,1
60687,3.058093987,3.473547087,3.166741511,1
60689,2.040411659,2.656149039,2.29313375,1
60690,3.451197598,3.592405653,2.699457288,1
60701,2.948994747,2.972691995,3.510273908,1
60704,1.79623717,1.954742728,2.842356369,1
60714,3.211641065,2.987608256,3.503158896,1
60715,2.715787906,2.616341767,3.443549446,1
60721,2.803529094,2.583614982,3.447097691,1
60724,3.316122348,3.516415797,2.875384071,1
60728,3.181047099,3.125091787,3.44275383,1
60733,3.380196505,3.54127766,3.205928098,1
60735,3.532589094,3.51877596,2.797527161,1
60737,2.026557787,2.201111789,3.42585992,1
60739,3.193169236,3.111439195,3.37812683,1
60747,3.551638168,3.327523934,3.332660975,1
60752,3.05232154,3.178888572,2.66237974,1
60755,3.447156885,3.292745617,3.112597193,1
60760,3.117550187,3.022639478,3.572256315,1
60766,2.706551992,2.439557632,3.566297299,1
60774,2.763121968,2.749695657,3.285774433,1
60777,3.077720305,2.853300185,3.54243114,1
60779,2.181259355,2.167316802,2.952331926,1
60781,2.274772989,2.201616742,3.465985657,1
60783,2.861830804,2.736689474,3.367646463,1
60788,2.393685388,2.071775234,3.566059617,1
60791,2.688080163,2.560860377,3.111688139,1
60796,3.534320828,3.561925009,3.0608567,1
60797,3.362879165,3.265215819,3.414965154,1
60801,2.631510186,3.212935607,2.738903935,1
60802,3.192014747,3.299600633,3.310182321,1
60804,2.073314604,2.228135777,2.891991683,1
60805,2.127575602,2.138465896,3.256782687,1
60812,3.374424058,3.357217572,3.373698854,1
60815,2.671917312,2.813549495,3.453711103,1
60817,2.413888951,2.434894747,3.319028241,1
60818,2.518370234,2.631146578,3.44131848,1
60823,3.398668334,3.410031028,3.064450476,1
60827,3.228958405,3.279907465,3.174638249,1
60829,3.591468049,3.498043738,3.063101556,1
60831,3.0944604,3.091970641,3.172338603,1
60832,2.368863868,2.351938425,3.413929541,1
60844,3.220299735,3.042444952,3.372766648,1
60849,2.315180115,2.439277293,3.186850296,1
60851,3.228958405,3.243893771,3.138828592,1
60855,2.859521825,2.764331579,3.596865614,1
60858,3.226072182,3.113573886,3.150437175,1
60860,3.202982396,3.300106443,3.070480487,1
60862,2.764853702,2.788687632,3.47634564,1
60867,3.066175412,3.1711351,3.107546461,1
60871,3.164307004,2.997384969,3.283825907,1
60874,3.181047099,3.010138247,3.587264978,1
60876,3.141217217,3.192569455,2.931374279,1
60878,2.55877736,2.488775548,3.500297457,1
60880,2.450255365,2.551083663,3.158357063,1
60881,3.396359355,3.025954679,3.601001891,1
60883,2.987092894,3.252153053,3.53100622,1
60885,2.128730091,2.552432205,2.90596319,1
60887,2.48315831,2.327779553,3.539488673,1
60889,2.268423298,2.299714796,3.25219497,1
60890,2.98651565,3.175292175,3.363328839,1
60905,3.076565816,3.149756469,3.266830134,1
60906,3.435034747,3.456074341,2.839738785,1
60908,2.47449964,2.490657334,3.133752394,1
60909,2.293244818,2.377108918,3.040622902,1
60911,3.533743583,3.235522181,3.35722706,1
60914,3.458701778,3.314067665,3.135088967,1
60917,2.720405863,3.029606801,3.028170087,1
60923,3.007873702,2.877290168,3.402763911,1
60924,2.375213559,2.349916041,3.223618395,1
60926,2.659795175,2.548808374,3.065019214,1
60929,3.582232134,3.457394591,3.420798383,1
60940,3.118127431,2.879846653,3.298445637,1
60941,2.737145958,2.892319593,3.590930521,1
60944,3.589736315,3.528270619,3.255611256,1
60946,2.116607954,2.189059787,3.297018776,1
60951,2.808724296,2.74348705,3.019225389,1
61079,3.58915907,3.568976348,2.900720306,0
61080,2.808724296,3.2046206,2.873160823,0
61356,2.406962015,3.396855955,3.349373537,0
61755,2.913205578,3.540547236,2.552654211,0
61881,2.899351707,3.291481949,2.923640369,0
61978,3.442538928,3.396995696,3.161413741,0
62065,3.130249569,3.426661042,3.343499408,0
62287,3.009028191,3.392445117,2.513418236,0
62416,2.91955527,2.853300185,3.496416611,0
62473,3.000946766,3.166977167,3.136144643,0
62504,2.879725388,3.203946758,2.736480047,0
62541,3.076565816,3.036179763,3.248870515,0
62593,3.545865721,3.577095032,2.975856997,1
62594,3.470246671,3.273418519,3.310555049,1
62600,3.026922776,3.077756514,3.121389095,1
62601,3.425221588,3.337103467,3.165277609,1
62608,3.386546196,3.297297053,3.32454199,1
62612,3.115818453,3.237881486,2.866396931,1
62613,2.853172134,3.07343055,2.643668492,1
62618,3.450043108,3.591646938,3.256268739,1
62620,3.153339355,3.130317064,3.102930963,1
62621,3.257820638,2.991400976,3.457113499,1
62649,2.614192847,3.177174818,2.517497407,1
62658,3.265324818,3.093291749,3.504990124,1
62659,3.050012562,2.961145803,3.292307588,1
62669,3.219722491,2.997384969,3.306735167,1
62672,2.783902776,2.637524075,3.227237637,1
62683,2.321529806,2.46436377,3.377287228,1
62691,3.57299622,3.236899014,3.55793523,1
62694,2.547232467,3.063429222,2.183555615,1
62696,3.396359355,3.203693853,3.24373181,1
62697,2.83527755,2.677471088,3.398827503,1
62700,3.537207051,3.491245304,3.408192001,1
62712,2.33192021,2.341460436,3.46471082,1
62718,3.016532372,2.981596829,3.155168427,1
62720,2.317489094,2.548752649,2.734829395,1
62726,3.550483678,3.224875303,3.347996065,1
62730,2.917246291,2.943447586,3.116384664,1
62733,2.404075792,2.43888379,3.12587572,1
62735,2.437555982,2.418151568,3.560386128,1
62741,3.417717408,3.311061952,3.311582172,1
62746,3.222608714,3.166695971,3.481636369,1
62751,3.406172514,3.386124203,3.115084361,1
62758,2.885497835,2.882852367,3.350855188,1
62767,2.901660685,2.860519555,3.310889192,1
62769,3.083492752,3.302718653,2.803899033,1
62771,2.498166671,2.849450882,2.504350068,1
62772,3.267056552,3.367948466,3.120688398,1
62773,3.246852989,2.927181926,3.589951242,1
62780,2.939758833,3.195491153,3.051088606,1
62781,2.966889331,3.144700081,2.941282821,1
62784,1.773147383,2.047812684,3.037197355,1
62786,2.877993654,3.085846907,3.126381179,1
62789,3.428685056,3.141413171,3.471380565,1
62790,3.429262301,3.577123323,2.777281015,1
62791,2.896465483,3.040562309,3.133120377,1
62792,2.616501825,2.912827201,2.759022752,1
62795,2.858944581,2.675392121,3.354851016,1
62799,3.004410234,2.796159907,3.518955458,1
62801,3.352488761,3.305696076,3.279869436,1
62803,3.263593084,3.250860236,3.178423405,1
62804,2.6678766,3.244118385,2.463195664,1
62807,2.77697584,2.882094509,3.419761228,1
62811,2.978434225,2.892376175,3.233520764,1
62824,2.880302633,2.923726984,3.108819755,1
62828,3.596663251,3.350784351,3.234271621,1
62831,3.394050377,3.436409464,3.415201292,1
62833,2.844513464,2.937689064,3.129999649,1
62836,3.531434605,3.371404265,3.393198,1
62838,3.478905341,3.300386782,3.388225209,1
62842,2.686348429,2.939515125,2.712115374,1
62843,2.090054699,2.363596924,2.87654547,1
62844,2.671917312,2.86846935,2.685172473,1
62847,3.340366624,3.425285067,3.362651292,1
62852,3.208754842,3.008733981,3.495137144,1
62859,3.349025293,3.249484261,3.290236364,1
62861,3.314390614,3.39840082,3.079540939,1
62870,3.437343726,3.164673587,3.285347686,1
62879,3.350757027,3.368594875,3.232350877,1
62881,2.785057265,2.728373609,3.422883499,1
62888,3.525662158,3.525461229,2.930448247,1
62896,3.483523298,3.43090299,3.320666546,1
62898,2.570322253,3.026319891,3.552005539,1
62902,3.459856267,3.427616938,3.581398565,1
62903,2.610152134,2.95386985,3.045832603,1
62904,3.503726861,3.359998671,3.435715215,1
62910,3.235308096,3.058485141,3.325528986,1
62911,2.813919498,3.131665606,3.029447239,1
62912,3.417717408,3.29330801,3.598184438,1
62914,2.635550899,2.941537509,3.356618966,1
62915,2.995751564,2.783631243,3.342967711,1
62919,3.104273559,3.030111754,3.21945048,1
62925,3.126208856,3.241027798,3.309193782,1
62927,3.234730852,3.312916304,2.925478542,1
62929,2.885497835,2.8220051,3.380755217,1
62934,2.473345151,2.847232175,2.935751324,1
62943,3.074834082,2.928137822,3.429641989,1
62948,3.198941683,3.08542597,3.269033318,1
62950,2.471613417,2.802480822,2.517419466,1
62952,2.799488381,2.597773385,3.390622088,1
62955,2.625160495,2.664885841,3.43697076,1
62957,3.500263393,3.320529178,3.473346839,1
62959,2.912051089,3.001092816,3.113355768,1
62965,3.088110709,2.987805436,3.521728923,1
62966,2.806415317,2.89392104,3.234668272,1
62975,3.446002396,3.422026448,3.349668324,1
62984,2.802951849,2.752223851,3.55942074,1
62985,2.925327716,2.720030311,3.34627596,1
62988,2.842204486,3.043624605,2.802357961,1
62991,3.346716315,3.230633825,3.274306299,1
62995,3.458701778,3.155122345,3.493464112,1
62997,3.231844628,3.261563697,3.137775231,1
62998,3.000946766,2.812229244,3.521450342,1
63006,3.354220495,3.184787692,3.588221106,1
63010,3.175274652,3.034269686,3.489729117,1
63013,3.538938785,3.438516722,3.47665123,1
63017,2.682884961,2.789221733,3.094101248,1
63020,3.352488761,3.310106913,3.19263568,1
63022,2.611306624,2.83498385,2.884901365,1
63025,3.19490097,3.393653061,3.453669432,1
63027,2.7596585,2.666093785,3.268642841,1
63030,2.648827526,2.571703578,3.499939391,1
63037,2.012703916,2.134252238,3.004536207,1
63048,3.242235032,3.290751524,3.382623487,1
63051,3.567801018,3.466889251,3.343551883,1
63057,2.761967479,3.292577585,3.024224419,1
63065,3.350179783,3.218048578,3.55137275,1
63066,2.857790091,2.932941305,3.546688572,1
63068,3.174120163,3.305864965,3.074203136,1
63073,2.679998738,2.874874281,3.292519804,1
63077,2.574362966,2.481780791,3.521720435,1
63078,2.354432752,2.693904779,2.978842678,1
63079,3.182201588,3.367078301,2.70964827,1
63081,2.940336077,3.040309404,3.163166256,1
63088,2.819691944,3.123069403,3.033664543,1
63089,2.800065626,2.722278166,3.430399792,1
63093,2.546655222,2.637467493,3.103645551,1
63100,2.95303546,2.905551248,3.50526639,1
63102,3.413676695,3.30561206,3.593280327,1
63107,3.168347716,3.257574654,3.103688766,1
63111,3.243389521,3.235943118,3.155835941,1
63127,2.438133227,2.721294836,3.440007373,1
63155,2.793715935,2.887010299,3.249598994,1
63158,3.260706861,3.453714178,2.741374126,1
63161,3.485255032,3.328423248,3.414019829,1
63166,3.035581445,3.079862914,3.331942529,1
63172,2.932831897,2.848720458,3.321417404,1
63186,2.921864248,2.658424329,3.595059852,1
63190,2.480849331,2.556618428,3.089017333,1
63196,3.415985674,3.44256149,3.135741047,1
63200,3.570109997,3.38463592,3.515377887,1
63202,3.297650519,3.213638598,3.307948269,1
63205,3.495645436,3.448825822,3.177128503,1
63208,3.077720305,3.021375809,3.205734403,1
63210,3.435611992,3.389832907,2.925144399,1
63213,3.256088904,3.548413015,3.122300465,1
63216,2.924750472,2.769725746,3.003570047,1
63218,2.626892229,2.659969193,3.514159384,1
63220,2.343465103,2.944543222,3.026040213,1
63222,3.287260115,3.2326845,3.295564906,1
63224,3.208177597,3.170207495,3.340874107,1
63225,3.255511659,3.223948555,3.15672416,1
63235,3.248584723,3.125653322,3.345794424,1
63237,3.604744676,3.336794837,3.486439388,1
63242,2.744072894,2.642327558,3.575289841,1
63245,3.493336457,3.38443874,3.257903186,1
63248,1.950361493,2.303198886,2.424789259,1
63259,3.29534154,3.512033251,2.843132693,1
63261,2.797179403,3.517062206,2.655043251,1
63264,3.003255745,3.133884313,3.580296587,1
63265,2.274772989,2.472032369,3.523073985,1
63267,3.436189236,3.214565345,3.43435472,1
63268,3.368074367,3.242685827,3.286674227,1
63269,3.320163061,3.166303325,3.382955315,1
63278,2.931100163,2.975810016,3.057114759,1
63287,2.78448002,2.678397835,3.343500951,1
63290,2.714056172,2.634039985,3.177666373,1
63291,2.670762823,2.93530061,3.107046403,1
63304,3.223763203,3.106634854,3.238559921,1
63305,2.755617787,2.983843827,3.0417434,1
63306,2.959962396,2.598728423,3.569385616,1
63307,3.567801018,3.438825352,3.322908315,1
63316,3.563760305,3.589764294,3.249481696,1
63320,2.61707907,2.860940492,3.130677968,1
63323,3.293032562,3.241280703,3.57332511,1
63326,3.033272467,3.282661131,2.793692617,1
63328,3.152762111,3.267575124,2.994186256,1
63329,1.929003441,2.379103868,2.914433296,1
63332,3.181047099,3.008312186,3.481736689,1
63343,2.721560353,3.080733936,2.926073518,1
63344,1.952093227,2.014832137,3.426468014,1
63347,3.383082728,3.384157544,3.392420134,1
63350,3.515271754,3.541193644,3.410825791,1
63358,3.478905341,3.29920713,3.342749322,1
63360,3.222031469,3.150290571,3.184448014,1
63361,3.365765388,3.403710113,3.332439499,1
63366,2.543191754,2.930019608,2.814925759,1
63370,2.855481113,3.067305958,3.020967101,1
63374,3.190860258,2.890072595,3.444281011,1
63376,2.480272087,2.422842744,3.173148109,1
63379,3.273983488,3.497987155,3.428932031,1
63390,3.173542918,3.078711552,3.305671002,1
63392,3.356529474,3.388680688,2.959231636,1
63408,3.252048191,3.476187588,2.938788709,1
63410,3.465628714,3.263838986,3.592289473,1
63426,3.233576362,3.064019049,3.594718764,1
63429,2.427742823,2.683089011,2.662004697,1
63430,3.286682871,3.277969097,3.494133171,1
63432,2.958807906,3.222936935,2.914849239,1
63438,3.439652704,3.154673117,3.550979958,1
63446,2.887229569,3.115905757,2.633164974,1
63448,3.560296837,3.427391467,3.468063055,1
63453,3.430994035,3.516837592,2.954670157,1
63454,3.280910424,3.068064674,3.35113377,1
63455,3.197787194,3.099556081,3.517248472,1
63462,2.051379308,2.872935913,1.917424829,1
63467,2.305366956,2.353370983,3.02398365,1
63469,2.951303726,2.727165665,3.399534374,1
63471,2.754463298,2.945751166,3.047111299,1
63474,3.096192134,3.139109591,3.088602162,1
63475,2.688080163,2.906000476,3.323440783,1
63480,2.930522918,3.061041626,2.799521217,1
63485,2.241292799,2.721182529,2.116115793,1
63488,3.57299622,3.597714947,3.076603102,1
63489,3.17007945,3.114500633,3.283607518,1
63502,3.317276837,3.164224359,3.279202693,1
63513,3.565492039,3.411322987,3.538833506,1
63516,3.312081636,3.172511075,3.515918844,1
63518,2.861253559,2.657525015,3.357815862,1
63519,3.175851897,3.224791287,3.28254181,1
63531,2.300171754,2.156529325,3.524317183,1
63533,3.504304106,3.404861475,3.423834997,1
63538,3.111200495,3.12908083,3.187134279,1
63539,3.328244486,3.38772565,3.043029813,1
63549,2.591103061,2.58864308,3.59426578,1
63551,3.055207764,2.88195391,3.270217867,1
63552,2.412734462,2.446945892,3.484159806,1
63553,2.446214652,2.647075317,2.853325218,1
63562,2.754463298,3.038764539,2.846180881,1
63565,3.210486576,2.910972848,3.361695164,1
63566,3.381928239,3.422503967,3.269669965,1
63567,3.326512752,3.587011486,2.982367002,1
63568,3.410213227,3.476581091,3.484473114,1
63572,2.730219023,3.254849279,2.420321155,1
63574,2.91955527,2.933053612,3.174618957,1
63578,3.247430234,3.289655888,2.942701965,1
63580,2.076200828,2.161838619,3.500207169,1
63591,3.263593084,3.255720302,3.231292885,1
63593,3.101387336,3.036179763,3.046920691,1
63597,3.151030377,3.303617967,2.794693503,1
63601,2.766585436,2.900662891,3.21441055,1
63604,2.805260828,2.798772975,3.114330417,1
63605,3.208754842,2.944880143,3.577351806,1
63612,2.824887146,2.628449495,3.498200766,1
63618,3.478328096,3.324237025,3.546572046,1
63622,3.144103441,2.874677958,3.484016271,1
63624,2.781593797,2.832174459,3.40622264,1
63630,3.331130709,3.483885335,2.999522516,1
63632,2.537419308,2.646120278,3.03382737,1
63633,2.702511279,2.899258624,3.556916595,1
63637,2.979588714,2.970640463,3.009021289,1
63641,3.570109997,3.443236189,3.210546682,1
63642,2.977279735,3.020869999,3.063635568,1
63649,3.592045294,3.301286096,3.341010697,1
63661,3.098501113,2.925355865,3.327425036,1
63665,3.114086719,3.366881121,2.579704377,1
63674,3.332285198,3.586309353,2.850801009,1
63678,2.502784628,2.953082843,2.611721932,1
63688,3.093305911,3.104669052,3.358912438,1
63689,3.398091089,3.331260072,3.156674,1
63690,2.84393622,3.105567508,3.584902825,1
63693,3.356529474,3.282463951,3.211889428,1
63703,3.35479774,3.230409211,3.376057149,1
63710,2.898774462,3.064806055,3.031287728,1
63711,3.46389698,3.33288981,2.972622059,1
63719,3.465628714,3.541081337,3.054388367,1
63721,2.99401983,2.902601259,3.280206666,1
63731,3.146412419,3.248023412,3.186640395,1
63736,3.278601445,3.400394912,3.604962221,1
63737,3.603012942,3.449023002,3.34993533,1
63740,2.727332799,2.963898611,2.980923935,1
63743,3.313813369,3.295864495,3.45210984,1
63744,2.613038357,2.48534804,3.340718225,1
63748,3.324203773,3.569369851,2.866585224,1
63750,3.560296837,3.480879622,3.262619775,1
63751,2.950149236,2.771101721,3.31663985,1
63754,3.327089997,3.27802568,3.08710662,1
63757,2.906278643,2.696741603,3.525953173,1
63759,2.890693037,3.15026228,2.958547144,1
63761,3.338057645,3.297549958,3.106860425,1
63763,3.444847906,3.405170962,3.026821167,1
63767,2.437555982,2.255582417,3.427779893,1
63769,3.454083821,3.142143595,3.343840496,1
63770,2.777553084,2.786159437,3.440199525,1
63776,3.073679593,3.269598365,3.277452492,1
63777,2.862985293,2.948195344,3.040224708,1
63778,3.317276837,3.301959938,3.272579249,1
63779,3.465628714,3.593136077,2.838513336,1
63780,2.518947479,2.808015587,2.912250947,1
63787,3.232999118,3.19282236,3.095260331,1
63798,3.025768286,3.26524411,2.975495073,1
63804,2.670185578,2.956763256,2.825383746,1
63805,2.957653417,3.066547243,3.353674184,1
63806,3.009028191,3.172118429,2.774298421,1
63807,2.732528001,2.841192457,3.449641964,1
63809,3.140062728,3.017864286,3.256119031,1
63814,1.862620305,2.012275651,3.460794476,1
63816,3.133135792,3.022218541,3.254487671,1
63823,2.85259489,2.86405937,3.078692076,1
63824,2.539728286,2.869846183,2.763547961,1
63825,3.291300828,3.199733101,3.35555017,1
63826,2.557045626,2.489730586,3.505340473,1
63839,3.418294652,3.412025121,3.430053301,1
63842,3.541247764,3.320304564,3.252834704,1
63843,3.416562918,3.391124867,3.299957384,1
63847,3.138908239,3.244146676,2.950516132,1
63848,2.355587241,2.775428543,3.045969193,1
63850,3.248584723,3.373454941,3.280339397,1
63855,2.495280448,2.290416459,3.457787959,1
63856,2.027712277,1.791106232,3.558945377,1
63859,3.532011849,3.433936995,3.26542025,1
63861,3.101964581,3.309320764,3.31739611,1
63865,3.491027479,3.167903915,3.519074298,1
63866,3.039044913,2.955527022,3.344159977,1
63867,3.598972229,3.547963787,3.549284548,1
63869,3.467937693,3.514309397,3.061960993,1
63871,3.280910424,3.035534212,3.43214459,1
63877,3.43041679,3.35356545,3.083487378,1
63881,3.02865451,3.025055365,3.01759403,1
63883,2.995751564,2.72528388,3.545863632,1
63886,2.662681398,2.729020017,3.121758736,1
63889,2.684616695,2.56156251,3.297197809,1
63890,3.175851897,3.558217162,2.7478795,1
63893,3.143526196,3.023398193,3.310178462,1
63900,2.007508714,2.036435381,3.518857453,1
63904,3.046549094,2.950976444,3.029275923,1
63907,2.775244106,3.278194569,3.167626643,1
63909,2.460068524,2.905382359,2.457965898,1
63912,3.598972229,3.492762735,3.183771239,1
63914,3.376733037,3.283334973,3.328332547,1
63917,2.140852229,2.67553272,2.971590305,1
63922,3.015377882,2.897685469,3.461921148,1
63923,3.376155792,3.127732288,3.34974858,1
63929,2.862408049,2.695618533,3.201781018,1
63933,3.244544011,3.062643073,3.424345858,1
63940,3.062711944,3.044298447,3.365714915,1
63944,3.444847906,3.278446617,3.487232689,1
63946,3.01133717,3.038005824,3.386994358,1
63948,2.428320068,2.383823336,3.224010415,1
63950,3.294187051,3.211784246,3.34546028,1
63966,2.832391327,2.976399842,3.382217576,1
63972,2.629201208,2.849563189,3.060703133,1
63975,3.575305199,3.508943521,3.196846811,1
63978,3.37096059,3.361375504,3.44429413,1
63979,3.582232134,3.165881531,3.550459837,1
63989,3.223185959,2.922574766,3.382742328,1
63991,3.284373892,2.999238464,3.564439061,1
63992,2.406962015,2.504366508,3.018171256,1
63994,2.738300448,2.547122911,3.432685547,1
63999,3.007873702,2.965275444,3.452396138,1
64008,2.800065626,3.591787536,2.045275119,1
64012,2.946108524,3.439106548,2.496221823,1
64017,2.933986386,2.982018623,3.073963911,1
64019,3.557410614,3.491582225,2.979301064,1
64026,3.43041679,3.095707636,3.314926691,1
64029,3.3969366,3.247995121,3.537864259,1
64041,3.241080543,3.003200073,3.495533794,1
64044,3.17123394,3.246871193,3.182411516,1
64045,3.156225578,3.238696784,3.311525067,1
64049,2.583021635,3.320304564,2.724873008,1
64071,3.573573465,3.597068538,3.090900264,1
64073,3.375001303,3.273361937,3.313421889,1
64077,3.421180875,3.331428962,3.330488658,1
64078,3.142948951,2.879397425,3.418156105,1
64084,2.648250281,3.255158767,3.289483963,1
64088,2.019053607,2.317328997,2.905476252,1
64093,3.52219869,3.386040187,3.531655986,1
64096,3.083492752,3.172118429,2.976918075,1
64105,2.568013274,2.615864248,3.40883868,1
64108,2.746959118,2.968084835,2.960129116,1
64109,3.547597455,3.455034429,3.581149308,1
64110,3.009605436,3.069188601,2.952260931,1
64124,3.21221831,3.149250659,3.452968734,1
64127,2.630932942,2.918782903,3.339185642,1
64128,3.209909331,3.30330848,3.371325897,1
64129,2.593412039,2.598897312,3.586394508,1
64130,3.093305911,3.491694532,3.571895162,1
64131,1.956133939,1.967243959,3.063001236,1
64132,3.045394605,2.85386172,2.973235555,1
64139,2.345774082,2.823774579,2.77025552,1
64141,2.545500733,2.707445064,2.981312869,1
64142,2.509134319,2.607773855,2.831907642,1
64144,3.302268476,3.472255127,2.989678796,1
64146,3.007873702,3.042922472,2.926339752,1
64147,3.176429141,2.958336412,3.569610178,1
64150,3.154493845,3.173100902,2.88422459,1
64153,3.054053274,2.89903401,3.594178578,1
64157,3.354220495,3.392753747,3.48624415,1
64162,3.481791564,3.297858588,3.101038771,1
64164,3.22087698,3.256029789,3.061936299,1
64165,2.962848619,2.9408911,3.209024903,1
64167,3.087533464,3.386011896,3.128709378,1
64169,2.389644676,2.672329826,2.956461257,1
64172,3.440807194,3.456495278,3.054764953,1
64182,3.550483678,3.282463951,3.339858559,1
64187,3.211641065,3.008762272,3.457540245,1
64189,1.878205911,1.83950885,3.127101169,1
64200,2.215894034,2.565382664,3.54894809,1
64205,2.667299355,2.74348705,2.856195917,1
64208,2.786788999,2.625247458,3.250104453,1
64211,2.8191147,2.70182714,3.467528272,1
64230,2.789097977,3.036826171,3.015858491,1
64231,2.612461113,2.761129542,3.143438688,1
64232,3.327089997,3.145795717,3.555464268,1
64238,3.344407336,3.113742775,3.595369301,1
64242,2.5760947,2.569203675,3.32381737,1
64250,2.438133227,2.615218697,2.88877758,1
64258,3.20355964,3.309151875,3.108896924,1
64259,3.48121432,3.256422435,3.567802101,1
64261,2.599184486,2.811919757,3.0654367,1
64264,2.936872609,2.87585761,3.398802809,1
64270,3.274560733,3.29381382,3.173041615,1
64276,3.446002396,3.148858013,3.344706336,1
64279,2.345774082,2.386857341,2.825004845,1
64280,2.731373512,3.010560042,3.180382734,1
64282,2.882034367,2.874509068,3.110118514,1
64288,2.76831717,2.746689944,3.322522468,1
64291,2.900506196,2.926255179,3.133872006,1
64294,2.839318263,2.69443888,3.321515409,1
64295,3.365188144,3.306370775,3.222398348,1
64300,2.681730472,2.926985603,2.769271611,1
64307,2.792561445,2.954431385,2.756979308,1
64310,2.782748286,2.787789175,3.544104943,1
64311,3.073102348,2.759921599,3.597126447,1
64313,2.730796267,3.144475467,2.812422385,1
64318,1.877051421,2.177879664,3.525196913,1
64319,2.215894034,2.603953701,3.356900634,1
64325,3.459856267,3.268025209,3.600692442,1
64328,2.953612704,2.962774684,3.260765396,1
64330,2.587639593,2.625190876,3.233420444,1
64331,2.794870424,2.731632228,2.956283768,1
64333,2.468727194,2.54529685,3.2883843,1
64342,2.801220115,2.77784443,3.241368113,1
64343,3.4887185,3.502622607,3.379787514,1
64350,3.329398975,3.412952725,3.418372951,1
64362,2.990556362,3.282604549,3.315282442,1
64371,3.482946054,3.504364652,2.835786944,1
64373,3.011914415,3.099162578,2.850297865,1
64375,3.089842443,2.952324985,3.329340379,1
64378,3.066752657,3.177933533,2.784598983,1
64379,2.858367336,2.606650785,3.467310654,1
64381,3.088110709,3.335558603,3.565291783,1
64388,3.526816647,3.385618393,3.201953105,1
64389,3.570109997,3.591928134,3.015928716,1
64391,3.104273559,2.744414655,3.481350071,1
64398,3.570109997,3.467591385,3.399336049,1
64400,2.966312087,3.166668537,3.405057383,1
64407,3.121590899,3.205575639,2.953007158,1
64416,3.118127431,3.313365532,3.057109357,1
64420,3.20471413,3.251366047,2.842306209,1
64421,3.276869712,3.211335018,3.151474331,1
64435,3.16142078,3.071295001,2.976759878,1
64439,3.134867526,3.36966222,2.403915727,1
64461,3.257243393,3.440370216,3.222111278,1
64465,2.419084153,2.360338306,3.371061206,1
64469,3.081761018,3.253445013,2.618621642,1
64472,2.93571812,2.937436159,3.07524878,1
64480,3.08580173,3.463602342,3.300973704,1
64484,2.898197217,2.530436315,3.447025924,1
64486,2.570899498,2.593784342,3.335280102,1
64491,2.990556362,3.272688095,3.14403212,1
64494,2.871066719,2.960921189,2.988718038,1
64497,3.058093987,3.473547087,3.166741511,1
64499,2.040411659,2.656149039,2.29313375,1
64500,3.451197598,3.592405653,2.699457288,1
64511,2.948994747,2.972691995,3.510273908,1
64514,1.79623717,1.954742728,2.842356369,1
64524,3.211641065,2.987608256,3.503158896,1
64525,2.715787906,2.616341767,3.443549446,1
64531,2.803529094,2.583614982,3.447097691,1
64534,3.316122348,3.516415797,2.875384071,1
64538,3.181047099,3.125091787,3.44275383,1
64543,3.380196505,3.54127766,3.205928098,1
64545,3.532589094,3.51877596,2.797527161,1
64547,2.026557787,2.201111789,3.42585992,1
64549,3.193169236,3.111439195,3.37812683,1
64557,3.551638168,3.327523934,3.332660975,1
64562,3.05232154,3.178888572,2.66237974,1
64565,3.447156885,3.292745617,3.112597193,1
64570,3.117550187,3.022639478,3.572256315,1
64576,2.706551992,2.439557632,3.566297299,1
64584,2.763121968,2.749695657,3.285774433,1
64587,3.077720305,2.853300185,3.54243114,1
64589,2.181259355,2.167316802,2.952331926,1
64591,2.274772989,2.201616742,3.465985657,1
64593,2.861830804,2.736689474,3.367646463,1
64598,2.393685388,2.071775234,3.566059617,1
64601,2.688080163,2.560860377,3.111688139,1
64606,3.534320828,3.561925009,3.0608567,1
64607,3.362879165,3.265215819,3.414965154,1
64611,2.631510186,3.212935607,2.738903935,1
64612,3.192014747,3.299600633,3.310182321,1
64614,2.073314604,2.228135777,2.891991683,1
64615,2.127575602,2.138465896,3.256782687,1
64622,3.374424058,3.357217572,3.373698854,1
64625,2.671917312,2.813549495,3.453711103,1
64627,2.413888951,2.434894747,3.319028241,1
64628,2.518370234,2.631146578,3.44131848,1
64633,3.398668334,3.410031028,3.064450476,1
64637,3.228958405,3.279907465,3.174638249,1
64639,3.591468049,3.498043738,3.063101556,1
64641,3.0944604,3.091970641,3.172338603,1
64642,2.368863868,2.351938425,3.413929541,1
64654,3.220299735,3.042444952,3.372766648,1
64659,2.315180115,2.439277293,3.186850296,1
64661,3.228958405,3.243893771,3.138828592,1
64665,2.859521825,2.764331579,3.596865614,1
64668,3.226072182,3.113573886,3.150437175,1
64670,3.202982396,3.300106443,3.070480487,1
64672,2.764853702,2.788687632,3.47634564,1
64677,3.066175412,3.1711351,3.107546461,1
64681,3.164307004,2.997384969,3.283825907,1
64684,3.181047099,3.010138247,3.587264978,1
64686,3.141217217,3.192569455,2.931374279,1
64688,2.55877736,2.488775548,3.500297457,1
64690,2.450255365,2.551083663,3.158357063,1
64691,3.396359355,3.025954679,3.601001891,1
64693,2.987092894,3.252153053,3.53100622,1
64695,2.128730091,2.552432205,2.90596319,1
64697,2.48315831,2.327779553,3.539488673,1
64699,2.268423298,2.299714796,3.25219497,1
64700,2.98651565,3.175292175,3.363328839,1
64715,3.076565816,3.149756469,3.266830134,1
64716,3.435034747,3.456074341,2.839738785,1
64718,2.47449964,2.490657334,3.133752394,1
64719,2.293244818,2.377108918,3.040622902,1
64721,3.533743583,3.235522181,3.35722706,1
64724,3.458701778,3.314067665,3.135088967,1
64727,2.720405863,3.029606801,3.028170087,1
64733,3.007873702,2.877290168,3.402763911,1
64734,2.375213559,2.349916041,3.223618395,1
64736,2.659795175,2.548808374,3.065019214,1
64739,3.582232134,3.457394591,3.420798383,1
64750,3.118127431,2.879846653,3.298445637,1
64751,2.737145958,2.892319593,3.590930521,1
64754,3.589736315,3.528270619,3.255611256,1
64756,2.116607954,2.189059787,3.297018776,1
64761,2.808724296,2.74348705,3.019225389,1
64889,3.58915907,3.568976348,2.900720306,0
64890,2.808724296,3.2046206,2.873160823,0
65166,2.406962015,3.396855955,3.349373537,0
65565,2.913205578,3.540547236,2.552654211,0
65691,2.899351707,3.291481949,2.923640369,0
65788,3.442538928,3.396995696,3.161413741,0
65875,3.130249569,3.426661042,3.343499408,0
66097,3.009028191,3.392445117,2.513418236,0
66226,2.91955527,2.853300185,3.496416611,0
66283,3.000946766,3.166977167,3.136144643,0
66314,2.879725388,3.203946758,2.736480047,0
66351,3.076565816,3.036179763,3.248870515,0
66403,3.545865721,3.577095032,2.975856997,1
66404,3.470246671,3.273418519,3.310555049,1
66410,3.026922776,3.077756514,3.121389095,1
66411,3.425221588,3.337103467,3.165277609,1
66418,3.386546196,3.297297053,3.32454199,1
66422,3.115818453,3.237881486,2.866396931,1
66423,2.853172134,3.07343055,2.643668492,1
66428,3.450043108,3.591646938,3.256268739,1
66430,3.153339355,3.130317064,3.102930963,1
66431,3.257820638,2.991400976,3.457113499,1
66459,2.614192847,3.177174818,2.517497407,1
66468,3.265324818,3.093291749,3.504990124,1
66469,3.050012562,2.961145803,3.292307588,1
66479,3.219722491,2.997384969,3.306735167,1
66482,2.783902776,2.637524075,3.227237637,1
66493,2.321529806,2.46436377,3.377287228,1
66501,3.57299622,3.236899014,3.55793523,1
66504,2.547232467,3.063429222,2.183555615,1
66506,3.396359355,3.203693853,3.24373181,1
66507,2.83527755,2.677471088,3.398827503,1
66510,3.537207051,3.491245304,3.408192001,1
66522,2.33192021,2.341460436,3.46471082,1
66528,3.016532372,2.981596829,3.155168427,1
66530,2.317489094,2.548752649,2.734829395,1
66536,3.550483678,3.224875303,3.347996065,1
66540,2.917246291,2.943447586,3.116384664,1
66543,2.404075792,2.43888379,3.12587572,1
66545,2.437555982,2.418151568,3.560386128,1
66551,3.417717408,3.311061952,3.311582172,1
66556,3.222608714,3.166695971,3.481636369,1
66561,3.406172514,3.386124203,3.115084361,1
66568,2.885497835,2.882852367,3.350855188,1
66577,2.901660685,2.860519555,3.310889192,1
66579,3.083492752,3.302718653,2.803899033,1
66581,2.498166671,2.849450882,2.504350068,1
66582,3.267056552,3.367948466,3.120688398,1
66583,3.246852989,2.927181926,3.589951242,1
66590,2.939758833,3.195491153,3.051088606,1
66591,2.966889331,3.144700081,2.941282821,1
66594,1.773147383,2.047812684,3.037197355,1
66596,2.877993654,3.085846907,3.126381179,1
66599,3.428685056,3.141413171,3.471380565,1
66600,3.429262301,3.577123323,2.777281015,1
66601,2.896465483,3.040562309,3.133120377,1
66602,2.616501825,2.912827201,2.759022752,1
66605,2.858944581,2.675392121,3.354851016,1
66609,3.004410234,2.796159907,3.518955458,1
66611,3.352488761,3.305696076,3.279869436,1
66613,3.263593084,3.250860236,3.178423405,1
66614,2.6678766,3.244118385,2.463195664,1
66617,2.77697584,2.882094509,3.419761228,1
66621,2.978434225,2.892376175,3.233520764,1
66634,2.880302633,2.923726984,3.108819755,1
66638,3.596663251,3.350784351,3.234271621,1
66641,3.394050377,3.436409464,3.415201292,1
66643,2.844513464,2.937689064,3.129999649,1
66646,3.531434605,3.371404265,3.393198,1
66648,3.478905341,3.300386782,3.388225209,1
66652,2.686348429,2.939515125,2.712115374,1
66653,2.090054699,2.363596924,2.87654547,1
66654,2.671917312,2.86846935,2.685172473,1
66657,3.340366624,3.425285067,3.362651292,1
66662,3.208754842,3.008733981,3.495137144,1
66669,3.349025293,3.249484261,3.290236364,1
66671,3.314390614,3.39840082,3.079540939,1
66680,3.437343726,3.164673587,3.285347686,1
66689,3.350757027,3.368594875,3.232350877,1
66691,2.785057265,2.728373609,3.422883499,1
66698,3.525662158,3.525461229,2.930448247,1
66706,3.483523298,3.43090299,3.320666546,1
66708,2.570322253,3.026319891,3.552005539,1
66712,3.459856267,3.427616938,3.581398565,1
66713,2.610152134,2.95386985,3.045832603,1
66714,3.503726861,3.359998671,3.435715215,1
66720,3.235308096,3.058485141,3.325528986,1
66721,2.813919498,3.131665606,3.029447239,1
66722,3.417717408,3.29330801,3.598184438,1
66724,2.635550899,2.941537509,3.356618966,1
66725,2.995751564,2.783631243,3.342967711,1
66729,3.104273559,3.030111754,3.21945048,1
66735,3.126208856,3.241027798,3.309193782,1
66737,3.234730852,3.312916304,2.925478542,1
66739,2.885497835,2.8220051,3.380755217,1
66744,2.473345151,2.847232175,2.935751324,1
66753,3.074834082,2.928137822,3.429641989,1
66758,3.198941683,3.08542597,3.269033318,1
66760,2.471613417,2.802480822,2.517419466,1
66762,2.799488381,2.597773385,3.390622088,1
66765,2.625160495,2.664885841,3.43697076,1
66767,3.500263393,3.320529178,3.473346839,1
66769,2.912051089,3.001092816,3.113355768,1
66775,3.088110709,2.987805436,3.521728923,1
66776,2.806415317,2.89392104,3.234668272,1
66785,3.446002396,3.422026448,3.349668324,1
66794,2.802951849,2.752223851,3.55942074,1
66795,2.925327716,2.720030311,3.34627596,1
66798,2.842204486,3.043624605,2.802357961,1
66801,3.346716315,3.230633825,3.274306299,1
66805,3.458701778,3.155122345,3.493464112,1
66807,3.231844628,3.261563697,3.137775231,1
66808,3.000946766,2.812229244,3.521450342,1
66816,3.354220495,3.184787692,3.588221106,1
66820,3.175274652,3.034269686,3.489729117,1
66823,3.538938785,3.438516722,3.47665123,1
66827,2.682884961,2.789221733,3.094101248,1
66830,3.352488761,3.310106913,3.19263568,1
66832,2.611306624,2.83498385,2.884901365,1
66835,3.19490097,3.393653061,3.453669432,1
66837,2.7596585,2.666093785,3.268642841,1
66840,2.648827526,2.571703578,3.499939391,1
66847,2.012703916,2.134252238,3.004536207,1
66858,3.242235032,3.290751524,3.382623487,1
66861,3.567801018,3.466889251,3.343551883,1
66867,2.761967479,3.292577585,3.024224419,1
66875,3.350179783,3.218048578,3.55137275,1
66876,2.857790091,2.932941305,3.546688572,1
66878,3.174120163,3.305864965,3.074203136,1
66883,2.679998738,2.874874281,3.292519804,1
66887,2.574362966,2.481780791,3.521720435,1
66888,2.354432752,2.693904779,2.978842678,1
66889,3.182201588,3.367078301,2.70964827,1
66891,2.940336077,3.040309404,3.163166256,1
66898,2.819691944,3.123069403,3.033664543,1
66899,2.800065626,2.722278166,3.430399792,1
66903,2.546655222,2.637467493,3.103645551,1
66910,2.95303546,2.905551248,3.50526639,1
66912,3.413676695,3.30561206,3.593280327,1
66917,3.168347716,3.257574654,3.103688766,1
66921,3.243389521,3.235943118,3.155835941,1
66937,2.438133227,2.721294836,3.440007373,1
66965,2.793715935,2.887010299,3.249598994,1
66968,3.260706861,3.453714178,2.741374126,1
66971,3.485255032,3.328423248,3.414019829,1
66976,3.035581445,3.079862914,3.331942529,1
66982,2.932831897,2.848720458,3.321417404,1
66996,2.921864248,2.658424329,3.595059852,1
67000,2.480849331,2.556618428,3.089017333,1
67006,3.415985674,3.44256149,3.135741047,1
67010,3.570109997,3.38463592,3.515377887,1
67012,3.297650519,3.213638598,3.307948269,1
67015,3.495645436,3.448825822,3.177128503,1
67018,3.077720305,3.021375809,3.205734403,1
67020,3.435611992,3.389832907,2.925144399,1
67023,3.256088904,3.548413015,3.122300465,1
67026,2.924750472,2.769725746,3.003570047,1
67028,2.626892229,2.659969193,3.514159384,1
67030,2.343465103,2.944543222,3.026040213,1
67032,3.287260115,3.2326845,3.295564906,1
67034,3.208177597,3.170207495,3.340874107,1
67035,3.255511659,3.223948555,3.15672416,1
67045,3.248584723,3.125653322,3.345794424,1
67047,3.604744676,3.336794837,3.486439388,1
67052,2.744072894,2.642327558,3.575289841,1
67055,3.493336457,3.38443874,3.257903186,1
67058,1.950361493,2.303198886,2.424789259,1
67069,3.29534154,3.512033251,2.843132693,1
67071,2.797179403,3.517062206,2.655043251,1
67074,3.003255745,3.133884313,3.580296587,1
67075,2.274772989,2.472032369,3.523073985,1
67077,3.436189236,3.214565345,3.43435472,1
67078,3.368074367,3.242685827,3.286674227,1
67079,3.320163061,3.166303325,3.382955315,1
67088,2.931100163,2.975810016,3.057114759,1
67097,2.78448002,2.678397835,3.343500951,1
67100,2.714056172,2.634039985,3.177666373,1
67101,2.670762823,2.93530061,3.107046403,1
67114,3.223763203,3.106634854,3.238559921,1
67115,2.755617787,2.983843827,3.0417434,1
67116,2.959962396,2.598728423,3.569385616,1
67117,3.567801018,3.438825352,3.322908315,1
67126,3.563760305,3.589764294,3.249481696,1
67130,2.61707907,2.860940492,3.130677968,1
67133,3.293032562,3.241280703,3.57332511,1
67136,3.033272467,3.282661131,2.793692617,1
67138,3.152762111,3.267575124,2.994186256,1
67139,1.929003441,2.379103868,2.914433296,1
67142,3.181047099,3.008312186,3.481736689,1
67153,2.721560353,3.080733936,2.926073518,1
67154,1.952093227,2.014832137,3.426468014,1
67157,3.383082728,3.384157544,3.392420134,1
67160,3.515271754,3.541193644,3.410825791,1
67168,3.478905341,3.29920713,3.342749322,1
67170,3.222031469,3.150290571,3.184448014,1
67171,3.365765388,3.403710113,3.332439499,1
67176,2.543191754,2.930019608,2.814925759,1
67180,2.855481113,3.067305958,3.020967101,1
67184,3.190860258,2.890072595,3.444281011,1
67186,2.480272087,2.422842744,3.173148109,1
67189,3.273983488,3.497987155,3.428932031,1
67200,3.173542918,3.078711552,3.305671002,1
67202,3.356529474,3.388680688,2.959231636,1
67218,3.252048191,3.476187588,2.938788709,1
67220,3.465628714,3.263838986,3.592289473,1
67236,3.233576362,3.064019049,3.594718764,1
67239,2.427742823,2.683089011,2.662004697,1
67240,3.286682871,3.277969097,3.494133171,1
67242,2.958807906,3.222936935,2.914849239,1
67248,3.439652704,3.154673117,3.550979958,1
67256,2.887229569,3.115905757,2.633164974,1
67258,3.560296837,3.427391467,3.468063055,1
67263,3.430994035,3.516837592,2.954670157,1
67264,3.280910424,3.068064674,3.35113377,1
67265,3.197787194,3.099556081,3.517248472,1
67272,2.051379308,2.872935913,1.917424829,1
67277,2.305366956,2.353370983,3.02398365,1
67279,2.951303726,2.727165665,3.399534374,1
67281,2.754463298,2.945751166,3.047111299,1
67284,3.096192134,3.139109591,3.088602162,1
67285,2.688080163,2.906000476,3.323440783,1
67290,2.930522918,3.061041626,2.799521217,1
67295,2.241292799,2.721182529,2.116115793,1
67298,3.57299622,3.597714947,3.076603102,1
67299,3.17007945,3.114500633,3.283607518,1
67312,3.317276837,3.164224359,3.279202693,1
67323,3.565492039,3.411322987,3.538833506,1
67326,3.312081636,3.172511075,3.515918844,1
67328,2.861253559,2.657525015,3.357815862,1
67329,3.175851897,3.224791287,3.28254181,1
67341,2.300171754,2.156529325,3.524317183,1
67343,3.504304106,3.404861475,3.423834997,1
67348,3.111200495,3.12908083,3.187134279,1
67349,3.328244486,3.38772565,3.043029813,1
67359,2.591103061,2.58864308,3.59426578,1
67361,3.055207764,2.88195391,3.270217867,1
67362,2.412734462,2.446945892,3.484159806,1
67363,2.446214652,2.647075317,2.853325218,1
67372,2.754463298,3.038764539,2.846180881,1
67375,3.210486576,2.910972848,3.361695164,1
67376,3.381928239,3.422503967,3.269669965,1
67377,3.326512752,3.587011486,2.982367002,1
67378,3.410213227,3.476581091,3.484473114,1
67382,2.730219023,3.254849279,2.420321155,1
67384,2.91955527,2.933053612,3.174618957,1
67388,3.247430234,3.289655888,2.942701965,1
67390,2.076200828,2.161838619,3.500207169,1
67401,3.263593084,3.255720302,3.231292885,1
67403,3.101387336,3.036179763,3.046920691,1
67407,3.151030377,3.303617967,2.794693503,1
67411,2.766585436,2.900662891,3.21441055,1
67414,2.805260828,2.798772975,3.114330417,1
67415,3.208754842,2.944880143,3.577351806,1
67422,2.824887146,2.628449495,3.498200766,1
67428,3.478328096,3.324237025,3.546572046,1
67432,3.144103441,2.874677958,3.484016271,1
67434,2.781593797,2.832174459,3.40622264,1
67440,3.331130709,3.483885335,2.999522516,1
67442,2.537419308,2.646120278,3.03382737,1
67443,2.702511279,2.899258624,3.556916595,1
67447,2.979588714,2.970640463,3.009021289,1
67451,3.570109997,3.443236189,3.210546682,1
67452,2.977279735,3.020869999,3.063635568,1
67459,3.592045294,3.301286096,3.341010697,1
67471,3.098501113,2.925355865,3.327425036,1
67475,3.114086719,3.366881121,2.579704377,1
67484,3.332285198,3.586309353,2.850801009,1
67488,2.502784628,2.953082843,2.611721932,1
67498,3.093305911,3.104669052,3.358912438,1
67499,3.398091089,3.331260072,3.156674,1
67500,2.84393622,3.105567508,3.584902825,1
67503,3.356529474,3.282463951,3.211889428,1
67513,3.35479774,3.230409211,3.376057149,1
67520,2.898774462,3.064806055,3.031287728,1
67521,3.46389698,3.33288981,2.972622059,1
67529,3.465628714,3.541081337,3.054388367,1
67531,2.99401983,2.902601259,3.280206666,1
67541,3.146412419,3.248023412,3.186640395,1
67546,3.278601445,3.400394912,3.604962221,1
67547,3.603012942,3.449023002,3.34993533,1
67550,2.727332799,2.963898611,2.980923935,1
67553,3.313813369,3.295864495,3.45210984,1
67554,2.613038357,2.48534804,3.340718225,1
67558,3.324203773,3.569369851,2.866585224,1
67560,3.560296837,3.480879622,3.262619775,1
67561,2.950149236,2.771101721,3.31663985,1
67564,3.327089997,3.27802568,3.08710662,1
67567,2.906278643,2.696741603,3.525953173,1
67569,2.890693037,3.15026228,2.958547144,1
67571,3.338057645,3.297549958,3.106860425,1
67573,3.444847906,3.405170962,3.026821167,1
67577,2.437555982,2.255582417,3.427779893,1
67579,3.454083821,3.142143595,3.343840496,1
67580,2.777553084,2.786159437,3.440199525,1
67586,3.073679593,3.269598365,3.277452492,1
67587,2.862985293,2.948195344,3.040224708,1
67588,3.317276837,3.301959938,3.272579249,1
67589,3.465628714,3.593136077,2.838513336,1
67590,2.518947479,2.808015587,2.912250947,1
67597,3.232999118,3.19282236,3.095260331,1
67608,3.025768286,3.26524411,2.975495073,1
67614,2.670185578,2.956763256,2.825383746,1
67615,2.957653417,3.066547243,3.353674184,1
67616,3.009028191,3.172118429,2.774298421,1
67617,2.732528001,2.841192457,3.449641964,1
67619,3.140062728,3.017864286,3.256119031,1
67624,1.862620305,2.012275651,3.460794476,1
67626,3.133135792,3.022218541,3.254487671,1
67633,2.85259489,2.86405937,3.078692076,1
67634,2.539728286,2.869846183,2.763547961,1
67635,3.291300828,3.199733101,3.35555017,1
67636,2.557045626,2.489730586,3.505340473,1
67649,3.418294652,3.412025121,3.430053301,1
67652,3.541247764,3.320304564,3.252834704,1
67653,3.416562918,3.391124867,3.299957384,1
67657,3.138908239,3.244146676,2.950516132,1
67658,2.355587241,2.775428543,3.045969193,1
67660,3.248584723,3.373454941,3.280339397,1
67665,2.495280448,2.290416459,3.457787959,1
67666,2.027712277,1.791106232,3.558945377,1
67669,3.532011849,3.433936995,3.26542025,1
67671,3.101964581,3.309320764,3.31739611,1
67675,3.491027479,3.167903915,3.519074298,1
67676,3.039044913,2.955527022,3.344159977,1
67677,3.598972229,3.547963787,3.549284548,1
67679,3.467937693,3.514309397,3.061960993,1
67681,3.280910424,3.035534212,3.43214459,1
67687,3.43041679,3.35356545,3.083487378,1
67691,3.02865451,3.025055365,3.01759403,1
67693,2.995751564,2.72528388,3.545863632,1
67696,2.662681398,2.729020017,3.121758736,1
67699,2.684616695,2.56156251,3.297197809,1
67700,3.175851897,3.558217162,2.7478795,1
67703,3.143526196,3.023398193,3.310178462,1
67710,2.007508714,2.036435381,3.518857453,1
67714,3.046549094,2.950976444,3.029275923,1
67717,2.775244106,3.278194569,3.167626643,1
67719,2.460068524,2.905382359,2.457965898,1
67722,3.598972229,3.492762735,3.183771239,1
67724,3.376733037,3.283334973,3.328332547,1
67727,2.140852229,2.67553272,2.971590305,1
67732,3.015377882,2.897685469,3.461921148,1
67733,3.376155792,3.127732288,3.34974858,1
67739,2.862408049,2.695618533,3.201781018,1
67743,3.244544011,3.062643073,3.424345858,1
67750,3.062711944,3.044298447,3.365714915,1
67754,3.444847906,3.278446617,3.487232689,1
67756,3.01133717,3.038005824,3.386994358,1
67758,2.428320068,2.383823336,3.224010415,1
67760,3.294187051,3.211784246,3.34546028,1
67776,2.832391327,2.976399842,3.382217576,1
67782,2.629201208,2.849563189,3.060703133,1
67785,3.575305199,3.508943521,3.196846811,1
67788,3.37096059,3.361375504,3.44429413,1
67789,3.582232134,3.165881531,3.550459837,1
67799,3.223185959,2.922574766,3.382742328,1
67801,3.284373892,2.999238464,3.564439061,1
67802,2.406962015,2.504366508,3.018171256,1
67804,2.738300448,2.547122911,3.432685547,1
67809,3.007873702,2.965275444,3.452396138,1
67818,2.800065626,3.591787536,2.045275119,1
67822,2.946108524,3.439106548,2.496221823,1
67827,2.933986386,2.982018623,3.073963911,1
67829,3.557410614,3.491582225,2.979301064,1
67836,3.43041679,3.095707636,3.314926691,1
67839,3.3969366,3.247995121,3.537864259,1
67851,3.241080543,3.003200073,3.495533794,1
67854,3.17123394,3.246871193,3.182411516,1
67855,3.156225578,3.238696784,3.311525067,1
67859,2.583021635,3.320304564,2.724873008,1
67881,3.573573465,3.597068538,3.090900264,1
67883,3.375001303,3.273361937,3.313421889,1
67887,3.421180875,3.331428962,3.330488658,1
67888,3.142948951,2.879397425,3.418156105,1
67894,2.648250281,3.255158767,3.289483963,1
67898,2.019053607,2.317328997,2.905476252,1
67903,3.52219869,3.386040187,3.531655986,1
67906,3.083492752,3.172118429,2.976918075,1
67915,2.568013274,2.615864248,3.40883868,1
67918,2.746959118,2.968084835,2.960129116,1
67919,3.547597455,3.455034429,3.581149308,1
67920,3.009605436,3.069188601,2.952260931,1
67934,3.21221831,3.149250659,3.452968734,1
67937,2.630932942,2.918782903,3.339185642,1
67938,3.209909331,3.30330848,3.371325897,1
67939,2.593412039,2.598897312,3.586394508,1
67940,3.093305911,3.491694532,3.571895162,1
67941,1.956133939,1.967243959,3.063001236,1
67942,3.045394605,2.85386172,2.973235555,1
67949,2.345774082,2.823774579,2.77025552,1
67951,2.545500733,2.707445064,2.981312869,1
67952,2.509134319,2.607773855,2.831907642,1
67954,3.302268476,3.472255127,2.989678796,1
67956,3.007873702,3.042922472,2.926339752,1
67957,3.176429141,2.958336412,3.569610178,1
67960,3.154493845,3.173100902,2.88422459,1
67963,3.054053274,2.89903401,3.594178578,1
67967,3.354220495,3.392753747,3.48624415,1
67972,3.481791564,3.297858588,3.101038771,1
67974,3.22087698,3.256029789,3.061936299,1
67975,2.962848619,2.9408911,3.209024903,1
67977,3.087533464,3.386011896,3.128709378,1
67979,2.389644676,2.672329826,2.956461257,1
67982,3.440807194,3.456495278,3.054764953,1
67992,3.550483678,3.282463951,3.339858559,1
67997,3.211641065,3.008762272,3.457540245,1
67999,1.878205911,1.83950885,3.127101169,1
68010,2.215894034,2.565382664,3.54894809,1
68015,2.667299355,2.74348705,2.856195917,1
68018,2.786788999,2.625247458,3.250104453,1
68021,2.8191147,2.70182714,3.467528272,1
68040,2.789097977,3.036826171,3.015858491,1
68041,2.612461113,2.761129542,3.143438688,1
68042,3.327089997,3.145795717,3.555464268,1
68048,3.344407336,3.113742775,3.595369301,1
68052,2.5760947,2.569203675,3.32381737,1
68060,2.438133227,2.615218697,2.88877758,1
68068,3.20355964,3.309151875,3.108896924,1
68069,3.48121432,3.256422435,3.567802101,1
68071,2.599184486,2.811919757,3.0654367,1
68074,2.936872609,2.87585761,3.398802809,1
68080,3.274560733,3.29381382,3.173041615,1
68086,3.446002396,3.148858013,3.344706336,1
68089,2.345774082,2.386857341,2.825004845,1
68090,2.731373512,3.010560042,3.180382734,1
68092,2.882034367,2.874509068,3.110118514,1
68098,2.76831717,2.746689944,3.322522468,1
68101,2.900506196,2.926255179,3.133872006,1
68104,2.839318263,2.69443888,3.321515409,1
68105,3.365188144,3.306370775,3.222398348,1
68110,2.681730472,2.926985603,2.769271611,1
68117,2.792561445,2.954431385,2.756979308,1
68120,2.782748286,2.787789175,3.544104943,1
68121,3.073102348,2.759921599,3.597126447,1
68123,2.730796267,3.144475467,2.812422385,1
68128,1.877051421,2.177879664,3.525196913,1
68129,2.215894034,2.603953701,3.356900634,1
68135,3.459856267,3.268025209,3.600692442,1
68138,2.953612704,2.962774684,3.260765396,1
68140,2.587639593,2.625190876,3.233420444,1
68141,2.794870424,2.731632228,2.956283768,1
68143,2.468727194,2.54529685,3.2883843,1
68152,2.801220115,2.77784443,3.241368113,1
68153,3.4887185,3.502622607,3.379787514,1
68160,3.329398975,3.412952725,3.418372951,1
68172,2.990556362,3.282604549,3.315282442,1
68181,3.482946054,3.504364652,2.835786944,1
68183,3.011914415,3.099162578,2.850297865,1
68185,3.089842443,2.952324985,3.329340379,1
68188,3.066752657,3.177933533,2.784598983,1
68189,2.858367336,2.606650785,3.467310654,1
68191,3.088110709,3.335558603,3.565291783,1
68198,3.526816647,3.385618393,3.201953105,1
68199,3.570109997,3.591928134,3.015928716,1
68201,3.104273559,2.744414655,3.481350071,1
68208,3.570109997,3.467591385,3.399336049,1
68210,2.966312087,3.166668537,3.405057383,1
68217,3.121590899,3.205575639,2.953007158,1
68226,3.118127431,3.313365532,3.057109357,1
68230,3.20471413,3.251366047,2.842306209,1
68231,3.276869712,3.211335018,3.151474331,1
68245,3.16142078,3.071295001,2.976759878,1
68249,3.134867526,3.36966222,2.403915727,1
68271,3.257243393,3.440370216,3.222111278,1
68275,2.419084153,2.360338306,3.371061206,1
68279,3.081761018,3.253445013,2.618621642,1
68282,2.93571812,2.937436159,3.07524878,1
68290,3.08580173,3.463602342,3.300973704,1
68294,2.898197217,2.530436315,3.447025924,1
68296,2.570899498,2.593784342,3.335280102,1
68301,2.990556362,3.272688095,3.14403212,1
68304,2.871066719,2.960921189,2.988718038,1
68307,3.058093987,3.473547087,3.166741511,1
68309,2.040411659,2.656149039,2.29313375,1
68310,3.451197598,3.592405653,2.699457288,1
68321,2.948994747,2.972691995,3.510273908,1
68324,1.79623717,1.954742728,2.842356369,1
68334,3.211641065,2.987608256,3.503158896,1
68335,2.715787906,2.616341767,3.443549446,1
68341,2.803529094,2.583614982,3.447097691,1
68344,3.316122348,3.516415797,2.875384071,1
68348,3.181047099,3.125091787,3.44275383,1
68353,3.380196505,3.54127766,3.205928098,1
68355,3.532589094,3.51877596,2.797527161,1
68357,2.026557787,2.201111789,3.42585992,1
68359,3.193169236,3.111439195,3.37812683,1
68367,3.551638168,3.327523934,3.332660975,1
68372,3.05232154,3.178888572,2.66237974,1
68375,3.447156885,3.292745617,3.112597193,1
68380,3.117550187,3.022639478,3.572256315,1
68386,2.706551992,2.439557632,3.566297299,1
68394,2.763121968,2.749695657,3.285774433,1
68397,3.077720305,2.853300185,3.54243114,1
68399,2.181259355,2.167316802,2.952331926,1
68401,2.274772989,2.201616742,3.465985657,1
68403,2.861830804,2.736689474,3.367646463,1
68408,2.393685388,2.071775234,3.566059617,1
68411,2.688080163,2.560860377,3.111688139,1
68416,3.534320828,3.561925009,3.0608567,1
68417,3.362879165,3.265215819,3.414965154,1
68421,2.631510186,3.212935607,2.738903935,1
68422,3.192014747,3.299600633,3.310182321,1
68424,2.073314604,2.228135777,2.891991683,1
68425,2.127575602,2.138465896,3.256782687,1
68432,3.374424058,3.357217572,3.373698854,1
68435,2.671917312,2.813549495,3.453711103,1
68437,2.413888951,2.434894747,3.319028241,1
68438,2.518370234,2.631146578,3.44131848,1
68443,3.398668334,3.410031028,3.064450476,1
68447,3.228958405,3.279907465,3.174638249,1
68449,3.591468049,3.498043738,3.063101556,1
68451,3.0944604,3.091970641,3.172338603,1
68452,2.368863868,2.351938425,3.413929541,1
68464,3.220299735,3.042444952,3.372766648,1
68469,2.315180115,2.439277293,3.186850296,1
68471,3.228958405,3.243893771,3.138828592,1
68475,2.859521825,2.764331579,3.596865614,1
68478,3.226072182,3.113573886,3.150437175,1
68480,3.202982396,3.300106443,3.070480487,1
68482,2.764853702,2.788687632,3.47634564,1
68487,3.066175412,3.1711351,3.107546461,1
68491,3.164307004,2.997384969,3.283825907,1
68494,3.181047099,3.010138247,3.587264978,1
68496,3.141217217,3.192569455,2.931374279,1
68498,2.55877736,2.488775548,3.500297457,1
68500,2.450255365,2.551083663,3.158357063,1
68501,3.396359355,3.025954679,3.601001891,1
68503,2.987092894,3.252153053,3.53100622,1
68505,2.128730091,2.552432205,2.90596319,1
68507,2.48315831,2.327779553,3.539488673,1
68509,2.268423298,2.299714796,3.25219497,1
68510,2.98651565,3.175292175,3.363328839,1
68525,3.076565816,3.149756469,3.266830134,1
68526,3.435034747,3.456074341,2.839738785,1
68528,2.47449964,2.490657334,3.133752394,1
68529,2.293244818,2.377108918,3.040622902,1
68531,3.533743583,3.235522181,3.35722706,1
68534,3.458701778,3.314067665,3.135088967,1
68537,2.720405863,3.029606801,3.028170087,1
68543,3.007873702,2.877290168,3.402763911,1
68544,2.375213559,2.349916041,3.223618395,1
68546,2.659795175,2.548808374,3.065019214,1
68549,3.582232134,3.457394591,3.420798383,1
68560,3.118127431,2.879846653,3.298445637,1
68561,2.737145958,2.892319593,3.590930521,1
68564,3.589736315,3.528270619,3.255611256,1
68566,2.116607954,2.189059787,3.297018776,1
68571,2.808724296,2.74348705,3.019225389,1
68699,3.58915907,3.568976348,2.900720306,0
68700,2.808724296,3.2046206,2.873160823,0
68976,2.406962015,3.396855955,3.349373537,0
69375,2.913205578,3.540547236,2.552654211,0
69501,2.899351707,3.291481949,2.923640369,0
69598,3.442538928,3.396995696,3.161413741,0
69685,3.130249569,3.426661042,3.343499408,0
69907,3.009028191,3.392445117,2.513418236,0
70036,2.91955527,2.853300185,3.496416611,0
70093,3.000946766,3.166977167,3.136144643,0
70124,2.879725388,3.203946758,2.736480047,0
70161,3.076565816,3.036179763,3.248870515,0
70213,3.545865721,3.577095032,2.975856997,1
70214,3.470246671,3.273418519,3.310555049,1
70220,3.026922776,3.077756514,3.121389095,1
70221,3.425221588,3.337103467,3.165277609,1
70228,3.386546196,3.297297053,3.32454199,1
70232,3.115818453,3.237881486,2.866396931,1
70233,2.853172134,3.07343055,2.643668492,1
70238,3.450043108,3.591646938,3.256268739,1
70240,3.153339355,3.130317064,3.102930963,1
70241,3.257820638,2.991400976,3.457113499,1
70269,2.614192847,3.177174818,2.517497407,1
70278,3.265324818,3.093291749,3.504990124,1
70279,3.050012562,2.961145803,3.292307588,1
70289,3.219722491,2.997384969,3.306735167,1
70292,2.783902776,2.637524075,3.227237637,1
70303,2.321529806,2.46436377,3.377287228,1
70311,3.57299622,3.236899014,3.55793523,1
70314,2.547232467,3.063429222,2.183555615,1
70316,3.396359355,3.203693853,3.24373181,1
70317,2.83527755,2.677471088,3.398827503,1
70320,3.537207051,3.491245304,3.408192001,1
70332,2.33192021,2.341460436,3.46471082,1
70338,3.016532372,2.981596829,3.155168427,1
70340,2.317489094,2.548752649,2.734829395,1
70346,3.550483678,3.224875303,3.347996065,1
70350,2.917246291,2.943447586,3.116384664,1
70353,2.404075792,2.43888379,3.12587572,1
70355,2.437555982,2.418151568,3.560386128,1
70361,3.417717408,3.311061952,3.311582172,1
70366,3.222608714,3.166695971,3.481636369,1
70371,3.406172514,3.386124203,3.115084361,1
70378,2.885497835,2.882852367,3.350855188,1
70387,2.901660685,2.860519555,3.310889192,1
70389,3.083492752,3.302718653,2.803899033,1
70391,2.498166671,2.849450882,2.504350068,1
70392,3.267056552,3.367948466,3.120688398,1
70393,3.246852989,2.927181926,3.589951242,1
70400,2.939758833,3.195491153,3.051088606,1
70401,2.966889331,3.144700081,2.941282821,1
70404,1.773147383,2.047812684,3.037197355,1
70406,2.877993654,3.085846907,3.126381179,1
70409,3.428685056,3.141413171,3.471380565,1
70410,3.429262301,3.577123323,2.777281015,1
70411,2.896465483,3.040562309,3.133120377,1
70412,2.616501825,2.912827201,2.759022752,1
70415,2.858944581,2.675392121,3.354851016,1
70419,3.004410234,2.796159907,3.518955458,1
70421,3.352488761,3.305696076,3.279869436,1
70423,3.263593084,3.250860236,3.178423405,1
70424,2.6678766,3.244118385,2.463195664,1
70427,2.77697584,2.882094509,3.419761228,1
70431,2.978434225,2.892376175,3.233520764,1
70444,2.880302633,2.923726984,3.108819755,1
70448,3.596663251,3.350784351,3.234271621,1
70451,3.394050377,3.436409464,3.415201292,1
70453,2.844513464,2.937689064,3.129999649,1
70456,3.531434605,3.371404265,3.393198,1
70458,3.478905341,3.300386782,3.388225209,1
70462,2.686348429,2.939515125,2.712115374,1
70463,2.090054699,2.363596924,2.87654547,1
70464,2.671917312,2.86846935,2.685172473,1
70467,3.340366624,3.425285067,3.362651292,1
70472,3.208754842,3.008733981,3.495137144,1
70479,3.349025293,3.249484261,3.290236364,1
70481,3.314390614,3.39840082,3.079540939,1
70490,3.437343726,3.164673587,3.285347686,1
70499,3.350757027,3.368594875,3.232350877,1
70501,2.785057265,2.728373609,3.422883499,1
70508,3.525662158,3.525461229,2.930448247,1
70516,3.483523298,3.43090299,3.320666546,1
70518,2.570322253,3.026319891,3.552005539,1
70522,3.459856267,3.427616938,3.581398565,1
70523,2.610152134,2.95386985,3.045832603,1
70524,3.503726861,3.359998671,3.435715215,1
70530,3.235308096,3.058485141,3.325528986,1
70531,2.813919498,3.131665606,3.029447239,1
70532,3.417717408,3.29330801,3.598184438,1
70534,2.635550899,2.941537509,3.356618966,1
70535,2.995751564,2.783631243,3.342967711,1
70539,3.104273559,3.030111754,3.21945048,1
70545,3.126208856,3.241027798,3.309193782,1
70547,3.234730852,3.312916304,2.925478542,1
70549,2.885497835,2.8220051,3.380755217,1
70554,2.473345151,2.847232175,2.935751324,1
70563,3.074834082,2.928137822,3.429641989,1
70568,3.198941683,3.08542597,3.269033318,1
70570,2.471613417,2.802480822,2.517419466,1
70572,2.799488381,2.597773385,3.390622088,1
70575,2.625160495,2.664885841,3.43697076,1
70577,3.500263393,3.320529178,3.473346839,1
70579,2.912051089,3.001092816,3.113355768,1
70585,3.088110709,2.987805436,3.521728923,1
70586,2.806415317,2.89392104,3.234668272,1
70595,3.446002396,3.422026448,3.349668324,1
70604,2.802951849,2.752223851,3.55942074,1
70605,2.925327716,2.720030311,3.34627596,1
70608,2.842204486,3.043624605,2.802357961,1
70611,3.346716315,3.230633825,3.274306299,1
70615,3.458701778,3.155122345,3.493464112,1
70617,3.231844628,3.261563697,3.137775231,1
70618,3.000946766,2.812229244,3.521450342,1
70626,3.354220495,3.184787692,3.588221106,1
70630,3.175274652,3.034269686,3.489729117,1
70633,3.538938785,3.438516722,3.47665123,1
70637,2.682884961,2.789221733,3.094101248,1
70640,3.352488761,3.310106913,3.19263568,1
70642,2.611306624,2.83498385,2.884901365,1
70645,3.19490097,3.393653061,3.453669432,1
70647,2.7596585,2.666093785,3.268642841,1
70650,2.648827526,2.571703578,3.499939391,1
70657,2.012703916,2.134252238,3.004536207,1
70668,3.242235032,3.290751524,3.382623487,1
70671,3.567801018,3.466889251,3.343551883,1
70677,2.761967479,3.292577585,3.024224419,1
70685,3.350179783,3.218048578,3.55137275,1
70686,2.857790091,2.932941305,3.546688572,1
70688,3.174120163,3.305864965,3.074203136,1
70693,2.679998738,2.874874281,3.292519804,1
70697,2.574362966,2.481780791,3.521720435,1
70698,2.354432752,2.693904779,2.978842678,1
70699,3.182201588,3.367078301,2.70964827,1
70701,2.940336077,3.040309404,3.163166256,1
70708,2.819691944,3.123069403,3.033664543,1
70709,2.800065626,2.722278166,3.430399792,1
70713,2.546655222,2.637467493,3.103645551,1
70720,2.95303546,2.905551248,3.50526639,1
70722,3.413676695,3.30561206,3.593280327,1
70727,3.168347716,3.257574654,3.103688766,1
70731,3.243389521,3.235943118,3.155835941,1
70747,2.438133227,2.721294836,3.440007373,1
70775,2.793715935,2.887010299,3.249598994,1
70778,3.260706861,3.453714178,2.741374126,1
70781,3.485255032,3.328423248,3.414019829,1
70786,3.035581445,3.079862914,3.331942529,1
70792,2.932831897,2.848720458,3.321417404,1
70806,2.921864248,2.658424329,3.595059852,1
70810,2.480849331,2.556618428,3.089017333,1
70816,3.415985674,3.44256149,3.135741047,1
70820,3.570109997,3.38463592,3.515377887,1
70822,3.297650519,3.213638598,3.307948269,1
70825,3.495645436,3.448825822,3.177128503,1
70828,3.077720305,3.021375809,3.205734403,1
70830,3.435611992,3.389832907,2.925144399,1
70833,3.256088904,3.548413015,3.122300465,1
70836,2.924750472,2.769725746,3.003570047,1
70838,2.626892229,2.659969193,3.514159384,1
70840,2.343465103,2.944543222,3.026040213,1
70842,3.287260115,3.2326845,3.295564906,1
70844,3.208177597,3.170207495,3.340874107,1
70845,3.255511659,3.223948555,3.15672416,1
70855,3.248584723,3.125653322,3.345794424,1
70857,3.604744676,3.336794837,3.486439388,1
70862,2.744072894,2.642327558,3.575289841,1
70865,3.493336457,3.38443874,3.257903186,1
70868,1.950361493,2.303198886,2.424789259,1
70879,3.29534154,3.512033251,2.843132693,1
70881,2.797179403,3.517062206,2.655043251,1
70884,3.003255745,3.133884313,3.580296587,1
70885,2.274772989,2.472032369,3.523073985,1
70887,3.436189236,3.214565345,3.43435472,1
70888,3.368074367,3.242685827,3.286674227,1
70889,3.320163061,3.166303325,3.382955315,1
70898,2.931100163,2.975810016,3.057114759,1
70907,2.78448002,2.678397835,3.343500951,1
70910,2.714056172,2.634039985,3.177666373,1
70911,2.670762823,2.93530061,3.107046403,1
70924,3.223763203,3.106634854,3.238559921,1
70925,2.755617787,2.983843827,3.0417434,1
70926,2.959962396,2.598728423,3.569385616,1
70927,3.567801018,3.438825352,3.322908315,1
70936,3.563760305,3.589764294,3.249481696,1
70940,2.61707907,2.860940492,3.130677968,1
70943,3.293032562,3.241280703,3.57332511,1
70946,3.033272467,3.282661131,2.793692617,1
70948,3.152762111,3.267575124,2.994186256,1
70949,1.929003441,2.379103868,2.914433296,1
70952,3.181047099,3.008312186,3.481736689,1
70963,2.721560353,3.080733936,2.926073518,1
70964,1.952093227,2.014832137,3.426468014,1
70967,3.383082728,3.384157544,3.392420134,1
70970,3.515271754,3.541193644,3.410825791,1
70978,3.478905341,3.29920713,3.342749322,1
70980,3.222031469,3.150290571,3.184448014,1
70981,3.365765388,3.403710113,3.332439499,1
70986,2.543191754,2.930019608,2.814925759,1
70990,2.855481113,3.067305958,3.020967101,1
70994,3.190860258,2.890072595,3.444281011,1
70996,2.480272087,2.422842744,3.173148109,1
70999,3.273983488,3.497987155,3.428932031,1
71010,3.173542918,3.078711552,3.305671002,1
71012,3.356529474,3.388680688,2.959231636,1
71028,3.252048191,3.476187588,2.938788709,1
71030,3.465628714,3.263838986,3.592289473,1
71046,3.233576362,3.064019049,3.594718764,1
71049,2.427742823,2.683089011,2.662004697,1
71050,3.286682871,3.277969097,3.494133171,1
71052,2.958807906,3.222936935,2.914849239,1
71058,3.439652704,3.154673117,3.550979958,1
71066,2.887229569,3.115905757,2.633164974,1
71068,3.560296837,3.427391467,3.468063055,1
71073,3.430994035,3.516837592,2.954670157,1
71074,3.280910424,3.068064674,3.35113377,1
71075,3.197787194,3.099556081,3.517248472,1
71082,2.051379308,2.872935913,1.917424829,1
71087,2.305366956,2.353370983,3.02398365,1
71089,2.951303726,2.727165665,3.399534374,1
71091,2.754463298,2.945751166,3.047111299,1
71094,3.096192134,3.139109591,3.088602162,1
71095,2.688080163,2.906000476,3.323440783,1
71100,2.930522918,3.061041626,2.799521217,1
71105,2.241292799,2.721182529,2.116115793,1
71108,3.57299622,3.597714947,3.076603102,1
71109,3.17007945,3.114500633,3.283607518,1
71122,3.317276837,3.164224359,3.279202693,1
71133,3.565492039,3.411322987,3.538833506,1
71136,3.312081636,3.172511075,3.515918844,1
71138,2.861253559,2.657525015,3.357815862,1
71139,3.175851897,3.224791287,3.28254181,1
71151,2.300171754,2.156529325,3.524317183,1
71153,3.504304106,3.404861475,3.423834997,1
71158,3.111200495,3.12908083,3.187134279,1
71159,3.328244486,3.38772565,3.043029813,1
71169,2.591103061,2.58864308,3.59426578,1
71171,3.055207764,2.88195391,3.270217867,1
71172,2.412734462,2.446945892,3.484159806,1
71173,2.446214652,2.647075317,2.853325218,1
71182,2.754463298,3.038764539,2.846180881,1
71185,3.210486576,2.910972848,3.361695164,1
71186,3.381928239,3.422503967,3.269669965,1
71187,3.326512752,3.587011486,2.982367002,1
71188,3.410213227,3.476581091,3.484473114,1
71192,2.730219023,3.254849279,2.420321155,1
71194,2.91955527,2.933053612,3.174618957,1
71198,3.247430234,3.289655888,2.942701965,1
71200,2.076200828,2.161838619,3.500207169,1
71211,3.263593084,3.255720302,3.231292885,1
71213,3.101387336,3.036179763,3.046920691,1
71217,3.151030377,3.303617967,2.794693503,1
71221,2.766585436,2.900662891,3.21441055,1
71224,2.805260828,2.798772975,3.114330417,1
71225,3.208754842,2.944880143,3.577351806,1
71232,2.824887146,2.628449495,3.498200766,1
71238,3.478328096,3.324237025,3.546572046,1
71242,3.144103441,2.874677958,3.484016271,1
71244,2.781593797,2.832174459,3.40622264,1
71250,3.331130709,3.483885335,2.999522516,1
71252,2.537419308,2.646120278,3.03382737,1
71253,2.702511279,2.899258624,3.556916595,1
71257,2.979588714,2.970640463,3.009021289,1
71261,3.570109997,3.443236189,3.210546682,1
71262,2.977279735,3.020869999,3.063635568,1
71269,3.592045294,3.301286096,3.341010697,1
71281,3.098501113,2.925355865,3.327425036,1
71285,3.114086719,3.366881121,2.579704377,1
71294,3.332285198,3.586309353,2.850801009,1
71298,2.502784628,2.953082843,2.611721932,1
71308,3.093305911,3.104669052,3.358912438,1
71309,3.398091089,3.331260072,3.156674,1
71310,2.84393622,3.105567508,3.584902825,1
71313,3.356529474,3.282463951,3.211889428,1
71323,3.35479774,3.230409211,3.376057149,1
71330,2.898774462,3.064806055,3.031287728,1
71331,3.46389698,3.33288981,2.972622059,1
71339,3.465628714,3.541081337,3.054388367,1
71341,2.99401983,2.902601259,3.280206666,1
71351,3.146412419,3.248023412,3.186640395,1
71356,3.278601445,3.400394912,3.604962221,1
71357,3.603012942,3.449023002,3.34993533,1
71360,2.727332799,2.963898611,2.980923935,1
71363,3.313813369,3.295864495,3.45210984,1
71364,2.613038357,2.48534804,3.340718225,1
71368,3.324203773,3.569369851,2.866585224,1
71370,3.560296837,3.480879622,3.262619775,1
71371,2.950149236,2.771101721,3.31663985,1
71374,3.327089997,3.27802568,3.08710662,1
71377,2.906278643,2.696741603,3.525953173,1
71379,2.890693037,3.15026228,2.958547144,1
71381,3.338057645,3.297549958,3.106860425,1
71383,3.444847906,3.405170962,3.026821167,1
71387,2.437555982,2.255582417,3.427779893,1
71389,3.454083821,3.142143595,3.343840496,1
71390,2.777553084,2.786159437,3.440199525,1
71396,3.073679593,3.269598365,3.277452492,1
71397,2.862985293,2.948195344,3.040224708,1
71398,3.317276837,3.301959938,3.272579249,1
71399,3.465628714,3.593136077,2.838513336,1
71400,2.518947479,2.808015587,2.912250947,1
71407,3.232999118,3.19282236,3.095260331,1
71418,3.025768286,3.26524411,2.975495073,1
71424,2.670185578,2.956763256,2.825383746,1
71425,2.957653417,3.066547243,3.353674184,1
71426,3.009028191,3.172118429,2.774298421,1
71427,2.732528001,2.841192457,3.449641964,1
71429,3.140062728,3.017864286,3.256119031,1
71434,1.862620305,2.012275651,3.460794476,1
71436,3.133135792,3.022218541,3.254487671,1
71443,2.85259489,2.86405937,3.078692076,1
71444,2.539728286,2.869846183,2.763547961,1
71445,3.291300828,3.199733101,3.35555017,1
71446,2.557045626,2.489730586,3.505340473,1
71459,3.418294652,3.412025121,3.430053301,1
71462,3.541247764,3.320304564,3.252834704,1
71463,3.416562918,3.391124867,3.299957384,1
71467,3.138908239,3.244146676,2.950516132,1
71468,2.355587241,2.775428543,3.045969193,1
71470,3.248584723,3.373454941,3.280339397,1
71475,2.495280448,2.290416459,3.457787959,1
71476,2.027712277,1.791106232,3.558945377,1
71479,3.532011849,3.433936995,3.26542025,1
71481,3.101964581,3.309320764,3.31739611,1
71485,3.491027479,3.167903915,3.519074298,1
71486,3.039044913,2.955527022,3.344159977,1
71487,3.598972229,3.547963787,3.549284548,1
71489,3.467937693,3.514309397,3.061960993,1
71491,3.280910424,3.035534212,3.43214459,1
71497,3.43041679,3.35356545,3.083487378,1
71501,3.02865451,3.025055365,3.01759403,1
71503,2.995751564,2.72528388,3.545863632,1
71506,2.662681398,2.729020017,3.121758736,1
71509,2.684616695,2.56156251,3.297197809,1
71510,3.175851897,3.558217162,2.7478795,1
71513,3.143526196,3.023398193,3.310178462,1
71520,2.007508714,2.036435381,3.518857453,1
71524,3.046549094,2.950976444,3.029275923,1
71527,2.775244106,3.278194569,3.167626643,1
71529,2.460068524,2.905382359,2.457965898,1
71532,3.598972229,3.492762735,3.183771239,1
71534,3.376733037,3.283334973,3.328332547,1
71537,2.140852229,2.67553272,2.971590305,1
71542,3.015377882,2.897685469,3.461921148,1
71543,3.376155792,3.127732288,3.34974858,1
71549,2.862408049,2.695618533,3.201781018,1
71553,3.244544011,3.062643073,3.424345858,1
71560,3.062711944,3.044298447,3.365714915,1
71564,3.444847906,3.278446617,3.487232689,1
71566,3.01133717,3.038005824,3.386994358,1
71568,2.428320068,2.383823336,3.224010415,1
71570,3.294187051,3.211784246,3.34546028,1
71586,2.832391327,2.976399842,3.382217576,1
71592,2.629201208,2.849563189,3.060703133,1
71595,3.575305199,3.508943521,3.196846811,1
71598,3.37096059,3.361375504,3.44429413,1
71599,3.582232134,3.165881531,3.550459837,1
71609,3.223185959,2.922574766,3.382742328,1
71611,3.284373892,2.999238464,3.564439061,1
71612,2.406962015,2.504366508,3.018171256,1
71614,2.738300448,2.547122911,3.432685547,1
71619,3.007873702,2.965275444,3.452396138,1
71628,2.800065626,3.591787536,2.045275119,1
71632,2.946108524,3.439106548,2.496221823,1
71637,2.933986386,2.982018623,3.073963911,1
71639,3.557410614,3.491582225,2.979301064,1
71646,3.43041679,3.095707636,3.314926691,1
71649,3.3969366,3.247995121,3.537864259,1
71661,3.241080543,3.003200073,3.495533794,1
71664,3.17123394,3.246871193,3.182411516,1
71665,3.156225578,3.238696784,3.311525067,1
71669,2.583021635,3.320304564,2.724873008,1
71691,3.573573465,3.597068538,3.090900264,1
71693,3.375001303,3.273361937,3.313421889,1
71697,3.421180875,3.331428962,3.330488658,1
71698,3.142948951,2.879397425,3.418156105,1
71704,2.648250281,3.255158767,3.289483963,1
71708,2.019053607,2.317328997,2.905476252,1
71713,3.52219869,3.386040187,3.531655986,1
71716,3.083492752,3.172118429,2.976918075,1
71725,2.568013274,2.615864248,3.40883868,1
71728,2.746959118,2.968084835,2.960129116,1
71729,3.547597455,3.455034429,3.581149308,1
71730,3.009605436,3.069188601,2.952260931,1
71744,3.21221831,3.149250659,3.452968734,1
71747,2.630932942,2.918782903,3.339185642,1
71748,3.209909331,3.30330848,3.371325897,1
71749,2.593412039,2.598897312,3.586394508,1
71750,3.093305911,3.491694532,3.571895162,1
71751,1.956133939,1.967243959,3.063001236,1
71752,3.045394605,2.85386172,2.973235555,1
71759,2.345774082,2.823774579,2.77025552,1
71761,2.545500733,2.707445064,2.981312869,1
71762,2.509134319,2.607773855,2.831907642,1
71764,3.302268476,3.472255127,2.989678796,1
71766,3.007873702,3.042922472,2.926339752,1
71767,3.176429141,2.958336412,3.569610178,1
71770,3.154493845,3.173100902,2.88422459,1
71773,3.054053274,2.89903401,3.594178578,1
71777,3.354220495,3.392753747,3.48624415,1
71782,3.481791564,3.297858588,3.101038771,1
71784,3.22087698,3.256029789,3.061936299,1
71785,2.962848619,2.9408911,3.209024903,1
71787,3.087533464,3.386011896,3.128709378,1
71789,2.389644676,2.672329826,2.956461257,1
71792,3.440807194,3.456495278,3.054764953,1
71802,3.550483678,3.282463951,3.339858559,1
71807,3.211641065,3.008762272,3.457540245,1
71809,1.878205911,1.83950885,3.127101169,1
71820,2.215894034,2.565382664,3.54894809,1
71825,2.667299355,2.74348705,2.856195917,1
71828,2.786788999,2.625247458,3.250104453,1
71831,2.8191147,2.70182714,3.467528272,1
71850,2.789097977,3.036826171,3.015858491,1
71851,2.612461113,2.761129542,3.143438688,1
71852,3.327089997,3.145795717,3.555464268,1
71858,3.344407336,3.113742775,3.595369301,1
71862,2.5760947,2.569203675,3.32381737,1
71870,2.438133227,2.615218697,2.88877758,1
71878,3.20355964,3.309151875,3.108896924,1
71879,3.48121432,3.256422435,3.567802101,1
71881,2.599184486,2.811919757,3.0654367,1
71884,2.936872609,2.87585761,3.398802809,1
71890,3.274560733,3.29381382,3.173041615,1
71896,3.446002396,3.148858013,3.344706336,1
71899,2.345774082,2.386857341,2.825004845,1
71900,2.731373512,3.010560042,3.180382734,1
71902,2.882034367,2.874509068,3.110118514,1
71908,2.76831717,2.746689944,3.322522468,1
71911,2.900506196,2.926255179,3.133872006,1
71914,2.839318263,2.69443888,3.321515409,1
71915,3.365188144,3.306370775,3.222398348,1
71920,2.681730472,2.926985603,2.769271611,1
71927,2.792561445,2.954431385,2.756979308,1
71930,2.782748286,2.787789175,3.544104943,1
71931,3.073102348,2.759921599,3.597126447,1
71933,2.730796267,3.144475467,2.812422385,1
71938,1.877051421,2.177879664,3.525196913,1
71939,2.215894034,2.603953701,3.356900634,1
71945,3.459856267,3.268025209,3.600692442,1
71948,2.953612704,2.962774684,3.260765396,1
71950,2.587639593,2.625190876,3.233420444,1
71951,2.794870424,2.731632228,2.956283768,1
71953,2.468727194,2.54529685,3.2883843,1
71962,2.801220115,2.77784443,3.241368113,1
71963,3.4887185,3.502622607,3.379787514,1
71970,3.329398975,3.412952725,3.418372951,1
71982,2.990556362,3.282604549,3.315282442,1
71991,3.482946054,3.504364652,2.835786944,1
71993,3.011914415,3.099162578,2.850297865,1
71995,3.089842443,2.952324985,3.329340379,1
71998,3.066752657,3.177933533,2.784598983,1
71999,2.858367336,2.606650785,3.467310654,1
72001,3.088110709,3.335558603,3.565291783,1
72008,3.526816647,3.385618393,3.201953105,1
72009,3.570109997,3.591928134,3.015928716,1
72011,3.104273559,2.744414655,3.481350071,1
72018,3.570109997,3.467591385,3.399336049,1
72020,2.966312087,3.166668537,3.405057383,1
72027,3.121590899,3.205575639,2.953007158,1
72036,3.118127431,3.313365532,3.057109357,1
72040,3.20471413,3.251366047,2.842306209,1
72041,3.276869712,3.211335018,3.151474331,1
72055,3.16142078,3.071295001,2.976759878,1
72059,3.134867526,3.36966222,2.403915727,1
72081,3.257243393,3.440370216,3.222111278,1
72085,2.419084153,2.360338306,3.371061206,1
72089,3.081761018,3.253445013,2.618621642,1
72092,2.93571812,2.937436159,3.07524878,1
72100,3.08580173,3.463602342,3.300973704,1
72104,2.898197217,2.530436315,3.447025924,1
72106,2.570899498,2.593784342,3.335280102,1
72111,2.990556362,3.272688095,3.14403212,1
72114,2.871066719,2.960921189,2.988718038,1
72117,3.058093987,3.473547087,3.166741511,1
72119,2.040411659,2.656149039,2.29313375,1
72120,3.451197598,3.592405653,2.699457288,1
72131,2.948994747,2.972691995,3.510273908,1
72134,1.79623717,1.954742728,2.842356369,1
72144,3.211641065,2.987608256,3.503158896,1
72145,2.715787906,2.616341767,3.443549446,1
72151,2.803529094,2.583614982,3.447097691,1
72154,3.316122348,3.516415797,2.875384071,1
72158,3.181047099,3.125091787,3.44275383,1
72163,3.380196505,3.54127766,3.205928098,1
72165,3.532589094,3.51877596,2.797527161,1
72167,2.026557787,2.201111789,3.42585992,1
72169,3.193169236,3.111439195,3.37812683,1
72177,3.551638168,3.327523934,3.332660975,1
72182,3.05232154,3.178888572,2.66237974,1
72185,3.447156885,3.292745617,3.112597193,1
72190,3.117550187,3.022639478,3.572256315,1
72196,2.706551992,2.439557632,3.566297299,1
72204,2.763121968,2.749695657,3.285774433,1
72207,3.077720305,2.853300185,3.54243114,1
72209,2.181259355,2.167316802,2.952331926,1
72211,2.274772989,2.201616742,3.465985657,1
72213,2.861830804,2.736689474,3.367646463,1
72218,2.393685388,2.071775234,3.566059617,1
72221,2.688080163,2.560860377,3.111688139,1
72226,3.534320828,3.561925009,3.0608567,1
72227,3.362879165,3.265215819,3.414965154,1
72231,2.631510186,3.212935607,2.738903935,1
72232,3.192014747,3.299600633,3.310182321,1
72234,2.073314604,2.228135777,2.891991683,1
72235,2.127575602,2.138465896,3.256782687,1
72242,3.374424058,3.357217572,3.373698854,1
72245,2.671917312,2.813549495,3.453711103,1
72247,2.413888951,2.434894747,3.319028241,1
72248,2.518370234,2.631146578,3.44131848,1
72253,3.398668334,3.410031028,3.064450476,1
72257,3.228958405,3.279907465,3.174638249,1
72259,3.591468049,3.498043738,3.063101556,1
72261,3.0944604,3.091970641,3.172338603,1
72262,2.368863868,2.351938425,3.413929541,1
72274,3.220299735,3.042444952,3.372766648,1
72279,2.315180115,2.439277293,3.186850296,1
72281,3.228958405,3.243893771,3.138828592,1
72285,2.859521825,2.764331579,3.596865614,1
72288,3.226072182,3.113573886,3.150437175,1
72290,3.202982396,3.300106443,3.070480487,1
72292,2.764853702,2.788687632,3.47634564,1
72297,3.066175412,3.1711351,3.107546461,1
72301,3.164307004,2.997384969,3.283825907,1
72304,3.181047099,3.010138247,3.587264978,1
72306,3.141217217,3.192569455,2.931374279,1
72308,2.55877736,2.488775548,3.500297457,1
72310,2.450255365,2.551083663,3.158357063,1
72311,3.396359355,3.025954679,3.601001891,1
72313,2.987092894,3.252153053,3.53100622,1
72315,2.128730091,2.552432205,2.90596319,1
72317,2.48315831,2.327779553,3.539488673,1
72319,2.268423298,2.299714796,3.25219497,1
72320,2.98651565,3.175292175,3.363328839,1
72335,3.076565816,3.149756469,3.266830134,1
72336,3.435034747,3.456074341,2.839738785,1
72338,2.47449964,2.490657334,3.133752394,1
72339,2.293244818,2.377108918,3.040622902,1
72341,3.533743583,3.235522181,3.35722706,1
72344,3.458701778,3.314067665,3.135088967,1
72347,2.720405863,3.029606801,3.028170087,1
72353,3.007873702,2.877290168,3.402763911,1
72354,2.375213559,2.349916041,3.223618395,1
72356,2.659795175,2.548808374,3.065019214,1
72359,3.582232134,3.457394591,3.420798383,1
72370,3.118127431,2.879846653,3.298445637,1
72371,2.737145958,2.892319593,3.590930521,1
72374,3.589736315,3.528270619,3.255611256,1
72376,2.116607954,2.189059787,3.297018776,1
72381,2.808724296,2.74348705,3.019225389,1
72509,3.58915907,3.568976348,2.900720306,0
72510,2.808724296,3.2046206,2.873160823,0
72786,2.406962015,3.396855955,3.349373537,0
73185,2.913205578,3.540547236,2.552654211,0
73311,2.899351707,3.291481949,2.923640369,0
73408,3.442538928,3.396995696,3.161413741,0
73495,3.130249569,3.426661042,3.343499408,0
73717,3.009028191,3.392445117,2.513418236,0
73846,2.91955527,2.853300185,3.496416611,0
73903,3.000946766,3.166977167,3.136144643,0
73934,2.879725388,3.203946758,2.736480047,0
73971,3.076565816,3.036179763,3.248870515,0
74023,3.545865721,3.577095032,2.975856997,1
74024,3.470246671,3.273418519,3.310555049,1
74030,3.026922776,3.077756514,3.121389095,1
74031,3.425221588,3.337103467,3.165277609,1
74038,3.386546196,3.297297053,3.32454199,1
74042,3.115818453,3.237881486,2.866396931,1
74043,2.853172134,3.07343055,2.643668492,1
74048,3.450043108,3.591646938,3.256268739,1
74050,3.153339355,3.130317064,3.102930963,1
74051,3.257820638,2.991400976,3.457113499,1
74079,2.614192847,3.177174818,2.517497407,1
74088,3.265324818,3.093291749,3.504990124,1
74089,3.050012562,2.961145803,3.292307588,1
74099,3.219722491,2.997384969,3.306735167,1
74102,2.783902776,2.637524075,3.227237637,1
74113,2.321529806,2.46436377,3.377287228,1
74121,3.57299622,3.236899014,3.55793523,1
74124,2.547232467,3.063429222,2.183555615,1
74126,3.396359355,3.203693853,3.24373181,1
74127,2.83527755,2.677471088,3.398827503,1
74130,3.537207051,3.491245304,3.408192001,1
74142,2.33192021,2.341460436,3.46471082,1
74148,3.016532372,2.981596829,3.155168427,1
74150,2.317489094,2.548752649,2.734829395,1
74156,3.550483678,3.224875303,3.347996065,1
74160,2.917246291,2.943447586,3.116384664,1
74163,2.404075792,2.43888379,3.12587572,1
74165,2.437555982,2.418151568,3.560386128,1
74171,3.417717408,3.311061952,3.311582172,1
74176,3.222608714,3.166695971,3.481636369,1
74181,3.406172514,3.386124203,3.115084361,1
74188,2.885497835,2.882852367,3.350855188,1
74197,2.901660685,2.860519555,3.310889192,1
74199,3.083492752,3.302718653,2.803899033,1
74201,2.498166671,2.849450882,2.504350068,1
74202,3.267056552,3.367948466,3.120688398,1
74203,3.246852989,2.927181926,3.589951242,1
74210,2.939758833,3.195491153,3.051088606,1
74211,2.966889331,3.144700081,2.941282821,1
74214,1.773147383,2.047812684,3.037197355,1
74216,2.877993654,3.085846907,3.126381179,1
74219,3.428685056,3.141413171,3.471380565,1
74220,3.429262301,3.577123323,2.777281015,1
74221,2.896465483,3.040562309,3.133120377,1
74222,2.616501825,2.912827201,2.759022752,1
74225,2.858944581,2.675392121,3.354851016,1
74229,3.004410234,2.796159907,3.518955458,1
74231,3.352488761,3.305696076,3.279869436,1
74233,3.263593084,3.250860236,3.178423405,1
74234,2.6678766,3.244118385,2.463195664,1
74237,2.77697584,2.882094509,3.419761228,1
74241,2.978434225,2.892376175,3.233520764,1
74254,2.880302633,2.923726984,3.108819755,1
74258,3.596663251,3.350784351,3.234271621,1
74261,3.394050377,3.436409464,3.415201292,1
74263,2.844513464,2.937689064,3.129999649,1
74266,3.531434605,3.371404265,3.393198,1
74268,3.478905341,3.300386782,3.388225209,1
74272,2.686348429,2.939515125,2.712115374,1
74273,2.090054699,2.363596924,2.87654547,1
74274,2.671917312,2.86846935,2.685172473,1
74277,3.340366624,3.425285067,3.362651292,1
74282,3.208754842,3.008733981,3.495137144,1
74289,3.349025293,3.249484261,3.290236364,1
74291,3.314390614,3.39840082,3.079540939,1
74300,3.437343726,3.164673587,3.285347686,1
74309,3.350757027,3.368594875,3.232350877,1
74311,2.785057265,2.728373609,3.422883499,1
74318,3.525662158,3.525461229,2.930448247,1
74326,3.483523298,3.43090299,3.320666546,1
74328,2.570322253,3.026319891,3.552005539,1
74332,3.459856267,3.427616938,3.581398565,1
74333,2.610152134,2.95386985,3.045832603,1
74334,3.503726861,3.359998671,3.435715215,1
74340,3.235308096,3.058485141,3.325528986,1
74341,2.813919498,3.131665606,3.029447239,1
74342,3.417717408,3.29330801,3.598184438,1
74344,2.635550899,2.941537509,3.356618966,1
74345,2.995751564,2.783631243,3.342967711,1
74349,3.104273559,3.030111754,3.21945048,1
74355,3.126208856,3.241027798,3.309193782,1
74357,3.234730852,3.312916304,2.925478542,1
74359,2.885497835,2.8220051,3.380755217,1
74364,2.473345151,2.847232175,2.935751324,1
74373,3.074834082,2.928137822,3.429641989,1
74378,3.198941683,3.08542597,3.269033318,1
74380,2.471613417,2.802480822,2.517419466,1
74382,2.799488381,2.597773385,3.390622088,1
74385,2.625160495,2.664885841,3.43697076,1
74387,3.500263393,3.320529178,3.473346839,1
74389,2.912051089,3.001092816,3.113355768,1
74395,3.088110709,2.987805436,3.521728923,1
74396,2.806415317,2.89392104,3.234668272,1
74405,3.446002396,3.422026448,3.349668324,1
74414,2.802951849,2.752223851,3.55942074,1
74415,2.925327716,2.720030311,3.34627596,1
74418,2.842204486,3.043624605,2.802357961,1
74421,3.346716315,3.230633825,3.274306299,1
74425,3.458701778,3.155122345,3.493464112,1
74427,3.231844628,3.261563697,3.137775231,1
74428,3.000946766,2.812229244,3.521450342,1
74436,3.354220495,3.184787692,3.588221106,1
74440,3.175274652,3.034269686,3.489729117,1
74443,3.538938785,3.438516722,3.47665123,1
74447,2.682884961,2.789221733,3.094101248,1
74450,3.352488761,3.310106913,3.19263568,1
74452,2.611306624,2.83498385,2.884901365,1
74455,3.19490097,3.393653061,3.453669432,1
74457,2.7596585,2.666093785,3.268642841,1
74460,2.648827526,2.571703578,3.499939391,1
74467,2.012703916,2.134252238,3.004536207,1
74478,3.242235032,3.290751524,3.382623487,1
74481,3.567801018,3.466889251,3.343551883,1
74487,2.761967479,3.292577585,3.024224419,1
74495,3.350179783,3.218048578,3.55137275,1
74496,2.857790091,2.932941305,3.546688572,1
74498,3.174120163,3.305864965,3.074203136,1
74503,2.679998738,2.874874281,3.292519804,1
74507,2.574362966,2.481780791,3.521720435,1
74508,2.354432752,2.693904779,2.978842678,1
74509,3.182201588,3.367078301,2.70964827,1
74511,2.940336077,3.040309404,3.163166256,1
74518,2.819691944,3.123069403,3.033664543,1
74519,2.800065626,2.722278166,3.430399792,1
74523,2.546655222,2.637467493,3.103645551,1
74530,2.95303546,2.905551248,3.50526639,1
74532,3.413676695,3.30561206,3.593280327,1
74537,3.168347716,3.257574654,3.103688766,1
74541,3.243389521,3.235943118,3.155835941,1
74557,2.438133227,2.721294836,3.440007373,1
74585,2.793715935,2.887010299,3.249598994,1
74588,3.260706861,3.453714178,2.741374126,1
74591,3.485255032,3.328423248,3.414019829,1
74596,3.035581445,3.079862914,3.331942529,1
74602,2.932831897,2.848720458,3.321417404,1
74616,2.921864248,2.658424329,3.595059852,1
74620,2.480849331,2.556618428,3.089017333,1
74626,3.415985674,3.44256149,3.135741047,1
74630,3.570109997,3.38463592,3.515377887,1
74632,3.297650519,3.213638598,3.307948269,1
74635,3.495645436,3.448825822,3.177128503,1
74638,3.077720305,3.021375809,3.205734403,1
74640,3.435611992,3.389832907,2.925144399,1
74643,3.256088904,3.548413015,3.122300465,1
74646,2.924750472,2.769725746,3.003570047,1
74648,2.626892229,2.659969193,3.514159384,1
74650,2.343465103,2.944543222,3.026040213,1
74652,3.287260115,3.2326845,3.295564906,1
74654,3.208177597,3.170207495,3.340874107,1
74655,3.255511659,3.223948555,3.15672416,1
74665,3.248584723,3.125653322,3.345794424,1
74667,3.604744676,3.336794837,3.486439388,1
74672,2.744072894,2.642327558,3.575289841,1
74675,3.493336457,3.38443874,3.257903186,1
74678,1.950361493,2.303198886,2.424789259,1
74689,3.29534154,3.512033251,2.843132693,1
74691,2.797179403,3.517062206,2.655043251,1
74694,3.003255745,3.133884313,3.580296587,1
74695,2.274772989,2.472032369,3.523073985,1
74697,3.436189236,3.214565345,3.43435472,1
74698,3.368074367,3.242685827,3.286674227,1
74699,3.320163061,3.166303325,3.382955315,1
74708,2.931100163,2.975810016,3.057114759,1
74717,2.78448002,2.678397835,3.343500951,1
74720,2.714056172,2.634039985,3.177666373,1
74721,2.670762823,2.93530061,3.107046403,1
74734,3.223763203,3.106634854,3.238559921,1
74735,2.755617787,2.983843827,3.0417434,1
74736,2.959962396,2.598728423,3.569385616,1
74737,3.567801018,3.438825352,3.322908315,1
74746,3.563760305,3.589764294,3.249481696,1
74750,2.61707907,2.860940492,3.130677968,1
74753,3.293032562,3.241280703,3.57332511,1
74756,3.033272467,3.282661131,2.793692617,1
74758,3.152762111,3.267575124,2.994186256,1
74759,1.929003441,2.379103868,2.914433296,1
74762,3.181047099,3.008312186,3.481736689,1
74773,2.721560353,3.080733936,2.926073518,1
74774,1.952093227,2.014832137,3.426468014,1
74777,3.383082728,3.384157544,3.392420134,1
74780,3.515271754,3.541193644,3.410825791,1
74788,3.478905341,3.29920713,3.342749322,1
74790,3.222031469,3.150290571,3.184448014,1
74791,3.365765388,3.403710113,3.332439499,1
74796,2.543191754,2.930019608,2.814925759,1
74800,2.855481113,3.067305958,3.020967101,1
74804,3.190860258,2.890072595,3.444281011,1
74806,2.480272087,2.422842744,3.173148109,1
74809,3.273983488,3.497987155,3.428932031,1
74820,3.173542918,3.078711552,3.305671002,1
74822,3.356529474,3.388680688,2.959231636,1
74838,3.252048191,3.476187588,2.938788709,1
74840,3.465628714,3.263838986,3.592289473,1
74856,3.233576362,3.064019049,3.594718764,1
74859,2.427742823,2.683089011,2.662004697,1
74860,3.286682871,3.277969097,3.494133171,1
74862,2.958807906,3.222936935,2.914849239,1
74868,3.439652704,3.154673117,3.550979958,1
74876,2.887229569,3.115905757,2.633164974,1
74878,3.560296837,3.427391467,3.468063055,1
74883,3.430994035,3.516837592,2.954670157,1
74884,3.280910424,3.068064674,3.35113377,1
74885,3.197787194,3.099556081,3.517248472,1
74892,2.051379308,2.872935913,1.917424829,1
74897,2.305366956,2.353370983,3.02398365,1
74899,2.951303726,2.727165665,3.399534374,1
74901,2.754463298,2.945751166,3.047111299,1
74904,3.096192134,3.139109591,3.088602162,1
74905,2.688080163,2.906000476,3.323440783,1
74910,2.930522918,3.061041626,2.799521217,1
74915,2.241292799,2.721182529,2.116115793,1
74918,3.57299622,3.597714947,3.076603102,1
74919,3.17007945,3.114500633,3.283607518,1
74932,3.317276837,3.164224359,3.279202693,1
74943,3.565492039,3.411322987,3.538833506,1
74946,3.312081636,3.172511075,3.515918844,1
74948,2.861253559,2.657525015,3.357815862,1
74949,3.175851897,3.224791287,3.28254181,1
74961,2.300171754,2.156529325,3.524317183,1
74963,3.504304106,3.404861475,3.423834997,1
74968,3.111200495,3.12908083,3.187134279,1
74969,3.328244486,3.38772565,3.043029813,1
74979,2.591103061,2.58864308,3.59426578,1
74981,3.055207764,2.88195391,3.270217867,1
74982,2.412734462,2.446945892,3.484159806,1
74983,2.446214652,2.647075317,2.853325218,1
74992,2.754463298,3.038764539,2.846180881,1
74995,3.210486576,2.910972848,3.361695164,1
74996,3.381928239,3.422503967,3.269669965,1
74997,3.326512752,3.587011486,2.982367002,1
74998,3.410213227,3.476581091,3.484473114,1
75002,2.730219023,3.254849279,2.420321155,1
75004,2.91955527,2.933053612,3.174618957,1
75008,3.247430234,3.289655888,2.942701965,1
75010,2.076200828,2.161838619,3.500207169,1
75021,3.263593084,3.255720302,3.231292885,1
75023,3.101387336,3.036179763,3.046920691,1
75027,3.151030377,3.303617967,2.794693503,1
75031,2.766585436,2.900662891,3.21441055,1
75034,2.805260828,2.798772975,3.114330417,1
75035,3.208754842,2.944880143,3.577351806,1
75042,2.824887146,2.628449495,3.498200766,1
75048,3.478328096,3.324237025,3.546572046,1
75052,3.144103441,2.874677958,3.484016271,1
75054,2.781593797,2.832174459,3.40622264,1
75060,3.331130709,3.483885335,2.999522516,1
75062,2.537419308,2.646120278,3.03382737,1
75063,2.702511279,2.899258624,3.556916595,1
75067,2.979588714,2.970640463,3.009021289,1
75071,3.570109997,3.443236189,3.210546682,1
75072,2.977279735,3.020869999,3.063635568,1
75079,3.592045294,3.301286096,3.341010697,1
75091,3.098501113,2.925355865,3.327425036,1
75095,3.114086719,3.366881121,2.579704377,1
75104,3.332285198,3.586309353,2.850801009,1
75108,2.502784628,2.953082843,2.611721932,1
75118,3.093305911,3.104669052,3.358912438,1
75119,3.398091089,3.331260072,3.156674,1
75120,2.84393622,3.105567508,3.584902825,1
75123,3.356529474,3.282463951,3.211889428,1
75133,3.35479774,3.230409211,3.376057149,1
75140,2.898774462,3.064806055,3.031287728,1
75141,3.46389698,3.33288981,2.972622059,1
75149,3.465628714,3.541081337,3.054388367,1
75151,2.99401983,2.902601259,3.280206666,1
75161,3.146412419,3.248023412,3.186640395,1
75166,3.278601445,3.400394912,3.604962221,1
75167,3.603012942,3.449023002,3.34993533,1
75170,2.727332799,2.963898611,2.980923935,1
75173,3.313813369,3.295864495,3.45210984,1
75174,2.613038357,2.48534804,3.340718225,1
75178,3.324203773,3.569369851,2.866585224,1
75180,3.560296837,3.480879622,3.262619775,1
75181,2.950149236,2.771101721,3.31663985,1
75184,3.327089997,3.27802568,3.08710662,1
75187,2.906278643,2.696741603,3.525953173,1
75189,2.890693037,3.15026228,2.958547144,1
75191,3.338057645,3.297549958,3.106860425,1
75193,3.444847906,3.405170962,3.026821167,1
75197,2.437555982,2.255582417,3.427779893,1
75199,3.454083821,3.142143595,3.343840496,1
75200,2.777553084,2.786159437,3.440199525,1
75206,3.073679593,3.269598365,3.277452492,1
75207,2.862985293,2.948195344,3.040224708,1
75208,3.317276837,3.301959938,3.272579249,1
75209,3.465628714,3.593136077,2.838513336,1
75210,2.518947479,2.808015587,2.912250947,1
75217,3.232999118,3.19282236,3.095260331,1
75228,3.025768286,3.26524411,2.975495073,1
75234,2.670185578,2.956763256,2.825383746,1
75235,2.957653417,3.066547243,3.353674184,1
75236,3.009028191,3.172118429,2.774298421,1
75237,2.732528001,2.841192457,3.449641964,1
75239,3.140062728,3.017864286,3.256119031,1
75244,1.862620305,2.012275651,3.460794476,1
75246,3.133135792,3.022218541,3.254487671,1
75253,2.85259489,2.86405937,3.078692076,1
75254,2.539728286,2.869846183,2.763547961,1
75255,3.291300828,3.199733101,3.35555017,1
75256,2.557045626,2.489730586,3.505340473,1
75269,3.418294652,3.412025121,3.430053301,1
75272,3.541247764,3.320304564,3.252834704,1
75273,3.416562918,3.391124867,3.299957384,1
75277,3.138908239,3.244146676,2.950516132,1
75278,2.355587241,2.775428543,3.045969193,1
75280,3.248584723,3.373454941,3.280339397,1
75285,2.495280448,2.290416459,3.457787959,1
75286,2.027712277,1.791106232,3.558945377,1
75289,3.532011849,3.433936995,3.26542025,1
75291,3.101964581,3.309320764,3.31739611,1
75295,3.491027479,3.167903915,3.519074298,1
75296,3.039044913,2.955527022,3.344159977,1
75297,3.598972229,3.547963787,3.549284548,1
75299,3.467937693,3.514309397,3.061960993,1
75301,3.280910424,3.035534212,3.43214459,1
75307,3.43041679,3.35356545,3.083487378,1
75311,3.02865451,3.025055365,3.01759403,1
75313,2.995751564,2.72528388,3.545863632,1
75316,2.662681398,2.729020017,3.121758736,1
75319,2.684616695,2.56156251,3.297197809,1
75320,3.175851897,3.558217162,2.7478795,1
75323,3.143526196,3.023398193,3.310178462,1
75330,2.007508714,2.036435381,3.518857453,1
75334,3.046549094,2.950976444,3.029275923,1
75337,2.775244106,3.278194569,3.167626643,1
75339,2.460068524,2.905382359,2.457965898,1
75342,3.598972229,3.492762735,3.183771239,1
75344,3.376733037,3.283334973,3.328332547,1
75347,2.140852229,2.67553272,2.971590305,1
75352,3.015377882,2.897685469,3.461921148,1
75353,3.376155792,3.127732288,3.34974858,1
75359,2.862408049,2.695618533,3.201781018,1
75363,3.244544011,3.062643073,3.424345858,1
75370,3.062711944,3.044298447,3.365714915,1
75374,3.444847906,3.278446617,3.487232689,1
75376,3.01133717,3.038005824,3.386994358,1
75378,2.428320068,2.383823336,3.224010415,1
75380,3.294187051,3.211784246,3.34546028,1
75396,2.832391327,2.976399842,3.382217576,1
75402,2.629201208,2.849563189,3.060703133,1
75405,3.575305199,3.508943521,3.196846811,1
75408,3.37096059,3.361375504,3.44429413,1
75409,3.582232134,3.165881531,3.550459837,1
75419,3.223185959,2.922574766,3.382742328,1
75421,3.284373892,2.999238464,3.564439061,1
75422,2.406962015,2.504366508,3.018171256,1
75424,2.738300448,2.547122911,3.432685547,1
75429,3.007873702,2.965275444,3.452396138,1
75438,2.800065626,3.591787536,2.045275119,1
75442,2.946108524,3.439106548,2.496221823,1
75447,2.933986386,2.982018623,3.073963911,1
75449,3.557410614,3.491582225,2.979301064,1
75456,3.43041679,3.095707636,3.314926691,1
75459,3.3969366,3.247995121,3.537864259,1
75471,3.241080543,3.003200073,3.495533794,1
75474,3.17123394,3.246871193,3.182411516,1
75475,3.156225578,3.238696784,3.311525067,1
75479,2.583021635,3.320304564,2.724873008,1
75501,3.573573465,3.597068538,3.090900264,1
75503,3.375001303,3.273361937,3.313421889,1
75507,3.421180875,3.331428962,3.330488658,1
75508,3.142948951,2.879397425,3.418156105,1
75514,2.648250281,3.255158767,3.289483963,1
75518,2.019053607,2.317328997,2.905476252,1
75523,3.52219869,3.386040187,3.531655986,1
75526,3.083492752,3.172118429,2.976918075,1
75535,2.568013274,2.615864248,3.40883868,1
75538,2.746959118,2.968084835,2.960129116,1
75539,3.547597455,3.455034429,3.581149308,1
75540,3.009605436,3.069188601,2.952260931,1
75554,3.21221831,3.149250659,3.452968734,1
75557,2.630932942,2.918782903,3.339185642,1
75558,3.209909331,3.30330848,3.371325897,1
75559,2.593412039,2.598897312,3.586394508,1
75560,3.093305911,3.491694532,3.571895162,1
75561,1.956133939,1.967243959,3.063001236,1
75562,3.045394605,2.85386172,2.973235555,1
75569,2.345774082,2.823774579,2.77025552,1
75571,2.545500733,2.707445064,2.981312869,1
75572,2.509134319,2.607773855,2.831907642,1
75574,3.302268476,3.472255127,2.989678796,1
75576,3.007873702,3.042922472,2.926339752,1
75577,3.176429141,2.958336412,3.569610178,1
75580,3.154493845,3.173100902,2.88422459,1
75583,3.054053274,2.89903401,3.594178578,1
75587,3.354220495,3.392753747,3.48624415,1
75592,3.481791564,3.297858588,3.101038771,1
75594,3.22087698,3.256029789,3.061936299,1
75595,2.962848619,2.9408911,3.209024903,1
75597,3.087533464,3.386011896,3.128709378,1
75599,2.389644676,2.672329826,2.956461257,1
75602,3.440807194,3.456495278,3.054764953,1
75612,3.550483678,3.282463951,3.339858559,1
75617,3.211641065,3.008762272,3.457540245,1
75619,1.878205911,1.83950885,3.127101169,1
75630,2.215894034,2.565382664,3.54894809,1
75635,2.667299355,2.74348705,2.856195917,1
75638,2.786788999,2.625247458,3.250104453,1
75641,2.8191147,2.70182714,3.467528272,1
75660,2.789097977,3.036826171,3.015858491,1
75661,2.612461113,2.761129542,3.143438688,1
75662,3.327089997,3.145795717,3.555464268,1
75668,3.344407336,3.113742775,3.595369301,1
75672,2.5760947,2.569203675,3.32381737,1
75680,2.438133227,2.615218697,2.88877758,1
75688,3.20355964,3.309151875,3.108896924,1
75689,3.48121432,3.256422435,3.567802101,1
75691,2.599184486,2.811919757,3.0654367,1
75694,2.936872609,2.87585761,3.398802809,1
75700,3.274560733,3.29381382,3.173041615,1
75706,3.446002396,3.148858013,3.344706336,1
75709,2.345774082,2.386857341,2.825004845,1
75710,2.731373512,3.010560042,3.180382734,1
75712,2.882034367,2.874509068,3.110118514,1
75718,2.76831717,2.746689944,3.322522468,1
75721,2.900506196,2.926255179,3.133872006,1
75724,2.839318263,2.69443888,3.321515409,1
75725,3.365188144,3.306370775,3.222398348,1
75730,2.681730472,2.926985603,2.769271611,1
75737,2.792561445,2.954431385,2.756979308,1
75740,2.782748286,2.787789175,3.544104943,1
75741,3.073102348,2.759921599,3.597126447,1
75743,2.730796267,3.144475467,2.812422385,1
75748,1.877051421,2.177879664,3.525196913,1
75749,2.215894034,2.603953701,3.356900634,1
75755,3.459856267,3.268025209,3.600692442,1
75758,2.953612704,2.962774684,3.260765396,1
75760,2.587639593,2.625190876,3.233420444,1
75761,2.794870424,2.731632228,2.956283768,1
75763,2.468727194,2.54529685,3.2883843,1
75772,2.801220115,2.77784443,3.241368113,1
75773,3.4887185,3.502622607,3.379787514,1
75780,3.329398975,3.412952725,3.418372951,1
75792,2.990556362,3.282604549,3.315282442,1
75801,3.482946054,3.504364652,2.835786944,1
75803,3.011914415,3.099162578,2.850297865,1
75805,3.089842443,2.952324985,3.329340379,1
75808,3.066752657,3.177933533,2.784598983,1
75809,2.858367336,2.606650785,3.467310654,1
75811,3.088110709,3.335558603,3.565291783,1
75818,3.526816647,3.385618393,3.201953105,1
75819,3.570109997,3.591928134,3.015928716,1
75821,3.104273559,2.744414655,3.481350071,1
75828,3.570109997,3.467591385,3.399336049,1
75830,2.966312087,3.166668537,3.405057383,1
75837,3.121590899,3.205575639,2.953007158,1
75846,3.118127431,3.313365532,3.057109357,1
75850,3.20471413,3.251366047,2.842306209,1
75851,3.276869712,3.211335018,3.151474331,1
75865,3.16142078,3.071295001,2.976759878,1
75869,3.134867526,3.36966222,2.403915727,1
75891,3.257243393,3.440370216,3.222111278,1
75895,2.419084153,2.360338306,3.371061206,1
75899,3.081761018,3.253445013,2.618621642,1
75902,2.93571812,2.937436159,3.07524878,1
75910,3.08580173,3.463602342,3.300973704,1
75914,2.898197217,2.530436315,3.447025924,1
75916,2.570899498,2.593784342,3.335280102,1
75921,2.990556362,3.272688095,3.14403212,1
75924,2.871066719,2.960921189,2.988718038,1
75927,3.058093987,3.473547087,3.166741511,1
75929,2.040411659,2.656149039,2.29313375,1
75930,3.451197598,3.592405653,2.699457288,1
75941,2.948994747,2.972691995,3.510273908,1
75944,1.79623717,1.954742728,2.842356369,1
75954,3.211641065,2.987608256,3.503158896,1
75955,2.715787906,2.616341767,3.443549446,1
75961,2.803529094,2.583614982,3.447097691,1
75964,3.316122348,3.516415797,2.875384071,1
75968,3.181047099,3.125091787,3.44275383,1
75973,3.380196505,3.54127766,3.205928098,1
75975,3.532589094,3.51877596,2.797527161,1
75977,2.026557787,2.201111789,3.42585992,1
75979,3.193169236,3.111439195,3.37812683,1
75987,3.551638168,3.327523934,3.332660975,1
75992,3.05232154,3.178888572,2.66237974,1
75995,3.447156885,3.292745617,3.112597193,1
76000,3.117550187,3.022639478,3.572256315,1
76006,2.706551992,2.439557632,3.566297299,1
76014,2.763121968,2.749695657,3.285774433,1
76017,3.077720305,2.853300185,3.54243114,1
76019,2.181259355,2.167316802,2.952331926,1
76021,2.274772989,2.201616742,3.465985657,1
76023,2.861830804,2.736689474,3.367646463,1
76028,2.393685388,2.071775234,3.566059617,1
76031,2.688080163,2.560860377,3.111688139,1
76036,3.534320828,3.561925009,3.0608567,1
76037,3.362879165,3.265215819,3.414965154,1
76041,2.631510186,3.212935607,2.738903935,1
76042,3.192014747,3.299600633,3.310182321,1
76044,2.073314604,2.228135777,2.891991683,1
76045,2.127575602,2.138465896,3.256782687,1
76052,3.374424058,3.357217572,3.373698854,1
76055,2.671917312,2.813549495,3.453711103,1
76057,2.413888951,2.434894747,3.319028241,1
76058,2.518370234,2.631146578,3.44131848,1
76063,3.398668334,3.410031028,3.064450476,1
76067,3.228958405,3.279907465,3.174638249,1
76069,3.591468049,3.498043738,3.063101556,1
76071,3.0944604,3.091970641,3.172338603,1
76072,2.368863868,2.351938425,3.413929541,1
76084,3.220299735,3.042444952,3.372766648,1
76089,2.315180115,2.439277293,3.186850296,1
76091,3.228958405,3.243893771,3.138828592,1
76095,2.859521825,2.764331579,3.596865614,1
76098,3.226072182,3.113573886,3.150437175,1
76100,3.202982396,3.300106443,3.070480487,1
76102,2.764853702,2.788687632,3.47634564,1
76107,3.066175412,3.1711351,3.107546461,1
76111,3.164307004,2.997384969,3.283825907,1
76114,3.181047099,3.010138247,3.587264978,1
76116,3.141217217,3.192569455,2.931374279,1
76118,2.55877736,2.488775548,3.500297457,1
76120,2.450255365,2.551083663,3.158357063,1
76121,3.396359355,3.025954679,3.601001891,1
76123,2.987092894,3.252153053,3.53100622,1
76125,2.128730091,2.552432205,2.90596319,1
76127,2.48315831,2.327779553,3.539488673,1
76129,2.268423298,2.299714796,3.25219497,1
76130,2.98651565,3.175292175,3.363328839,1
76145,3.076565816,3.149756469,3.266830134,1
76146,3.435034747,3.456074341,2.839738785,1
76148,2.47449964,2.490657334,3.133752394,1
76149,2.293244818,2.377108918,3.040622902,1
76151,3.533743583,3.235522181,3.35722706,1
76154,3.458701778,3.314067665,3.135088967,1
76157,2.720405863,3.029606801,3.028170087,1
76163,3.007873702,2.877290168,3.402763911,1
76164,2.375213559,2.349916041,3.223618395,1
76166,2.659795175,2.548808374,3.065019214,1
76169,3.582232134,3.457394591,3.420798383,1
76180,3.118127431,2.879846653,3.298445637,1
76181,2.737145958,2.892319593,3.590930521,1
76184,3.589736315,3.528270619,3.255611256,1
76186,2.116607954,2.189059787,3.297018776,1
76191,2.808724296,2.74348705,3.019225389,1
76319,3.58915907,3.568976348,2.900720306,0
76320,2.808724296,3.2046206,2.873160823,0
76596,2.406962015,3.396855955,3.349373537,0
76995,2.913205578,3.540547236,2.552654211,0
77121,2.899351707,3.291481949,2.923640369,0
77218,3.442538928,3.396995696,3.161413741,0
77305,3.130249569,3.426661042,3.343499408,0
77527,3.009028191,3.392445117,2.513418236,0
77656,2.91955527,2.853300185,3.496416611,0
77713,3.000946766,3.166977167,3.136144643,0
77744,2.879725388,3.203946758,2.736480047,0
77781,3.076565816,3.036179763,3.248870515,0
77833,3.545865721,3.577095032,2.975856997,1
77834,3.470246671,3.273418519,3.310555049,1
77840,3.026922776,3.077756514,3.121389095,1
77841,3.425221588,3.337103467,3.165277609,1
77848,3.386546196,3.297297053,3.32454199,1
77852,3.115818453,3.237881486,2.866396931,1
77853,2.853172134,3.07343055,2.643668492,1
77858,3.450043108,3.591646938,3.256268739,1
77860,3.153339355,3.130317064,3.102930963,1
77861,3.257820638,2.991400976,3.457113499,1
77889,2.614192847,3.177174818,2.517497407,1
77898,3.265324818,3.093291749,3.504990124,1
77899,3.050012562,2.961145803,3.292307588,1
77909,3.219722491,2.997384969,3.306735167,1
77912,2.783902776,2.637524075,3.227237637,1
77923,2.321529806,2.46436377,3.377287228,1
77931,3.57299622,3.236899014,3.55793523,1
77934,2.547232467,3.063429222,2.183555615,1
77936,3.396359355,3.203693853,3.24373181,1
77937,2.83527755,2.677471088,3.398827503,1
77940,3.537207051,3.491245304,3.408192001,1
77952,2.33192021,2.341460436,3.46471082,1
77958,3.016532372,2.981596829,3.155168427,1
77960,2.317489094,2.548752649,2.734829395,1
77966,3.550483678,3.224875303,3.347996065,1
77970,2.917246291,2.943447586,3.116384664,1
77973,2.404075792,2.43888379,3.12587572,1
77975,2.437555982,2.418151568,3.560386128,1
77981,3.417717408,3.311061952,3.311582172,1
77986,3.222608714,3.166695971,3.481636369,1
77991,3.406172514,3.386124203,3.115084361,1
77998,2.885497835,2.882852367,3.350855188,1
78007,2.901660685,2.860519555,3.310889192,1
78009,3.083492752,3.302718653,2.803899033,1
78011,2.498166671,2.849450882,2.504350068,1
78012,3.267056552,3.367948466,3.120688398,1
78013,3.246852989,2.927181926,3.589951242,1
78020,2.939758833,3.195491153,3.051088606,1
78021,2.966889331,3.144700081,2.941282821,1
78024,1.773147383,2.047812684,3.037197355,1
78026,2.877993654,3.085846907,3.126381179,1
78029,3.428685056,3.141413171,3.471380565,1
78030,3.429262301,3.577123323,2.777281015,1
78031,2.896465483,3.040562309,3.133120377,1
78032,2.616501825,2.912827201,2.759022752,1
78035,2.858944581,2.675392121,3.354851016,1
78039,3.004410234,2.796159907,3.518955458,1
78041,3.352488761,3.305696076,3.279869436,1
78043,3.263593084,3.250860236,3.178423405,1
78044,2.6678766,3.244118385,2.463195664,1
78047,2.77697584,2.882094509,3.419761228,1
78051,2.978434225,2.892376175,3.233520764,1
78064,2.880302633,2.923726984,3.108819755,1
78068,3.596663251,3.350784351,3.234271621,1
78071,3.394050377,3.436409464,3.415201292,1
78073,2.844513464,2.937689064,3.129999649,1
78076,3.531434605,3.371404265,3.393198,1
78078,3.478905341,3.300386782,3.388225209,1
78082,2.686348429,2.939515125,2.712115374,1
78083,2.090054699,2.363596924,2.87654547,1
78084,2.671917312,2.86846935,2.685172473,1
78087,3.340366624,3.425285067,3.362651292,1
78092,3.208754842,3.008733981,3.495137144,1
78099,3.349025293,3.249484261,3.290236364,1
78101,3.314390614,3.39840082,3.079540939,1
78110,3.437343726,3.164673587,3.285347686,1
78119,3.350757027,3.368594875,3.232350877,1
78121,2.785057265,2.728373609,3.422883499,1
78128,3.525662158,3.525461229,2.930448247,1
78136,3.483523298,3.43090299,3.320666546,1
78138,2.570322253,3.026319891,3.552005539,1
78142,3.459856267,3.427616938,3.581398565,1
78143,2.610152134,2.95386985,3.045832603,1
78144,3.503726861,3.359998671,3.435715215,1
78150,3.235308096,3.058485141,3.325528986,1
78151,2.813919498,3.131665606,3.029447239,1
78152,3.417717408,3.29330801,3.598184438,1
78154,2.635550899,2.941537509,3.356618966,1
78155,2.995751564,2.783631243,3.342967711,1
78159,3.104273559,3.030111754,3.21945048,1
78165,3.126208856,3.241027798,3.309193782,1
78167,3.234730852,3.312916304,2.925478542,1
78169,2.885497835,2.8220051,3.380755217,1
78174,2.473345151,2.847232175,2.935751324,1
78183,3.074834082,2.928137822,3.429641989,1
78188,3.198941683,3.08542597,3.269033318,1
78190,2.471613417,2.802480822,2.517419466,1
78192,2.799488381,2.597773385,3.390622088,1
78195,2.625160495,2.664885841,3.43697076,1
78197,3.500263393,3.320529178,3.473346839,1
78199,2.912051089,3.001092816,3.113355768,1
78205,3.088110709,2.987805436,3.521728923,1
78206,2.806415317,2.89392104,3.234668272,1
78215,3.446002396,3.422026448,3.349668324,1
78224,2.802951849,2.752223851,3.55942074,1
78225,2.925327716,2.720030311,3.34627596,1
78228,2.842204486,3.043624605,2.802357961,1
78231,3.346716315,3.230633825,3.274306299,1
78235,3.458701778,3.155122345,3.493464112,1
78237,3.231844628,3.261563697,3.137775231,1
78238,3.000946766,2.812229244,3.521450342,1
78246,3.354220495,3.184787692,3.588221106,1
78250,3.175274652,3.034269686,3.489729117,1
78253,3.538938785,3.438516722,3.47665123,1
78257,2.682884961,2.789221733,3.094101248,1
78260,3.352488761,3.310106913,3.19263568,1
78262,2.611306624,2.83498385,2.884901365,1
78265,3.19490097,3.393653061,3.453669432,1
78267,2.7596585,2.666093785,3.268642841,1
78270,2.648827526,2.571703578,3.499939391,1
78277,2.012703916,2.134252238,3.004536207,1
78288,3.242235032,3.290751524,3.382623487,1
78291,3.567801018,3.466889251,3.343551883,1
78297,2.761967479,3.292577585,3.024224419,1
78305,3.350179783,3.218048578,3.55137275,1
78306,2.857790091,2.932941305,3.546688572,1
78308,3.174120163,3.305864965,3.074203136,1
78313,2.679998738,2.874874281,3.292519804,1
78317,2.574362966,2.481780791,3.521720435,1
78318,2.354432752,2.693904779,2.978842678,1
78319,3.182201588,3.367078301,2.70964827,1
78321,2.940336077,3.040309404,3.163166256,1
78328,2.819691944,3.123069403,3.033664543,1
78329,2.800065626,2.722278166,3.430399792,1
78333,2.546655222,2.637467493,3.103645551,1
78340,2.95303546,2.905551248,3.50526639,1
78342,3.413676695,3.30561206,3.593280327,1
78347,3.168347716,3.257574654,3.103688766,1
78351,3.243389521,3.235943118,3.155835941,1
78367,2.438133227,2.721294836,3.440007373,1
78395,2.793715935,2.887010299,3.249598994,1
78398,3.260706861,3.453714178,2.741374126,1
78401,3.485255032,3.328423248,3.414019829,1
78406,3.035581445,3.079862914,3.331942529,1
78412,2.932831897,2.848720458,3.321417404,1
78426,2.921864248,2.658424329,3.595059852,1
78430,2.480849331,2.556618428,3.089017333,1
78436,3.415985674,3.44256149,3.135741047,1
78440,3.570109997,3.38463592,3.515377887,1
78442,3.297650519,3.213638598,3.307948269,1
78445,3.495645436,3.448825822,3.177128503,1
78448,3.077720305,3.021375809,3.205734403,1
78450,3.435611992,3.389832907,2.925144399,1
78453,3.256088904,3.548413015,3.122300465,1
78456,2.924750472,2.769725746,3.003570047,1
78458,2.626892229,2.659969193,3.514159384,1
78460,2.343465103,2.944543222,3.026040213,1
78462,3.287260115,3.2326845,3.295564906,1
78464,3.208177597,3.170207495,3.340874107,1
78465,3.255511659,3.223948555,3.15672416,1
78475,3.248584723,3.125653322,3.345794424,1
78477,3.604744676,3.336794837,3.486439388,1
78482,2.744072894,2.642327558,3.575289841,1
78485,3.493336457,3.38443874,3.257903186,1
78488,1.950361493,2.303198886,2.424789259,1
78499,3.29534154,3.512033251,2.843132693,1
78501,2.797179403,3.517062206,2.655043251,1
78504,3.003255745,3.133884313,3.580296587,1
78505,2.274772989,2.472032369,3.523073985,1
78507,3.436189236,3.214565345,3.43435472,1
78508,3.368074367,3.242685827,3.286674227,1
78509,3.320163061,3.166303325,3.382955315,1
78518,2.931100163,2.975810016,3.057114759,1
78527,2.78448002,2.678397835,3.343500951,1
78530,2.714056172,2.634039985,3.177666373,1
78531,2.670762823,2.93530061,3.107046403,1
78544,3.223763203,3.106634854,3.238559921,1
78545,2.755617787,2.983843827,3.0417434,1
78546,2.959962396,2.598728423,3.569385616,1
78547,3.567801018,3.438825352,3.322908315,1
78556,3.563760305,3.589764294,3.249481696,1
78560,2.61707907,2.860940492,3.130677968,1
78563,3.293032562,3.241280703,3.57332511,1
78566,3.033272467,3.282661131,2.793692617,1
78568,3.152762111,3.267575124,2.994186256,1
78569,1.929003441,2.379103868,2.914433296,1
78572,3.181047099,3.008312186,3.481736689,1
78583,2.721560353,3.080733936,2.926073518,1
78584,1.952093227,2.014832137,3.426468014,1
78587,3.383082728,3.384157544,3.392420134,1
78590,3.515271754,3.541193644,3.410825791,1
78598,3.478905341,3.29920713,3.342749322,1
78600,3.222031469,3.150290571,3.184448014,1
78601,3.365765388,3.403710113,3.332439499,1
78606,2.543191754,2.930019608,2.814925759,1
78610,2.855481113,3.067305958,3.020967101,1
78614,3.190860258,2.890072595,3.444281011,1
78616,2.480272087,2.422842744,3.173148109,1
78619,3.273983488,3.497987155,3.428932031,1
78630,3.173542918,3.078711552,3.305671002,1
78632,3.356529474,3.388680688,2.959231636,1
78648,3.252048191,3.476187588,2.938788709,1
78650,3.465628714,3.263838986,3.592289473,1
78666,3.233576362,3.064019049,3.594718764,1
78669,2.427742823,2.683089011,2.662004697,1
78670,3.286682871,3.277969097,3.494133171,1
78672,2.958807906,3.222936935,2.914849239,1
78678,3.439652704,3.154673117,3.550979958,1
78686,2.887229569,3.115905757,2.633164974,1
78688,3.560296837,3.427391467,3.468063055,1
78693,3.430994035,3.516837592,2.954670157,1
78694,3.280910424,3.068064674,3.35113377,1
78695,3.197787194,3.099556081,3.517248472,1
78702,2.051379308,2.872935913,1.917424829,1
78707,2.305366956,2.353370983,3.02398365,1
78709,2.951303726,2.727165665,3.399534374,1
78711,2.754463298,2.945751166,3.047111299,1
78714,3.096192134,3.139109591,3.088602162,1
78715,2.688080163,2.906000476,3.323440783,1
78720,2.930522918,3.061041626,2.799521217,1
78725,2.241292799,2.721182529,2.116115793,1
78728,3.57299622,3.597714947,3.076603102,1
78729,3.17007945,3.114500633,3.283607518,1
78742,3.317276837,3.164224359,3.279202693,1
78753,3.565492039,3.411322987,3.538833506,1
78756,3.312081636,3.172511075,3.515918844,1
78758,2.861253559,2.657525015,3.357815862,1
78759,3.175851897,3.224791287,3.28254181,1
78771,2.300171754,2.156529325,3.524317183,1
78773,3.504304106,3.404861475,3.423834997,1
78778,3.111200495,3.12908083,3.187134279,1
78779,3.328244486,3.38772565,3.043029813,1
78789,2.591103061,2.58864308,3.59426578,1
78791,3.055207764,2.88195391,3.270217867,1
78792,2.412734462,2.446945892,3.484159806,1
78793,2.446214652,2.647075317,2.853325218,1
78802,2.754463298,3.038764539,2.846180881,1
78805,3.210486576,2.910972848,3.361695164,1
78806,3.381928239,3.422503967,3.269669965,1
78807,3.326512752,3.587011486,2.982367002,1
78808,3.410213227,3.476581091,3.484473114,1
78812,2.730219023,3.254849279,2.420321155,1
78814,2.91955527,2.933053612,3.174618957,1
78818,3.247430234,3.289655888,2.942701965,1
78820,2.076200828,2.161838619,3.500207169,1
78831,3.263593084,3.255720302,3.231292885,1
78833,3.101387336,3.036179763,3.046920691,1
78837,3.151030377,3.303617967,2.794693503,1
78841,2.766585436,2.900662891,3.21441055,1
78844,2.805260828,2.798772975,3.114330417,1
78845,3.208754842,2.944880143,3.577351806,1
78852,2.824887146,2.628449495,3.498200766,1
78858,3.478328096,3.324237025,3.546572046,1
78862,3.144103441,2.874677958,3.484016271,1
78864,2.781593797,2.832174459,3.40622264,1
78870,3.331130709,3.483885335,2.999522516,1
78872,2.537419308,2.646120278,3.03382737,1
78873,2.702511279,2.899258624,3.556916595,1
78877,2.979588714,2.970640463,3.009021289,1
78881,3.570109997,3.443236189,3.210546682,1
78882,2.977279735,3.020869999,3.063635568,1
78889,3.592045294,3.301286096,3.341010697,1
78901,3.098501113,2.925355865,3.327425036,1
78905,3.114086719,3.366881121,2.579704377,1
78914,3.332285198,3.586309353,2.850801009,1
78918,2.502784628,2.953082843,2.611721932,1
78928,3.093305911,3.104669052,3.358912438,1
78929,3.398091089,3.331260072,3.156674,1
78930,2.84393622,3.105567508,3.584902825,1
78933,3.356529474,3.282463951,3.211889428,1
78943,3.35479774,3.230409211,3.376057149,1
78950,2.898774462,3.064806055,3.031287728,1
78951,3.46389698,3.33288981,2.972622059,1
78959,3.465628714,3.541081337,3.054388367,1
78961,2.99401983,2.902601259,3.280206666,1
78971,3.146412419,3.248023412,3.186640395,1
78976,3.278601445,3.400394912,3.604962221,1
78977,3.603012942,3.449023002,3.34993533,1
78980,2.727332799,2.963898611,2.980923935,1
78983,3.313813369,3.295864495,3.45210984,1
78984,2.613038357,2.48534804,3.340718225,1
78988,3.324203773,3.569369851,2.866585224,1
78990,3.560296837,3.480879622,3.262619775,1
78991,2.950149236,2.771101721,3.31663985,1
78994,3.327089997,3.27802568,3.08710662,1
78997,2.906278643,2.696741603,3.525953173,1
78999,2.890693037,3.15026228,2.958547144,1
79001,3.338057645,3.297549958,3.106860425,1
79003,3.444847906,3.405170962,3.026821167,1
79007,2.437555982,2.255582417,3.427779893,1
79009,3.454083821,3.142143595,3.343840496,1
79010,2.777553084,2.786159437,3.440199525,1
79016,3.073679593,3.269598365,3.277452492,1
79017,2.862985293,2.948195344,3.040224708,1
79018,3.317276837,3.301959938,3.272579249,1
79019,3.465628714,3.593136077,2.838513336,1
79020,2.518947479,2.808015587,2.912250947,1
79027,3.232999118,3.19282236,3.095260331,1
79038,3.025768286,3.26524411,2.975495073,1
79044,2.670185578,2.956763256,2.825383746,1
79045,2.957653417,3.066547243,3.353674184,1
79046,3.009028191,3.172118429,2.774298421,1
79047,2.732528001,2.841192457,3.449641964,1
79049,3.140062728,3.017864286,3.256119031,1
79054,1.862620305,2.012275651,3.460794476,1
79056,3.133135792,3.022218541,3.254487671,1
79063,2.85259489,2.86405937,3.078692076,1
79064,2.539728286,2.869846183,2.763547961,1
79065,3.291300828,3.199733101,3.35555017,1
79066,2.557045626,2.489730586,3.505340473,1
79079,3.418294652,3.412025121,3.430053301,1
79082,3.541247764,3.320304564,3.252834704,1
79083,3.416562918,3.391124867,3.299957384,1
79087,3.138908239,3.244146676,2.950516132,1
79088,2.355587241,2.775428543,3.045969193,1
79090,3.248584723,3.373454941,3.280339397,1
79095,2.495280448,2.290416459,3.457787959,1
79096,2.027712277,1.791106232,3.558945377,1
79099,3.532011849,3.433936995,3.26542025,1
79101,3.101964581,3.309320764,3.31739611,1
79105,3.491027479,3.167903915,3.519074298,1
79106,3.039044913,2.955527022,3.344159977,1
79107,3.598972229,3.547963787,3.549284548,1
79109,3.467937693,3.514309397,3.061960993,1
79111,3.280910424,3.035534212,3.43214459,1
79117,3.43041679,3.35356545,3.083487378,1
79121,3.02865451,3.025055365,3.01759403,1
79123,2.995751564,2.72528388,3.545863632,1
79126,2.662681398,2.729020017,3.121758736,1
79129,2.684616695,2.56156251,3.297197809,1
79130,3.175851897,3.558217162,2.7478795,1
79133,3.143526196,3.023398193,3.310178462,1
79140,2.007508714,2.036435381,3.518857453,1
79144,3.046549094,2.950976444,3.029275923,1
79147,2.775244106,3.278194569,3.167626643,1
79149,2.460068524,2.905382359,2.457965898,1
79152,3.598972229,3.492762735,3.183771239,1
79154,3.376733037,3.283334973,3.328332547,1
79157,2.140852229,2.67553272,2.971590305,1
79162,3.015377882,2.897685469,3.461921148,1
79163,3.376155792,3.127732288,3.34974858,1
79169,2.862408049,2.695618533,3.201781018,1
79173,3.244544011,3.062643073,3.424345858,1
79180,3.062711944,3.044298447,3.365714915,1
79184,3.444847906,3.278446617,3.487232689,1
79186,3.01133717,3.038005824,3.386994358,1
79188,2.428320068,2.383823336,3.224010415,1
79190,3.294187051,3.211784246,3.34546028,1
79206,2.832391327,2.976399842,3.382217576,1
79212,2.629201208,2.849563189,3.060703133,1
79215,3.575305199,3.508943521,3.196846811,1
79218,3.37096059,3.361375504,3.44429413,1
79219,3.582232134,3.165881531,3.550459837,1
79229,3.223185959,2.922574766,3.382742328,1
79231,3.284373892,2.999238464,3.564439061,1
79232,2.406962015,2.504366508,3.018171256,1
79234,2.738300448,2.547122911,3.432685547,1
79239,3.007873702,2.965275444,3.452396138,1
79248,2.800065626,3.591787536,2.045275119,1
79252,2.946108524,3.439106548,2.496221823,1
79257,2.933986386,2.982018623,3.073963911,1
79259,3.557410614,3.491582225,2.979301064,1
79266,3.43041679,3.095707636,3.314926691,1
79269,3.3969366,3.247995121,3.537864259,1
79281,3.241080543,3.003200073,3.495533794,1
79284,3.17123394,3.246871193,3.182411516,1
79285,3.156225578,3.238696784,3.311525067,1
79289,2.583021635,3.320304564,2.724873008,1
79311,3.573573465,3.597068538,3.090900264,1
79313,3.375001303,3.273361937,3.313421889,1
79317,3.421180875,3.331428962,3.330488658,1
79318,3.142948951,2.879397425,3.418156105,1
79324,2.648250281,3.255158767,3.289483963,1
79328,2.019053607,2.317328997,2.905476252,1
79333,3.52219869,3.386040187,3.531655986,1
79336,3.083492752,3.172118429,2.976918075,1
79345,2.568013274,2.615864248,3.40883868,1
79348,2.746959118,2.968084835,2.960129116,1
79349,3.547597455,3.455034429,3.581149308,1
79350,3.009605436,3.069188601,2.952260931,1
79364,3.21221831,3.149250659,3.452968734,1
79367,2.630932942,2.918782903,3.339185642,1
79368,3.209909331,3.30330848,3.371325897,1
79369,2.593412039,2.598897312,3.586394508,1
79370,3.093305911,3.491694532,3.571895162,1
79371,1.956133939,1.967243959,3.063001236,1
79372,3.045394605,2.85386172,2.973235555,1
79379,2.345774082,2.823774579,2.77025552,1
79381,2.545500733,2.707445064,2.981312869,1
79382,2.509134319,2.607773855,2.831907642,1
79384,3.302268476,3.472255127,2.989678796,1
79386,3.007873702,3.042922472,2.926339752,1
79387,3.176429141,2.958336412,3.569610178,1
79390,3.154493845,3.173100902,2.88422459,1
79393,3.054053274,2.89903401,3.594178578,1
79397,3.354220495,3.392753747,3.48624415,1
79402,3.481791564,3.297858588,3.101038771,1
79404,3.22087698,3.256029789,3.061936299,1
79405,2.962848619,2.9408911,3.209024903,1
79407,3.087533464,3.386011896,3.128709378,1
79409,2.389644676,2.672329826,2.956461257,1
79412,3.440807194,3.456495278,3.054764953,1
79422,3.550483678,3.282463951,3.339858559,1
79427,3.211641065,3.008762272,3.457540245,1
79429,1.878205911,1.83950885,3.127101169,1
79440,2.215894034,2.565382664,3.54894809,1
79445,2.667299355,2.74348705,2.856195917,1
79448,2.786788999,2.625247458,3.250104453,1
79451,2.8191147,2.70182714,3.467528272,1
79470,2.789097977,3.036826171,3.015858491,1
79471,2.612461113,2.761129542,3.143438688,1
79472,3.327089997,3.145795717,3.555464268,1
79478,3.344407336,3.113742775,3.595369301,1
79482,2.5760947,2.569203675,3.32381737,1
79490,2.438133227,2.615218697,2.88877758,1
79498,3.20355964,3.309151875,3.108896924,1
79499,3.48121432,3.256422435,3.567802101,1
79501,2.599184486,2.811919757,3.0654367,1
79504,2.936872609,2.87585761,3.398802809,1
79510,3.274560733,3.29381382,3.173041615,1
79516,3.446002396,3.148858013,3.344706336,1
79519,2.345774082,2.386857341,2.825004845,1
79520,2.731373512,3.010560042,3.180382734,1
79522,2.882034367,2.874509068,3.110118514,1
79528,2.76831717,2.746689944,3.322522468,1
79531,2.900506196,2.926255179,3.133872006,1
79534,2.839318263,2.69443888,3.321515409,1
79535,3.365188144,3.306370775,3.222398348,1
79540,2.681730472,2.926985603,2.769271611,1
79547,2.792561445,2.954431385,2.756979308,1
79550,2.782748286,2.787789175,3.544104943,1
79551,3.073102348,2.759921599,3.597126447,1
79553,2.730796267,3.144475467,2.812422385,1
79558,1.877051421,2.177879664,3.525196913,1
79559,2.215894034,2.603953701,3.356900634,1
79565,3.459856267,3.268025209,3.600692442,1
79568,2.953612704,2.962774684,3.260765396,1
79570,2.587639593,2.625190876,3.233420444,1
79571,2.794870424,2.731632228,2.956283768,1
79573,2.468727194,2.54529685,3.2883843,1
79582,2.801220115,2.77784443,3.241368113,1
79583,3.4887185,3.502622607,3.379787514,1
79590,3.329398975,3.412952725,3.418372951,1
79602,2.990556362,3.282604549,3.315282442,1
79611,3.482946054,3.504364652,2.835786944,1
79613,3.011914415,3.099162578,2.850297865,1
79615,3.089842443,2.952324985,3.329340379,1
79618,3.066752657,3.177933533,2.784598983,1
79619,2.858367336,2.606650785,3.467310654,1
79621,3.088110709,3.335558603,3.565291783,1
79628,3.526816647,3.385618393,3.201953105,1
79629,3.570109997,3.591928134,3.015928716,1
79631,3.104273559,2.744414655,3.481350071,1
79638,3.570109997,3.467591385,3.399336049,1
79640,2.966312087,3.166668537,3.405057383,1
79647,3.121590899,3.205575639,2.953007158,1
79656,3.118127431,3.313365532,3.057109357,1
79660,3.20471413,3.251366047,2.842306209,1
79661,3.276869712,3.211335018,3.151474331,1
79675,3.16142078,3.071295001,2.976759878,1
79679,3.134867526,3.36966222,2.403915727,1
79701,3.257243393,3.440370216,3.222111278,1
79705,2.419084153,2.360338306,3.371061206,1
79709,3.081761018,3.253445013,2.618621642,1
79712,2.93571812,2.937436159,3.07524878,1
79720,3.08580173,3.463602342,3.300973704,1
79724,2.898197217,2.530436315,3.447025924,1
79726,2.570899498,2.593784342,3.335280102,1
79731,2.990556362,3.272688095,3.14403212,1
79734,2.871066719,2.960921189,2.988718038,1
79737,3.058093987,3.473547087,3.166741511,1
79739,2.040411659,2.656149039,2.29313375,1
79740,3.451197598,3.592405653,2.699457288,1
79751,2.948994747,2.972691995,3.510273908,1
79754,1.79623717,1.954742728,2.842356369,1
79764,3.211641065,2.987608256,3.503158896,1
79765,2.715787906,2.616341767,3.443549446,1
79771,2.803529094,2.583614982,3.447097691,1
79774,3.316122348,3.516415797,2.875384071,1
79778,3.181047099,3.125091787,3.44275383,1
79783,3.380196505,3.54127766,3.205928098,1
79785,3.532589094,3.51877596,2.797527161,1
79787,2.026557787,2.201111789,3.42585992,1
79789,3.193169236,3.111439195,3.37812683,1
79797,3.551638168,3.327523934,3.332660975,1
79802,3.05232154,3.178888572,2.66237974,1
79805,3.447156885,3.292745617,3.112597193,1
79810,3.117550187,3.022639478,3.572256315,1
79816,2.706551992,2.439557632,3.566297299,1
79824,2.763121968,2.749695657,3.285774433,1
79827,3.077720305,2.853300185,3.54243114,1
79829,2.181259355,2.167316802,2.952331926,1
79831,2.274772989,2.201616742,3.465985657,1
79833,2.861830804,2.736689474,3.367646463,1
79838,2.393685388,2.071775234,3.566059617,1
79841,2.688080163,2.560860377,3.111688139,1
79846,3.534320828,3.561925009,3.0608567,1
79847,3.362879165,3.265215819,3.414965154,1
79851,2.631510186,3.212935607,2.738903935,1
79852,3.192014747,3.299600633,3.310182321,1
79854,2.073314604,2.228135777,2.891991683,1
79855,2.127575602,2.138465896,3.256782687,1
79862,3.374424058,3.357217572,3.373698854,1
79865,2.671917312,2.813549495,3.453711103,1
79867,2.413888951,2.434894747,3.319028241,1
79868,2.518370234,2.631146578,3.44131848,1
79873,3.398668334,3.410031028,3.064450476,1
79877,3.228958405,3.279907465,3.174638249,1
79879,3.591468049,3.498043738,3.063101556,1
79881,3.0944604,3.091970641,3.172338603,1
79882,2.368863868,2.351938425,3.413929541,1
79894,3.220299735,3.042444952,3.372766648,1
79899,2.315180115,2.439277293,3.186850296,1
79901,3.228958405,3.243893771,3.138828592,1
79905,2.859521825,2.764331579,3.596865614,1
79908,3.226072182,3.113573886,3.150437175,1
79910,3.202982396,3.300106443,3.070480487,1
79912,2.764853702,2.788687632,3.47634564,1
79917,3.066175412,3.1711351,3.107546461,1
79921,3.164307004,2.997384969,3.283825907,1
79924,3.181047099,3.010138247,3.587264978,1
79926,3.141217217,3.192569455,2.931374279,1
79928,2.55877736,2.488775548,3.500297457,1
79930,2.450255365,2.551083663,3.158357063,1
79931,3.396359355,3.025954679,3.601001891,1
79933,2.987092894,3.252153053,3.53100622,1
79935,2.128730091,2.552432205,2.90596319,1
79937,2.48315831,2.327779553,3.539488673,1
79939,2.268423298,2.299714796,3.25219497,1
79940,2.98651565,3.175292175,3.363328839,1
79955,3.076565816,3.149756469,3.266830134,1
79956,3.435034747,3.456074341,2.839738785,1
79958,2.47449964,2.490657334,3.133752394,1
79959,2.293244818,2.377108918,3.040622902,1
79961,3.533743583,3.235522181,3.35722706,1
79964,3.458701778,3.314067665,3.135088967,1
79967,2.720405863,3.029606801,3.028170087,1
79973,3.007873702,2.877290168,3.402763911,1
79974,2.375213559,2.349916041,3.223618395,1
79976,2.659795175,2.548808374,3.065019214,1
79979,3.582232134,3.457394591,3.420798383,1
79990,3.118127431,2.879846653,3.298445637,1
79991,2.737145958,2.892319593,3.590930521,1
79994,3.589736315,3.528270619,3.255611256,1
79996,2.116607954,2.189059787,3.297018776,1
80001,2.808724296,2.74348705,3.019225389,1
80129,3.58915907,3.568976348,2.900720306,0
80130,2.808724296,3.2046206,2.873160823,0
80406,2.406962015,3.396855955,3.349373537,0
80805,2.913205578,3.540547236,2.552654211,0
80931,2.899351707,3.291481949,2.923640369,0
81028,3.442538928,3.396995696,3.161413741,0
81115,3.130249569,3.426661042,3.343499408,0
81337,3.009028191,3.392445117,2.513418236,0
81466,2.91955527,2.853300185,3.496416611,0
81523,3.000946766,3.166977167,3.136144643,0
81554,2.879725388,3.203946758,2.736480047,0
81591,3.076565816,3.036179763,3.248870515,0
81643,3.545865721,3.577095032,2.975856997,1
81644,3.470246671,3.273418519,3.310555049,1
81650,3.026922776,3.077756514,3.121389095,1
81651,3.425221588,3.337103467,3.165277609,1
81658,3.386546196,3.297297053,3.32454199,1
81662,3.115818453,3.237881486,2.866396931,1
81663,2.853172134,3.07343055,2.643668492,1
81668,3.450043108,3.591646938,3.256268739,1
81670,3.153339355,3.130317064,3.102930963,1
81671,3.257820638,2.991400976,3.457113499,1
81699,2.614192847,3.177174818,2.517497407,1
81708,3.265324818,3.093291749,3.504990124,1
81709,3.050012562,2.961145803,3.292307588,1
81719,3.219722491,2.997384969,3.306735167,1
81722,2.783902776,2.637524075,3.227237637,1
81733,2.321529806,2.46436377,3.377287228,1
81741,3.57299622,3.236899014,3.55793523,1
81744,2.547232467,3.063429222,2.183555615,1
81746,3.396359355,3.203693853,3.24373181,1
81747,2.83527755,2.677471088,3.398827503,1
81750,3.537207051,3.491245304,3.408192001,1
81762,2.33192021,2.341460436,3.46471082,1
81768,3.016532372,2.981596829,3.155168427,1
81770,2.317489094,2.548752649,2.734829395,1
81776,3.550483678,3.224875303,3.347996065,1
81780,2.917246291,2.943447586,3.116384664,1
81783,2.404075792,2.43888379,3.12587572,1
81785,2.437555982,2.418151568,3.560386128,1
81791,3.417717408,3.311061952,3.311582172,1
81796,3.222608714,3.166695971,3.481636369,1
81801,3.406172514,3.386124203,3.115084361,1
81808,2.885497835,2.882852367,3.350855188,1
81817,2.901660685,2.860519555,3.310889192,1
81819,3.083492752,3.302718653,2.803899033,1
81821,2.498166671,2.849450882,2.504350068,1
81822,3.267056552,3.367948466,3.120688398,1
81823,3.246852989,2.927181926,3.589951242,1
81830,2.939758833,3.195491153,3.051088606,1
81831,2.966889331,3.144700081,2.941282821,1
81834,1.773147383,2.047812684,3.037197355,1
81836,2.877993654,3.085846907,3.126381179,1
81839,3.428685056,3.141413171,3.471380565,1
81840,3.429262301,3.577123323,2.777281015,1
81841,2.896465483,3.040562309,3.133120377,1
81842,2.616501825,2.912827201,2.759022752,1
81845,2.858944581,2.675392121,3.354851016,1
81849,3.004410234,2.796159907,3.518955458,1
81851,3.352488761,3.305696076,3.279869436,1
81853,3.263593084,3.250860236,3.178423405,1
81854,2.6678766,3.244118385,2.463195664,1
81857,2.77697584,2.882094509,3.419761228,1
81861,2.978434225,2.892376175,3.233520764,1
81874,2.880302633,2.923726984,3.108819755,1
81878,3.596663251,3.350784351,3.234271621,1
81881,3.394050377,3.436409464,3.415201292,1
81883,2.844513464,2.937689064,3.129999649,1
81886,3.531434605,3.371404265,3.393198,1
81888,3.478905341,3.300386782,3.388225209,1
81892,2.686348429,2.939515125,2.712115374,1
81893,2.090054699,2.363596924,2.87654547,1
81894,2.671917312,2.86846935,2.685172473,1
81897,3.340366624,3.425285067,3.362651292,1
81902,3.208754842,3.008733981,3.495137144,1
81909,3.349025293,3.249484261,3.290236364,1
81911,3.314390614,3.39840082,3.079540939,1
81920,3.437343726,3.164673587,3.285347686,1
81929,3.350757027,3.368594875,3.232350877,1
81931,2.785057265,2.728373609,3.422883499,1
81938,3.525662158,3.525461229,2.930448247,1
81946,3.483523298,3.43090299,3.320666546,1
81948,2.570322253,3.026319891,3.552005539,1
81952,3.459856267,3.427616938,3.581398565,1
81953,2.610152134,2.95386985,3.045832603,1
81954,3.503726861,3.359998671,3.435715215,1
81960,3.235308096,3.058485141,3.325528986,1
81961,2.813919498,3.131665606,3.029447239,1
81962,3.417717408,3.29330801,3.598184438,1
81964,2.635550899,2.941537509,3.356618966,1
81965,2.995751564,2.783631243,3.342967711,1
81969,3.104273559,3.030111754,3.21945048,1
81975,3.126208856,3.241027798,3.309193782,1
81977,3.234730852,3.312916304,2.925478542,1
81979,2.885497835,2.8220051,3.380755217,1
81984,2.473345151,2.847232175,2.935751324,1
81993,3.074834082,2.928137822,3.429641989,1
81998,3.198941683,3.08542597,3.269033318,1
82000,2.471613417,2.802480822,2.517419466,1
82002,2.799488381,2.597773385,3.390622088,1
82005,2.625160495,2.664885841,3.43697076,1
82007,3.500263393,3.320529178,3.473346839,1
82009,2.912051089,3.001092816,3.113355768,1
82015,3.088110709,2.987805436,3.521728923,1
82016,2.806415317,2.89392104,3.234668272,1
82025,3.446002396,3.422026448,3.349668324,1
82034,2.802951849,2.752223851,3.55942074,1
82035,2.925327716,2.720030311,3.34627596,1
82038,2.842204486,3.043624605,2.802357961,1
82041,3.346716315,3.230633825,3.274306299,1
82045,3.458701778,3.155122345,3.493464112,1
82047,3.231844628,3.261563697,3.137775231,1
82048,3.000946766,2.812229244,3.521450342,1
82056,3.354220495,3.184787692,3.588221106,1
82060,3.175274652,3.034269686,3.489729117,1
82063,3.538938785,3.438516722,3.47665123,1
82067,2.682884961,2.789221733,3.094101248,1
82070,3.352488761,3.310106913,3.19263568,1
82072,2.611306624,2.83498385,2.884901365,1
82075,3.19490097,3.393653061,3.453669432,1
82077,2.7596585,2.666093785,3.268642841,1
82080,2.648827526,2.571703578,3.499939391,1
82087,2.012703916,2.134252238,3.004536207,1
82098,3.242235032,3.290751524,3.382623487,1
82101,3.567801018,3.466889251,3.343551883,1
82107,2.761967479,3.292577585,3.024224419,1
82115,3.350179783,3.218048578,3.55137275,1
82116,2.857790091,2.932941305,3.546688572,1
82118,3.174120163,3.305864965,3.074203136,1
82123,2.679998738,2.874874281,3.292519804,1
82127,2.574362966,2.481780791,3.521720435,1
82128,2.354432752,2.693904779,2.978842678,1
82129,3.182201588,3.367078301,2.70964827,1
82131,2.940336077,3.040309404,3.163166256,1
82138,2.819691944,3.123069403,3.033664543,1
82139,2.800065626,2.722278166,3.430399792,1
82143,2.546655222,2.637467493,3.103645551,1
82150,2.95303546,2.905551248,3.50526639,1
82152,3.413676695,3.30561206,3.593280327,1
82157,3.168347716,3.257574654,3.103688766,1
82161,3.243389521,3.235943118,3.155835941,1
82177,2.438133227,2.721294836,3.440007373,1
82205,2.793715935,2.887010299,3.249598994,1
82208,3.260706861,3.453714178,2.741374126,1
82211,3.485255032,3.328423248,3.414019829,1
82216,3.035581445,3.079862914,3.331942529,1
82222,2.932831897,2.848720458,3.321417404,1
82236,2.921864248,2.658424329,3.595059852,1
82240,2.480849331,2.556618428,3.089017333,1
82246,3.415985674,3.44256149,3.135741047,1
82250,3.570109997,3.38463592,3.515377887,1
82252,3.297650519,3.213638598,3.307948269,1
82255,3.495645436,3.448825822,3.177128503,1
82258,3.077720305,3.021375809,3.205734403,1
82260,3.435611992,3.389832907,2.925144399,1
82263,3.256088904,3.548413015,3.122300465,1
82266,2.924750472,2.769725746,3.003570047,1
82268,2.626892229,2.659969193,3.514159384,1
82270,2.343465103,2.944543222,3.026040213,1
82272,3.287260115,3.2326845,3.295564906,1
82274,3.208177597,3.170207495,3.340874107,1
82275,3.255511659,3.223948555,3.15672416,1
82285,3.248584723,3.125653322,3.345794424,1
82287,3.604744676,3.336794837,3.486439388,1
82292,2.744072894,2.642327558,3.575289841,1
82295,3.493336457,3.38443874,3.257903186,1
82298,1.950361493,2.303198886,2.424789259,1
82309,3.29534154,3.512033251,2.843132693,1
82311,2.797179403,3.517062206,2.655043251,1
82314,3.003255745,3.133884313,3.580296587,1
82315,2.274772989,2.472032369,3.523073985,1
82317,3.436189236,3.214565345,3.43435472,1
82318,3.368074367,3.242685827,3.286674227,1
82319,3.320163061,3.166303325,3.382955315,1
82328,2.931100163,2.975810016,3.057114759,1
82337,2.78448002,2.678397835,3.343500951,1
82340,2.714056172,2.634039985,3.177666373,1
82341,2.670762823,2.93530061,3.107046403,1
82354,3.223763203,3.106634854,3.238559921,1
82355,2.755617787,2.983843827,3.0417434,1
82356,2.959962396,2.598728423,3.569385616,1
82357,3.567801018,3.438825352,3.322908315,1
82366,3.563760305,3.589764294,3.249481696,1
82370,2.61707907,2.860940492,3.130677968,1
82373,3.293032562,3.241280703,3.57332511,1
82376,3.033272467,3.282661131,2.793692617,1
82378,3.152762111,3.267575124,2.994186256,1
82379,1.929003441,2.379103868,2.914433296,1
82382,3.181047099,3.008312186,3.481736689,1
82393,2.721560353,3.080733936,2.926073518,1
82394,1.952093227,2.014832137,3.426468014,1
82397,3.383082728,3.384157544,3.392420134,1
82400,3.515271754,3.541193644,3.410825791,1
82408,3.478905341,3.29920713,3.342749322,1
82410,3.222031469,3.150290571,3.184448014,1
82411,3.365765388,3.403710113,3.332439499,1
82416,2.543191754,2.930019608,2.814925759,1
82420,2.855481113,3.067305958,3.020967101,1
82424,3.190860258,2.890072595,3.444281011,1
82426,2.480272087,2.422842744,3.173148109,1
82429,3.273983488,3.497987155,3.428932031,1
82440,3.173542918,3.078711552,3.305671002,1
82442,3.356529474,3.388680688,2.959231636,1
82458,3.252048191,3.476187588,2.938788709,1
82460,3.465628714,3.263838986,3.592289473,1
82476,3.233576362,3.064019049,3.594718764,1
82479,2.427742823,2.683089011,2.662004697,1
82480,3.286682871,3.277969097,3.494133171,1
82482,2.958807906,3.222936935,2.914849239,1
82488,3.439652704,3.154673117,3.550979958,1
82496,2.887229569,3.115905757,2.633164974,1
82498,3.560296837,3.427391467,3.468063055,1
82503,3.430994035,3.516837592,2.954670157,1
82504,3.280910424,3.068064674,3.35113377,1
82505,3.197787194,3.099556081,3.517248472,1
82512,2.051379308,2.872935913,1.917424829,1
82517,2.305366956,2.353370983,3.02398365,1
82519,2.951303726,2.727165665,3.399534374,1
82521,2.754463298,2.945751166,3.047111299,1
82524,3.096192134,3.139109591,3.088602162,1
82525,2.688080163,2.906000476,3.323440783,1
82530,2.930522918,3.061041626,2.799521217,1
82535,2.241292799,2.721182529,2.116115793,1
82538,3.57299622,3.597714947,3.076603102,1
82539,3.17007945,3.114500633,3.283607518,1
82552,3.317276837,3.164224359,3.279202693,1
82563,3.565492039,3.411322987,3.538833506,1
82566,3.312081636,3.172511075,3.515918844,1
82568,2.861253559,2.657525015,3.357815862,1
82569,3.175851897,3.224791287,3.28254181,1
82581,2.300171754,2.156529325,3.524317183,1
82583,3.504304106,3.404861475,3.423834997,1
82588,3.111200495,3.12908083,3.187134279,1
82589,3.328244486,3.38772565,3.043029813,1
82599,2.591103061,2.58864308,3.59426578,1
82601,3.055207764,2.88195391,3.270217867,1
82602,2.412734462,2.446945892,3.484159806,1
82603,2.446214652,2.647075317,2.853325218,1
82612,2.754463298,3.038764539,2.846180881,1
82615,3.210486576,2.910972848,3.361695164,1
82616,3.381928239,3.422503967,3.269669965,1
82617,3.326512752,3.587011486,2.982367002,1
82618,3.410213227,3.476581091,3.484473114,1
82622,2.730219023,3.254849279,2.420321155,1
82624,2.91955527,2.933053612,3.174618957,1
82628,3.247430234,3.289655888,2.942701965,1
82630,2.076200828,2.161838619,3.500207169,1
82641,3.263593084,3.255720302,3.231292885,1
82643,3.101387336,3.036179763,3.046920691,1
82647,3.151030377,3.303617967,2.794693503,1
82651,2.766585436,2.900662891,3.21441055,1
82654,2.805260828,2.798772975,3.114330417,1
82655,3.208754842,2.944880143,3.577351806,1
82662,2.824887146,2.628449495,3.498200766,1
82668,3.478328096,3.324237025,3.546572046,1
82672,3.144103441,2.874677958,3.484016271,1
82674,2.781593797,2.832174459,3.40622264,1
82680,3.331130709,3.483885335,2.999522516,1
82682,2.537419308,2.646120278,3.03382737,1
82683,2.702511279,2.899258624,3.556916595,1
82687,2.979588714,2.970640463,3.009021289,1
82691,3.570109997,3.443236189,3.210546682,1
82692,2.977279735,3.020869999,3.063635568,1
82699,3.592045294,3.301286096,3.341010697,1
82711,3.098501113,2.925355865,3.327425036,1
82715,3.114086719,3.366881121,2.579704377,1
82724,3.332285198,3.586309353,2.850801009,1
82728,2.502784628,2.953082843,2.611721932,1
82738,3.093305911,3.104669052,3.358912438,1
82739,3.398091089,3.331260072,3.156674,1
82740,2.84393622,3.105567508,3.584902825,1
82743,3.356529474,3.282463951,3.211889428,1
82753,3.35479774,3.230409211,3.376057149,1
82760,2.898774462,3.064806055,3.031287728,1
82761,3.46389698,3.33288981,2.972622059,1
82769,3.465628714,3.541081337,3.054388367,1
82771,2.99401983,2.902601259,3.280206666,1
82781,3.146412419,3.248023412,3.186640395,1
82786,3.278601445,3.400394912,3.604962221,1
82787,3.603012942,3.449023002,3.34993533,1
82790,2.727332799,2.963898611,2.980923935,1
82793,3.313813369,3.295864495,3.45210984,1
82794,2.613038357,2.48534804,3.340718225,1
82798,3.324203773,3.569369851,2.866585224,1
82800,3.560296837,3.480879622,3.262619775,1
82801,2.950149236,2.771101721,3.31663985,1
82804,3.327089997,3.27802568,3.08710662,1
82807,2.906278643,2.696741603,3.525953173,1
82809,2.890693037,3.15026228,2.958547144,1
82811,3.338057645,3.297549958,3.106860425,1
82813,3.444847906,3.405170962,3.026821167,1
82817,2.437555982,2.255582417,3.427779893,1
82819,3.454083821,3.142143595,3.343840496,1
82820,2.777553084,2.786159437,3.440199525,1
82826,3.073679593,3.269598365,3.277452492,1
82827,2.862985293,2.948195344,3.040224708,1
82828,3.317276837,3.301959938,3.272579249,1
82829,3.465628714,3.593136077,2.838513336,1
82830,2.518947479,2.808015587,2.912250947,1
82837,3.232999118,3.19282236,3.095260331,1
82848,3.025768286,3.26524411,2.975495073,1
82854,2.670185578,2.956763256,2.825383746,1
82855,2.957653417,3.066547243,3.353674184,1
82856,3.009028191,3.172118429,2.774298421,1
82857,2.732528001,2.841192457,3.449641964,1
82859,3.140062728,3.017864286,3.256119031,1
82864,1.862620305,2.012275651,3.460794476,1
82866,3.133135792,3.022218541,3.254487671,1
82873,2.85259489,2.86405937,3.078692076,1
82874,2.539728286,2.869846183,2.763547961,1
82875,3.291300828,3.199733101,3.35555017,1
82876,2.557045626,2.489730586,3.505340473,1
82889,3.418294652,3.412025121,3.430053301,1
82892,3.541247764,3.320304564,3.252834704,1
82893,3.416562918,3.391124867,3.299957384,1
82897,3.138908239,3.244146676,2.950516132,1
82898,2.355587241,2.775428543,3.045969193,1
82900,3.248584723,3.373454941,3.280339397,1
82905,2.495280448,2.290416459,3.457787959,1
82906,2.027712277,1.791106232,3.558945377,1
82909,3.532011849,3.433936995,3.26542025,1
82911,3.101964581,3.309320764,3.31739611,1
82915,3.491027479,3.167903915,3.519074298,1
82916,3.039044913,2.955527022,3.344159977,1
82917,3.598972229,3.547963787,3.549284548,1
82919,3.467937693,3.514309397,3.061960993,1
82921,3.280910424,3.035534212,3.43214459,1
82927,3.43041679,3.35356545,3.083487378,1
82931,3.02865451,3.025055365,3.01759403,1
82933,2.995751564,2.72528388,3.545863632,1
82936,2.662681398,2.729020017,3.121758736,1
82939,2.684616695,2.56156251,3.297197809,1
82940,3.175851897,3.558217162,2.7478795,1
82943,3.143526196,3.023398193,3.310178462,1
82950,2.007508714,2.036435381,3.518857453,1
82954,3.046549094,2.950976444,3.029275923,1
82957,2.775244106,3.278194569,3.167626643,1
82959,2.460068524,2.905382359,2.457965898,1
82962,3.598972229,3.492762735,3.183771239,1
82964,3.376733037,3.283334973,3.328332547,1
82967,2.140852229,2.67553272,2.971590305,1
82972,3.015377882,2.897685469,3.461921148,1
82973,3.376155792,3.127732288,3.34974858,1
82979,2.862408049,2.695618533,3.201781018,1
82983,3.244544011,3.062643073,3.424345858,1
82990,3.062711944,3.044298447,3.365714915,1
82994,3.444847906,3.278446617,3.487232689,1
82996,3.01133717,3.038005824,3.386994358,1
82998,2.428320068,2.383823336,3.224010415,1
83000,3.294187051,3.211784246,3.34546028,1
83016,2.832391327,2.976399842,3.382217576,1
83022,2.629201208,2.849563189,3.060703133,1
83025,3.575305199,3.508943521,3.196846811,1
83028,3.37096059,3.361375504,3.44429413,1
83029,3.582232134,3.165881531,3.550459837,1
83039,3.223185959,2.922574766,3.382742328,1
83041,3.284373892,2.999238464,3.564439061,1
83042,2.406962015,2.504366508,3.018171256,1
83044,2.738300448,2.547122911,3.432685547,1
83049,3.007873702,2.965275444,3.452396138,1
83058,2.800065626,3.591787536,2.045275119,1
83062,2.946108524,3.439106548,2.496221823,1
83067,2.933986386,2.982018623,3.073963911,1
83069,3.557410614,3.491582225,2.979301064,1
83076,3.43041679,3.095707636,3.314926691,1
83079,3.3969366,3.247995121,3.537864259,1
83091,3.241080543,3.003200073,3.495533794,1
83094,3.17123394,3.246871193,3.182411516,1
83095,3.156225578,3.238696784,3.311525067,1
83099,2.583021635,3.320304564,2.724873008,1
83121,3.573573465,3.597068538,3.090900264,1
83123,3.375001303,3.273361937,3.313421889,1
83127,3.421180875,3.331428962,3.330488658,1
83128,3.142948951,2.879397425,3.418156105,1
83134,2.648250281,3.255158767,3.289483963,1
83138,2.019053607,2.317328997,2.905476252,1
83143,3.52219869,3.386040187,3.531655986,1
83146,3.083492752,3.172118429,2.976918075,1
83155,2.568013274,2.615864248,3.40883868,1
83158,2.746959118,2.968084835,2.960129116,1
83159,3.547597455,3.455034429,3.581149308,1
83160,3.009605436,3.069188601,2.952260931,1
83174,3.21221831,3.149250659,3.452968734,1
83177,2.630932942,2.918782903,3.339185642,1
83178,3.209909331,3.30330848,3.371325897,1
83179,2.593412039,2.598897312,3.586394508,1
83180,3.093305911,3.491694532,3.571895162,1
83181,1.956133939,1.967243959,3.063001236,1
83182,3.045394605,2.85386172,2.973235555,1
83189,2.345774082,2.823774579,2.77025552,1
83191,2.545500733,2.707445064,2.981312869,1
83192,2.509134319,2.607773855,2.831907642,1
83194,3.302268476,3.472255127,2.989678796,1
83196,3.007873702,3.042922472,2.926339752,1
83197,3.176429141,2.958336412,3.569610178,1
83200,3.154493845,3.173100902,2.88422459,1
83203,3.054053274,2.89903401,3.594178578,1
83207,3.354220495,3.392753747,3.48624415,1
83212,3.481791564,3.297858588,3.101038771,1
83214,3.22087698,3.256029789,3.061936299,1
83215,2.962848619,2.9408911,3.209024903,1
83217,3.087533464,3.386011896,3.128709378,1
83219,2.389644676,2.672329826,2.956461257,1
83222,3.440807194,3.456495278,3.054764953,1
83232,3.550483678,3.282463951,3.339858559,1
83237,3.211641065,3.008762272,3.457540245,1
83239,1.878205911,1.83950885,3.127101169,1
83250,2.215894034,2.565382664,3.54894809,1
83255,2.667299355,2.74348705,2.856195917,1
83258,2.786788999,2.625247458,3.250104453,1
83261,2.8191147,2.70182714,3.467528272,1
83280,2.789097977,3.036826171,3.015858491,1
83281,2.612461113,2.761129542,3.143438688,1
83282,3.327089997,3.145795717,3.555464268,1
83288,3.344407336,3.113742775,3.595369301,1
83292,2.5760947,2.569203675,3.32381737,1
83300,2.438133227,2.615218697,2.88877758,1
83308,3.20355964,3.309151875,3.108896924,1
83309,3.48121432,3.256422435,3.567802101,1
83311,2.599184486,2.811919757,3.0654367,1
83314,2.936872609,2.87585761,3.398802809,1
83320,3.274560733,3.29381382,3.173041615,1
83326,3.446002396,3.148858013,3.344706336,1
83329,2.345774082,2.386857341,2.825004845,1
83330,2.731373512,3.010560042,3.180382734,1
83332,2.882034367,2.874509068,3.110118514,1
83338,2.76831717,2.746689944,3.322522468,1
83341,2.900506196,2.926255179,3.133872006,1
83344,2.839318263,2.69443888,3.321515409,1
83345,3.365188144,3.306370775,3.222398348,1
83350,2.681730472,2.926985603,2.769271611,1
83357,2.792561445,2.954431385,2.756979308,1
83360,2.782748286,2.787789175,3.544104943,1
83361,3.073102348,2.759921599,3.597126447,1
83363,2.730796267,3.144475467,2.812422385,1
83368,1.877051421,2.177879664,3.525196913,1
83369,2.215894034,2.603953701,3.356900634,1
83375,3.459856267,3.268025209,3.600692442,1
83378,2.953612704,2.962774684,3.260765396,1
83380,2.587639593,2.625190876,3.233420444,1
83381,2.794870424,2.731632228,2.956283768,1
83383,2.468727194,2.54529685,3.2883843,1
83392,2.801220115,2.77784443,3.241368113,1
83393,3.4887185,3.502622607,3.379787514,1
83400,3.329398975,3.412952725,3.418372951,1
83412,2.990556362,3.282604549,3.315282442,1
83421,3.482946054,3.504364652,2.835786944,1
83423,3.011914415,3.099162578,2.850297865,1
83425,3.089842443,2.952324985,3.329340379,1
83428,3.066752657,3.177933533,2.784598983,1
83429,2.858367336,2.606650785,3.467310654,1
83431,3.088110709,3.335558603,3.565291783,1
83438,3.526816647,3.385618393,3.201953105,1
83439,3.570109997,3.591928134,3.015928716,1
83441,3.104273559,2.744414655,3.481350071,1
83448,3.570109997,3.467591385,3.399336049,1
83450,2.966312087,3.166668537,3.405057383,1
83457,3.121590899,3.205575639,2.953007158,1
83466,3.118127431,3.313365532,3.057109357,1
83470,3.20471413,3.251366047,2.842306209,1
83471,3.276869712,3.211335018,3.151474331,1
83485,3.16142078,3.071295001,2.976759878,1
83489,3.134867526,3.36966222,2.403915727,1
83511,3.257243393,3.440370216,3.222111278,1
83515,2.419084153,2.360338306,3.371061206,1
83519,3.081761018,3.253445013,2.618621642,1
83522,2.93571812,2.937436159,3.07524878,1
83530,3.08580173,3.463602342,3.300973704,1
83534,2.898197217,2.530436315,3.447025924,1
83536,2.570899498,2.593784342,3.335280102,1
83541,2.990556362,3.272688095,3.14403212,1
83544,2.871066719,2.960921189,2.988718038,1
83547,3.058093987,3.473547087,3.166741511,1
83549,2.040411659,2.656149039,2.29313375,1
83550,3.451197598,3.592405653,2.699457288,1
83561,2.948994747,2.972691995,3.510273908,1
83564,1.79623717,1.954742728,2.842356369,1
83574,3.211641065,2.987608256,3.503158896,1
83575,2.715787906,2.616341767,3.443549446,1
83581,2.803529094,2.583614982,3.447097691,1
83584,3.316122348,3.516415797,2.875384071,1
83588,3.181047099,3.125091787,3.44275383,1
83593,3.380196505,3.54127766,3.205928098,1
83595,3.532589094,3.51877596,2.797527161,1
83597,2.026557787,2.201111789,3.42585992,1
83599,3.193169236,3.111439195,3.37812683,1
83607,3.551638168,3.327523934,3.332660975,1
83612,3.05232154,3.178888572,2.66237974,1
83615,3.447156885,3.292745617,3.112597193,1
83620,3.117550187,3.022639478,3.572256315,1
83626,2.706551992,2.439557632,3.566297299,1
83634,2.763121968,2.749695657,3.285774433,1
83637,3.077720305,2.853300185,3.54243114,1
83639,2.181259355,2.167316802,2.952331926,1
83641,2.274772989,2.201616742,3.465985657,1
83643,2.861830804,2.736689474,3.367646463,1
83648,2.393685388,2.071775234,3.566059617,1
83651,2.688080163,2.560860377,3.111688139,1
83656,3.534320828,3.561925009,3.0608567,1
83657,3.362879165,3.265215819,3.414965154,1
83661,2.631510186,3.212935607,2.738903935,1
83662,3.192014747,3.299600633,3.310182321,1
83664,2.073314604,2.228135777,2.891991683,1
83665,2.127575602,2.138465896,3.256782687,1
83672,3.374424058,3.357217572,3.373698854,1
83675,2.671917312,2.813549495,3.453711103,1
83677,2.413888951,2.434894747,3.319028241,1
83678,2.518370234,2.631146578,3.44131848,1
83683,3.398668334,3.410031028,3.064450476,1
83687,3.228958405,3.279907465,3.174638249,1
83689,3.591468049,3.498043738,3.063101556,1
83691,3.0944604,3.091970641,3.172338603,1
83692,2.368863868,2.351938425,3.413929541,1
83704,3.220299735,3.042444952,3.372766648,1
83709,2.315180115,2.439277293,3.186850296,1
83711,3.228958405,3.243893771,3.138828592,1
83715,2.859521825,2.764331579,3.596865614,1
83718,3.226072182,3.113573886,3.150437175,1
83720,3.202982396,3.300106443,3.070480487,1
83722,2.764853702,2.788687632,3.47634564,1
83727,3.066175412,3.1711351,3.107546461,1
83731,3.164307004,2.997384969,3.283825907,1
83734,3.181047099,3.010138247,3.587264978,1
83736,3.141217217,3.192569455,2.931374279,1
83738,2.55877736,2.488775548,3.500297457,1
83740,2.450255365,2.551083663,3.158357063,1
83741,3.396359355,3.025954679,3.601001891,1
83743,2.987092894,3.252153053,3.53100622,1
83745,2.128730091,2.552432205,2.90596319,1
83747,2.48315831,2.327779553,3.539488673,1
83749,2.268423298,2.299714796,3.25219497,1
83750,2.98651565,3.175292175,3.363328839,1
83765,3.076565816,3.149756469,3.266830134,1
83766,3.435034747,3.456074341,2.839738785,1
83768,2.47449964,2.490657334,3.133752394,1
83769,2.293244818,2.377108918,3.040622902,1
83771,3.533743583,3.235522181,3.35722706,1
83774,3.458701778,3.314067665,3.135088967,1
83777,2.720405863,3.029606801,3.028170087,1
83783,3.007873702,2.877290168,3.402763911,1
83784,2.375213559,2.349916041,3.223618395,1
83786,2.659795175,2.548808374,3.065019214,1
83789,3.582232134,3.457394591,3.420798383,1
83800,3.118127431,2.879846653,3.298445637,1
83801,2.737145958,2.892319593,3.590930521,1
83804,3.589736315,3.528270619,3.255611256,1
83806,2.116607954,2.189059787,3.297018776,1
83811,2.808724296,2.74348705,3.019225389,1
83939,3.58915907,3.568976348,2.900720306,0
83940,2.808724296,3.2046206,2.873160823,0
84216,2.406962015,3.396855955,3.349373537,0
84615,2.913205578,3.540547236,2.552654211,0
84741,2.899351707,3.291481949,2.923640369,0
84838,3.442538928,3.396995696,3.161413741,0
84925,3.130249569,3.426661042,3.343499408,0
85147,3.009028191,3.392445117,2.513418236,0
85276,2.91955527,2.853300185,3.496416611,0
85333,3.000946766,3.166977167,3.136144643,0
85364,2.879725388,3.203946758,2.736480047,0
85401,3.076565816,3.036179763,3.248870515,0
85453,3.545865721,3.577095032,2.975856997,1
85454,3.470246671,3.273418519,3.310555049,1
85460,3.026922776,3.077756514,3.121389095,1
85461,3.425221588,3.337103467,3.165277609,1
85468,3.386546196,3.297297053,3.32454199,1
85472,3.115818453,3.237881486,2.866396931,1
85473,2.853172134,3.07343055,2.643668492,1
85478,3.450043108,3.591646938,3.256268739,1
85480,3.153339355,3.130317064,3.102930963,1
85481,3.257820638,2.991400976,3.457113499,1
85509,2.614192847,3.177174818,2.517497407,1
85518,3.265324818,3.093291749,3.504990124,1
85519,3.050012562,2.961145803,3.292307588,1
85529,3.219722491,2.997384969,3.306735167,1
85532,2.783902776,2.637524075,3.227237637,1
85543,2.321529806,2.46436377,3.377287228,1
85551,3.57299622,3.236899014,3.55793523,1
85554,2.547232467,3.063429222,2.183555615,1
85556,3.396359355,3.203693853,3.24373181,1
85557,2.83527755,2.677471088,3.398827503,1
85560,3.537207051,3.491245304,3.408192001,1
85572,2.33192021,2.341460436,3.46471082,1
85578,3.016532372,2.981596829,3.155168427,1
85580,2.317489094,2.548752649,2.734829395,1
85586,3.550483678,3.224875303,3.347996065,1
85590,2.917246291,2.943447586,3.116384664,1
85593,2.404075792,2.43888379,3.12587572,1
85595,2.437555982,2.418151568,3.560386128,1
85601,3.417717408,3.311061952,3.311582172,1
85606,3.222608714,3.166695971,3.481636369,1
85611,3.406172514,3.386124203,3.115084361,1
85618,2.885497835,2.882852367,3.350855188,1
85627,2.901660685,2.860519555,3.310889192,1
85629,3.083492752,3.302718653,2.803899033,1
85631,2.498166671,2.849450882,2.504350068,1
85632,3.267056552,3.367948466,3.120688398,1
85633,3.246852989,2.927181926,3.589951242,1
85640,2.939758833,3.195491153,3.051088606,1
85641,2.966889331,3.144700081,2.941282821,1
85644,1.773147383,2.047812684,3.037197355,1
85646,2.877993654,3.085846907,3.126381179,1
85649,3.428685056,3.141413171,3.471380565,1
85650,3.429262301,3.577123323,2.777281015,1
85651,2.896465483,3.040562309,3.133120377,1
85652,2.616501825,2.912827201,2.759022752,1
85655,2.858944581,2.675392121,3.354851016,1
85659,3.004410234,2.796159907,3.518955458,1
85661,3.352488761,3.305696076,3.279869436,1
85663,3.263593084,3.250860236,3.178423405,1
85664,2.6678766,3.244118385,2.463195664,1
85667,2.77697584,2.882094509,3.419761228,1
85671,2.978434225,2.892376175,3.233520764,1
85684,2.880302633,2.923726984,3.108819755,1
85688,3.596663251,3.350784351,3.234271621,1
85691,3.394050377,3.436409464,3.415201292,1
85693,2.844513464,2.937689064,3.129999649,1
85696,3.531434605,3.371404265,3.393198,1
85698,3.478905341,3.300386782,3.388225209,1
85702,2.686348429,2.939515125,2.712115374,1
85703,2.090054699,2.363596924,2.87654547,1
85704,2.671917312,2.86846935,2.685172473,1
85707,3.340366624,3.425285067,3.362651292,1
85712,3.208754842,3.008733981,3.495137144,1
85719,3.349025293,3.249484261,3.290236364,1
85721,3.314390614,3.39840082,3.079540939,1
85730,3.437343726,3.164673587,3.285347686,1
85739,3.350757027,3.368594875,3.232350877,1
85741,2.785057265,2.728373609,3.422883499,1
85748,3.525662158,3.525461229,2.930448247,1
85756,3.483523298,3.43090299,3.320666546,1
85758,2.570322253,3.026319891,3.552005539,1
85762,3.459856267,3.427616938,3.581398565,1
85763,2.610152134,2.95386985,3.045832603,1
85764,3.503726861,3.359998671,3.435715215,1
85770,3.235308096,3.058485141,3.325528986,1
85771,2.813919498,3.131665606,3.029447239,1
85772,3.417717408,3.29330801,3.598184438,1
85774,2.635550899,2.941537509,3.356618966,1
85775,2.995751564,2.783631243,3.342967711,1
85779,3.104273559,3.030111754,3.21945048,1
85785,3.126208856,3.241027798,3.309193782,1
85787,3.234730852,3.312916304,2.925478542,1
85789,2.885497835,2.8220051,3.380755217,1
85794,2.473345151,2.847232175,2.935751324,1
85803,3.074834082,2.928137822,3.429641989,1
85808,3.198941683,3.08542597,3.269033318,1
85810,2.471613417,2.802480822,2.517419466,1
85812,2.799488381,2.597773385,3.390622088,1
85815,2.625160495,2.664885841,3.43697076,1
85817,3.500263393,3.320529178,3.473346839,1
85819,2.912051089,3.001092816,3.113355768,1
85825,3.088110709,2.987805436,3.521728923,1
85826,2.806415317,2.89392104,3.234668272,1
85835,3.446002396,3.422026448,3.349668324,1
85844,2.802951849,2.752223851,3.55942074,1
85845,2.925327716,2.720030311,3.34627596,1
85848,2.842204486,3.043624605,2.802357961,1
85851,3.346716315,3.230633825,3.274306299,1
85855,3.458701778,3.155122345,3.493464112,1
85857,3.231844628,3.261563697,3.137775231,1
85858,3.000946766,2.812229244,3.521450342,1
85866,3.354220495,3.184787692,3.588221106,1
85870,3.175274652,3.034269686,3.489729117,1
85873,3.538938785,3.438516722,3.47665123,1
85877,2.682884961,2.789221733,3.094101248,1
85880,3.352488761,3.310106913,3.19263568,1
85882,2.611306624,2.83498385,2.884901365,1
85885,3.19490097,3.393653061,3.453669432,1
85887,2.7596585,2.666093785,3.268642841,1
85890,2.648827526,2.571703578,3.499939391,1
85897,2.012703916,2.134252238,3.004536207,1
85908,3.242235032,3.290751524,3.382623487,1
85911,3.567801018,3.466889251,3.343551883,1
85917,2.761967479,3.292577585,3.024224419,1
85925,3.350179783,3.218048578,3.55137275,1
85926,2.857790091,2.932941305,3.546688572,1
85928,3.174120163,3.305864965,3.074203136,1
85933,2.679998738,2.874874281,3.292519804,1
85937,2.574362966,2.481780791,3.521720435,1
85938,2.354432752,2.693904779,2.978842678,1
85939,3.182201588,3.367078301,2.70964827,1
85941,2.940336077,3.040309404,3.163166256,1
85948,2.819691944,3.123069403,3.033664543,1
85949,2.800065626,2.722278166,3.430399792,1
85953,2.546655222,2.637467493,3.103645551,1
85960,2.95303546,2.905551248,3.50526639,1
85962,3.413676695,3.30561206,3.593280327,1
85967,3.168347716,3.257574654,3.103688766,1
85971,3.243389521,3.235943118,3.155835941,1
85987,2.438133227,2.721294836,3.440007373,1
86015,2.793715935,2.887010299,3.249598994,1
86018,3.260706861,3.453714178,2.741374126,1
86021,3.485255032,3.328423248,3.414019829,1
86026,3.035581445,3.079862914,3.331942529,1
86032,2.932831897,2.848720458,3.321417404,1
86046,2.921864248,2.658424329,3.595059852,1
86050,2.480849331,2.556618428,3.089017333,1
86056,3.415985674,3.44256149,3.135741047,1
86060,3.570109997,3.38463592,3.515377887,1
86062,3.297650519,3.213638598,3.307948269,1
86065,3.495645436,3.448825822,3.177128503,1
86068,3.077720305,3.021375809,3.205734403,1
86070,3.435611992,3.389832907,2.925144399,1
86073,3.256088904,3.548413015,3.122300465,1
86076,2.924750472,2.769725746,3.003570047,1
86078,2.626892229,2.659969193,3.514159384,1
86080,2.343465103,2.944543222,3.026040213,1
86082,3.287260115,3.2326845,3.295564906,1
86084,3.208177597,3.170207495,3.340874107,1
86085,3.255511659,3.223948555,3.15672416,1
86095,3.248584723,3.125653322,3.345794424,1
86097,3.604744676,3.336794837,3.486439388,1
86102,2.744072894,2.642327558,3.575289841,1
86105,3.493336457,3.38443874,3.257903186,1
86108,1.950361493,2.303198886,2.424789259,1
86119,3.29534154,3.512033251,2.843132693,1
86121,2.797179403,3.517062206,2.655043251,1
86124,3.003255745,3.133884313,3.580296587,1
86125,2.274772989,2.472032369,3.523073985,1
86127,3.436189236,3.214565345,3.43435472,1
86128,3.368074367,3.242685827,3.286674227,1
86129,3.320163061,3.166303325,3.382955315,1
86138,2.931100163,2.975810016,3.057114759,1
86147,2.78448002,2.678397835,3.343500951,1
86150,2.714056172,2.634039985,3.177666373,1
86151,2.670762823,2.93530061,3.107046403,1
86164,3.223763203,3.106634854,3.238559921,1
86165,2.755617787,2.983843827,3.0417434,1
86166,2.959962396,2.598728423,3.569385616,1
86167,3.567801018,3.438825352,3.322908315,1
86176,3.563760305,3.589764294,3.249481696,1
86180,2.61707907,2.860940492,3.130677968,1
86183,3.293032562,3.241280703,3.57332511,1
86186,3.033272467,3.282661131,2.793692617,1
86188,3.152762111,3.267575124,2.994186256,1
86189,1.929003441,2.379103868,2.914433296,1
86192,3.181047099,3.008312186,3.481736689,1
86203,2.721560353,3.080733936,2.926073518,1
86204,1.952093227,2.014832137,3.426468014,1
86207,3.383082728,3.384157544,3.392420134,1
86210,3.515271754,3.541193644,3.410825791,1
86218,3.478905341,3.29920713,3.342749322,1
86220,3.222031469,3.150290571,3.184448014,1
86221,3.365765388,3.403710113,3.332439499,1
86226,2.543191754,2.930019608,2.814925759,1
86230,2.855481113,3.067305958,3.020967101,1
86234,3.190860258,2.890072595,3.444281011,1
86236,2.480272087,2.422842744,3.173148109,1
86239,3.273983488,3.497987155,3.428932031,1
86250,3.173542918,3.078711552,3.305671002,1
86252,3.356529474,3.388680688,2.959231636,1
86268,3.252048191,3.476187588,2.938788709,1
86270,3.465628714,3.263838986,3.592289473,1
86286,3.233576362,3.064019049,3.594718764,1
86289,2.427742823,2.683089011,2.662004697,1
86290,3.286682871,3.277969097,3.494133171,1
86292,2.958807906,3.222936935,2.914849239,1
86298,3.439652704,3.154673117,3.550979958,1
86306,2.887229569,3.115905757,2.633164974,1
86308,3.560296837,3.427391467,3.468063055,1
86313,3.430994035,3.516837592,2.954670157,1
86314,3.280910424,3.068064674,3.35113377,1
86315,3.197787194,3.099556081,3.517248472,1
86322,2.051379308,2.872935913,1.917424829,1
86327,2.305366956,2.353370983,3.02398365,1
86329,2.951303726,2.727165665,3.399534374,1
86331,2.754463298,2.945751166,3.047111299,1
86334,3.096192134,3.139109591,3.088602162,1
86335,2.688080163,2.906000476,3.323440783,1
86340,2.930522918,3.061041626,2.799521217,1
86345,2.241292799,2.721182529,2.116115793,1
86348,3.57299622,3.597714947,3.076603102,1
86349,3.17007945,3.114500633,3.283607518,1
86362,3.317276837,3.164224359,3.279202693,1
86373,3.565492039,3.411322987,3.538833506,1
86376,3.312081636,3.172511075,3.515918844,1
86378,2.861253559,2.657525015,3.357815862,1
86379,3.175851897,3.224791287,3.28254181,1
86391,2.300171754,2.156529325,3.524317183,1
86393,3.504304106,3.404861475,3.423834997,1
86398,3.111200495,3.12908083,3.187134279,1
86399,3.328244486,3.38772565,3.043029813,1
86409,2.591103061,2.58864308,3.59426578,1
86411,3.055207764,2.88195391,3.270217867,1
86412,2.412734462,2.446945892,3.484159806,1
86413,2.446214652,2.647075317,2.853325218,1
86422,2.754463298,3.038764539,2.846180881,1
86425,3.210486576,2.910972848,3.361695164,1
86426,3.381928239,3.422503967,3.269669965,1
86427,3.326512752,3.587011486,2.982367002,1
86428,3.410213227,3.476581091,3.484473114,1
86432,2.730219023,3.254849279,2.420321155,1
86434,2.91955527,2.933053612,3.174618957,1
86438,3.247430234,3.289655888,2.942701965,1
86440,2.076200828,2.161838619,3.500207169,1
86451,3.263593084,3.255720302,3.231292885,1
86453,3.101387336,3.036179763,3.046920691,1
86457,3.151030377,3.303617967,2.794693503,1
86461,2.766585436,2.900662891,3.21441055,1
86464,2.805260828,2.798772975,3.114330417,1
86465,3.208754842,2.944880143,3.577351806,1
86472,2.824887146,2.628449495,3.498200766,1
86478,3.478328096,3.324237025,3.546572046,1
86482,3.144103441,2.874677958,3.484016271,1
86484,2.781593797,2.832174459,3.40622264,1
86490,3.331130709,3.483885335,2.999522516,1
86492,2.537419308,2.646120278,3.03382737,1
86493,2.702511279,2.899258624,3.556916595,1
86497,2.979588714,2.970640463,3.009021289,1
86501,3.570109997,3.443236189,3.210546682,1
86502,2.977279735,3.020869999,3.063635568,1
86509,3.592045294,3.301286096,3.341010697,1
86521,3.098501113,2.925355865,3.327425036,1
86525,3.114086719,3.366881121,2.579704377,1
86534,3.332285198,3.586309353,2.850801009,1
86538,2.502784628,2.953082843,2.611721932,1
86548,3.093305911,3.104669052,3.358912438,1
86549,3.398091089,3.331260072,3.156674,1
86550,2.84393622,3.105567508,3.584902825,1
86553,3.356529474,3.282463951,3.211889428,1
86563,3.35479774,3.230409211,3.376057149,1
86570,2.898774462,3.064806055,3.031287728,1
86571,3.46389698,3.33288981,2.972622059,1
86579,3.465628714,3.541081337,3.054388367,1
86581,2.99401983,2.902601259,3.280206666,1
86591,3.146412419,3.248023412,3.186640395,1
86596,3.278601445,3.400394912,3.604962221,1
86597,3.603012942,3.449023002,3.34993533,1
86600,2.727332799,2.963898611,2.980923935,1
86603,3.313813369,3.295864495,3.45210984,1
86604,2.613038357,2.48534804,3.340718225,1
86608,3.324203773,3.569369851,2.866585224,1
86610,3.560296837,3.480879622,3.262619775,1
86611,2.950149236,2.771101721,3.31663985,1
86614,3.327089997,3.27802568,3.08710662,1
86617,2.906278643,2.696741603,3.525953173,1
86619,2.890693037,3.15026228,2.958547144,1
86621,3.338057645,3.297549958,3.106860425,1
86623,3.444847906,3.405170962,3.026821167,1
86627,2.437555982,2.255582417,3.427779893,1
86629,3.454083821,3.142143595,3.343840496,1
86630,2.777553084,2.786159437,3.440199525,1
86636,3.073679593,3.269598365,3.277452492,1
86637,2.862985293,2.948195344,3.040224708,1
86638,3.317276837,3.301959938,3.272579249,1
86639,3.465628714,3.593136077,2.838513336,1
86640,2.518947479,2.808015587,2.912250947,1
86647,3.232999118,3.19282236,3.095260331,1
86658,3.025768286,3.26524411,2.975495073,1
86664,2.670185578,2.956763256,2.825383746,1
86665,2.957653417,3.066547243,3.353674184,1
86666,3.009028191,3.172118429,2.774298421,1
86667,2.732528001,2.841192457,3.449641964,1
86669,3.140062728,3.017864286,3.256119031,1
86674,1.862620305,2.012275651,3.460794476,1
86676,3.133135792,3.022218541,3.254487671,1
86683,2.85259489,2.86405937,3.078692076,1
86684,2.539728286,2.869846183,2.763547961,1
86685,3.291300828,3.199733101,3.35555017,1
86686,2.557045626,2.489730586,3.505340473,1
86699,3.418294652,3.412025121,3.430053301,1
86702,3.541247764,3.320304564,3.252834704,1
86703,3.416562918,3.391124867,3.299957384,1
86707,3.138908239,3.244146676,2.950516132,1
86708,2.355587241,2.775428543,3.045969193,1
86710,3.248584723,3.373454941,3.280339397,1
86715,2.495280448,2.290416459,3.457787959,1
86716,2.027712277,1.791106232,3.558945377,1
86719,3.532011849,3.433936995,3.26542025,1
86721,3.101964581,3.309320764,3.31739611,1
86725,3.491027479,3.167903915,3.519074298,1
86726,3.039044913,2.955527022,3.344159977,1
86727,3.598972229,3.547963787,3.549284548,1
86729,3.467937693,3.514309397,3.061960993,1
86731,3.280910424,3.035534212,3.43214459,1
86737,3.43041679,3.35356545,3.083487378,1
86741,3.02865451,3.025055365,3.01759403,1
86743,2.995751564,2.72528388,3.545863632,1
86746,2.662681398,2.729020017,3.121758736,1
86749,2.684616695,2.56156251,3.297197809,1
86750,3.175851897,3.558217162,2.7478795,1
86753,3.143526196,3.023398193,3.310178462,1
86760,2.007508714,2.036435381,3.518857453,1
86764,3.046549094,2.950976444,3.029275923,1
86767,2.775244106,3.278194569,3.167626643,1
86769,2.460068524,2.905382359,2.457965898,1
86772,3.598972229,3.492762735,3.183771239,1
86774,3.376733037,3.283334973,3.328332547,1
86777,2.140852229,2.67553272,2.971590305,1
86782,3.015377882,2.897685469,3.461921148,1
86783,3.376155792,3.127732288,3.34974858,1
86789,2.862408049,2.695618533,3.201781018,1
86793,3.244544011,3.062643073,3.424345858,1
86800,3.062711944,3.044298447,3.365714915,1
86804,3.444847906,3.278446617,3.487232689,1
86806,3.01133717,3.038005824,3.386994358,1
86808,2.428320068,2.383823336,3.224010415,1
86810,3.294187051,3.211784246,3.34546028,1
86826,2.832391327,2.976399842,3.382217576,1
86832,2.629201208,2.849563189,3.060703133,1
86835,3.575305199,3.508943521,3.196846811,1
86838,3.37096059,3.361375504,3.44429413,1
86839,3.582232134,3.165881531,3.550459837,1
86849,3.223185959,2.922574766,3.382742328,1
86851,3.284373892,2.999238464,3.564439061,1
86852,2.406962015,2.504366508,3.018171256,1
86854,2.738300448,2.547122911,3.432685547,1
86859,3.007873702,2.965275444,3.452396138,1
86868,2.800065626,3.591787536,2.045275119,1
86872,2.946108524,3.439106548,2.496221823,1
86877,2.933986386,2.982018623,3.073963911,1
86879,3.557410614,3.491582225,2.979301064,1
86886,3.43041679,3.095707636,3.314926691,1
86889,3.3969366,3.247995121,3.537864259,1
86901,3.241080543,3.003200073,3.495533794,1
86904,3.17123394,3.246871193,3.182411516,1
86905,3.156225578,3.238696784,3.311525067,1
86909,2.583021635,3.320304564,2.724873008,1
86931,3.573573465,3.597068538,3.090900264,1
86933,3.375001303,3.273361937,3.313421889,1
86937,3.421180875,3.331428962,3.330488658,1
86938,3.142948951,2.879397425,3.418156105,1
86944,2.648250281,3.255158767,3.289483963,1
86948,2.019053607,2.317328997,2.905476252,1
86953,3.52219869,3.386040187,3.531655986,1
86956,3.083492752,3.172118429,2.976918075,1
86965,2.568013274,2.615864248,3.40883868,1
86968,2.746959118,2.968084835,2.960129116,1
86969,3.547597455,3.455034429,3.581149308,1
86970,3.009605436,3.069188601,2.952260931,1
86984,3.21221831,3.149250659,3.452968734,1
86987,2.630932942,2.918782903,3.339185642,1
86988,3.209909331,3.30330848,3.371325897,1
86989,2.593412039,2.598897312,3.586394508,1
86990,3.093305911,3.491694532,3.571895162,1
86991,1.956133939,1.967243959,3.063001236,1
86992,3.045394605,2.85386172,2.973235555,1
86999,2.345774082,2.823774579,2.77025552,1
87001,2.545500733,2.707445064,2.981312869,1
87002,2.509134319,2.607773855,2.831907642,1
87004,3.302268476,3.472255127,2.989678796,1
87006,3.007873702,3.042922472,2.926339752,1
87007,3.176429141,2.958336412,3.569610178,1
87010,3.154493845,3.173100902,2.88422459,1
87013,3.054053274,2.89903401,3.594178578,1
87017,3.354220495,3.392753747,3.48624415,1
87022,3.481791564,3.297858588,3.101038771,1
87024,3.22087698,3.256029789,3.061936299,1
87025,2.962848619,2.9408911,3.209024903,1
87027,3.087533464,3.386011896,3.128709378,1
87029,2.389644676,2.672329826,2.956461257,1
87032,3.440807194,3.456495278,3.054764953,1
87042,3.550483678,3.282463951,3.339858559,1
87047,3.211641065,3.008762272,3.457540245,1
87049,1.878205911,1.83950885,3.127101169,1
87060,2.215894034,2.565382664,3.54894809,1
87065,2.667299355,2.74348705,2.856195917,1
87068,2.786788999,2.625247458,3.250104453,1
87071,2.8191147,2.70182714,3.467528272,1
87090,2.789097977,3.036826171,3.015858491,1
87091,2.612461113,2.761129542,3.143438688,1
87092,3.327089997,3.145795717,3.555464268,1
87098,3.344407336,3.113742775,3.595369301,1
87102,2.5760947,2.569203675,3.32381737,1
87110,2.438133227,2.615218697,2.88877758,1
87118,3.20355964,3.309151875,3.108896924,1
87119,3.48121432,3.256422435,3.567802101,1
87121,2.599184486,2.811919757,3.0654367,1
87124,2.936872609,2.87585761,3.398802809,1
87130,3.274560733,3.29381382,3.173041615,1
87136,3.446002396,3.148858013,3.344706336,1
87139,2.345774082,2.386857341,2.825004845,1
87140,2.731373512,3.010560042,3.180382734,1
87142,2.882034367,2.874509068,3.110118514,1
87148,2.76831717,2.746689944,3.322522468,1
87151,2.900506196,2.926255179,3.133872006,1
87154,2.839318263,2.69443888,3.321515409,1
87155,3.365188144,3.306370775,3.222398348,1
87160,2.681730472,2.926985603,2.769271611,1
87167,2.792561445,2.954431385,2.756979308,1
87170,2.782748286,2.787789175,3.544104943,1
87171,3.073102348,2.759921599,3.597126447,1
87173,2.730796267,3.144475467,2.812422385,1
87178,1.877051421,2.177879664,3.525196913,1
87179,2.215894034,2.603953701,3.356900634,1
87185,3.459856267,3.268025209,3.600692442,1
87188,2.953612704,2.962774684,3.260765396,1
87190,2.587639593,2.625190876,3.233420444,1
87191,2.794870424,2.731632228,2.956283768,1
87193,2.468727194,2.54529685,3.2883843,1
87202,2.801220115,2.77784443,3.241368113,1
87203,3.4887185,3.502622607,3.379787514,1
87210,3.329398975,3.412952725,3.418372951,1
87222,2.990556362,3.282604549,3.315282442,1
87231,3.482946054,3.504364652,2.835786944,1
87233,3.011914415,3.099162578,2.850297865,1
87235,3.089842443,2.952324985,3.329340379,1
87238,3.066752657,3.177933533,2.784598983,1
87239,2.858367336,2.606650785,3.467310654,1
87241,3.088110709,3.335558603,3.565291783,1
87248,3.526816647,3.385618393,3.201953105,1
87249,3.570109997,3.591928134,3.015928716,1
87251,3.104273559,2.744414655,3.481350071,1
87258,3.570109997,3.467591385,3.399336049,1
87260,2.966312087,3.166668537,3.405057383,1
87267,3.121590899,3.205575639,2.953007158,1
87276,3.118127431,3.313365532,3.057109357,1
87280,3.20471413,3.251366047,2.842306209,1
87281,3.276869712,3.211335018,3.151474331,1
87295,3.16142078,3.071295001,2.976759878,1
87299,3.134867526,3.36966222,2.403915727,1
87321,3.257243393,3.440370216,3.222111278,1
87325,2.419084153,2.360338306,3.371061206,1
87329,3.081761018,3.253445013,2.618621642,1
87332,2.93571812,2.937436159,3.07524878,1
87340,3.08580173,3.463602342,3.300973704,1
87344,2.898197217,2.530436315,3.447025924,1
87346,2.570899498,2.593784342,3.335280102,1
87351,2.990556362,3.272688095,3.14403212,1
87354,2.871066719,2.960921189,2.988718038,1
87357,3.058093987,3.473547087,3.166741511,1
87359,2.040411659,2.656149039,2.29313375,1
87360,3.451197598,3.592405653,2.699457288,1
87371,2.948994747,2.972691995,3.510273908,1
87374,1.79623717,1.954742728,2.842356369,1
87384,3.211641065,2.987608256,3.503158896,1
87385,2.715787906,2.616341767,3.443549446,1
87391,2.803529094,2.583614982,3.447097691,1
87394,3.316122348,3.516415797,2.875384071,1
87398,3.181047099,3.125091787,3.44275383,1
87403,3.380196505,3.54127766,3.205928098,1
87405,3.532589094,3.51877596,2.797527161,1
87407,2.026557787,2.201111789,3.42585992,1
87409,3.193169236,3.111439195,3.37812683,1
87417,3.551638168,3.327523934,3.332660975,1
87422,3.05232154,3.178888572,2.66237974,1
87425,3.447156885,3.292745617,3.112597193,1
87430,3.117550187,3.022639478,3.572256315,1
87436,2.706551992,2.439557632,3.566297299,1
87444,2.763121968,2.749695657,3.285774433,1
87447,3.077720305,2.853300185,3.54243114,1
87449,2.181259355,2.167316802,2.952331926,1
87451,2.274772989,2.201616742,3.465985657,1
87453,2.861830804,2.736689474,3.367646463,1
87458,2.393685388,2.071775234,3.566059617,1
87461,2.688080163,2.560860377,3.111688139,1
87466,3.534320828,3.561925009,3.0608567,1
87467,3.362879165,3.265215819,3.414965154,1
87471,2.631510186,3.212935607,2.738903935,1
87472,3.192014747,3.299600633,3.310182321,1
87474,2.073314604,2.228135777,2.891991683,1
87475,2.127575602,2.138465896,3.256782687,1
87482,3.374424058,3.357217572,3.373698854,1
87485,2.671917312,2.813549495,3.453711103,1
87487,2.413888951,2.434894747,3.319028241,1
87488,2.518370234,2.631146578,3.44131848,1
87493,3.398668334,3.410031028,3.064450476,1
87497,3.228958405,3.279907465,3.174638249,1
87499,3.591468049,3.498043738,3.063101556,1
87501,3.0944604,3.091970641,3.172338603,1
87502,2.368863868,2.351938425,3.413929541,1
87514,3.220299735,3.042444952,3.372766648,1
87519,2.315180115,2.439277293,3.186850296,1
87521,3.228958405,3.243893771,3.138828592,1
87525,2.859521825,2.764331579,3.596865614,1
87528,3.226072182,3.113573886,3.150437175,1
87530,3.202982396,3.300106443,3.070480487,1
87532,2.764853702,2.788687632,3.47634564,1
87537,3.066175412,3.1711351,3.107546461,1
87541,3.164307004,2.997384969,3.283825907,1
87544,3.181047099,3.010138247,3.587264978,1
87546,3.141217217,3.192569455,2.931374279,1
87548,2.55877736,2.488775548,3.500297457,1
87550,2.450255365,2.551083663,3.158357063,1
87551,3.396359355,3.025954679,3.601001891,1
87553,2.987092894,3.252153053,3.53100622,1
87555,2.128730091,2.552432205,2.90596319,1
87557,2.48315831,2.327779553,3.539488673,1
87559,2.268423298,2.299714796,3.25219497,1
87560,2.98651565,3.175292175,3.363328839,1
87575,3.076565816,3.149756469,3.266830134,1
87576,3.435034747,3.456074341,2.839738785,1
87578,2.47449964,2.490657334,3.133752394,1
87579,2.293244818,2.377108918,3.040622902,1
87581,3.533743583,3.235522181,3.35722706,1
87584,3.458701778,3.314067665,3.135088967,1
87587,2.720405863,3.029606801,3.028170087,1
87593,3.007873702,2.877290168,3.402763911,1
87594,2.375213559,2.349916041,3.223618395,1
87596,2.659795175,2.548808374,3.065019214,1
87599,3.582232134,3.457394591,3.420798383,1
87610,3.118127431,2.879846653,3.298445637,1
87611,2.737145958,2.892319593,3.590930521,1
87614,3.589736315,3.528270619,3.255611256,1
87616,2.116607954,2.189059787,3.297018776,1
87621,2.808724296,2.74348705,3.019225389,1
87749,3.58915907,3.568976348,2.900720306,0
87750,2.808724296,3.2046206,2.873160823,0
88026,2.406962015,3.396855955,3.349373537,0
88425,2.913205578,3.540547236,2.552654211,0
88551,2.899351707,3.291481949,2.923640369,0
88648,3.442538928,3.396995696,3.161413741,0
88735,3.130249569,3.426661042,3.343499408,0
88957,3.009028191,3.392445117,2.513418236,0
89086,2.91955527,2.853300185,3.496416611,0
89143,3.000946766,3.166977167,3.136144643,0
89174,2.879725388,3.203946758,2.736480047,0
89211,3.076565816,3.036179763,3.248870515,0
89263,3.545865721,3.577095032,2.975856997,1
89264,3.470246671,3.273418519,3.310555049,1
89270,3.026922776,3.077756514,3.121389095,1
89271,3.425221588,3.337103467,3.165277609,1
89278,3.386546196,3.297297053,3.32454199,1
89282,3.115818453,3.237881486,2.866396931,1
89283,2.853172134,3.07343055,2.643668492,1
89288,3.450043108,3.591646938,3.256268739,1
89290,3.153339355,3.130317064,3.102930963,1
89291,3.257820638,2.991400976,3.457113499,1
89319,2.614192847,3.177174818,2.517497407,1
89328,3.265324818,3.093291749,3.504990124,1
89329,3.050012562,2.961145803,3.292307588,1
89339,3.219722491,2.997384969,3.306735167,1
89342,2.783902776,2.637524075,3.227237637,1
89353,2.321529806,2.46436377,3.377287228,1
89361,3.57299622,3.236899014,3.55793523,1
89364,2.547232467,3.063429222,2.183555615,1
89366,3.396359355,3.203693853,3.24373181,1
89367,2.83527755,2.677471088,3.398827503,1
89370,3.537207051,3.491245304,3.408192001,1
89382,2.33192021,2.341460436,3.46471082,1
89388,3.016532372,2.981596829,3.155168427,1
89390,2.317489094,2.548752649,2.734829395,1
89396,3.550483678,3.224875303,3.347996065,1
89400,2.917246291,2.943447586,3.116384664,1
89403,2.404075792,2.43888379,3.12587572,1
89405,2.437555982,2.418151568,3.560386128,1
89411,3.417717408,3.311061952,3.311582172,1
89416,3.222608714,3.166695971,3.481636369,1
89421,3.406172514,3.386124203,3.115084361,1
89428,2.885497835,2.882852367,3.350855188,1
89437,2.901660685,2.860519555,3.310889192,1
89439,3.083492752,3.302718653,2.803899033,1
89441,2.498166671,2.849450882,2.504350068,1
89442,3.267056552,3.367948466,3.120688398,1
89443,3.246852989,2.927181926,3.589951242,1
89450,2.939758833,3.195491153,3.051088606,1
89451,2.966889331,3.144700081,2.941282821,1
89454,1.773147383,2.047812684,3.037197355,1
89456,2.877993654,3.085846907,3.126381179,1
89459,3.428685056,3.141413171,3.471380565,1
89460,3.429262301,3.577123323,2.777281015,1
89461,2.896465483,3.040562309,3.133120377,1
89462,2.616501825,2.912827201,2.759022752,1
89465,2.858944581,2.675392121,3.354851016,1
89469,3.004410234,2.796159907,3.518955458,1
89471,3.352488761,3.305696076,3.279869436,1
89473,3.263593084,3.250860236,3.178423405,1
89474,2.6678766,3.244118385,2.463195664,1
89477,2.77697584,2.882094509,3.419761228,1
89481,2.978434225,2.892376175,3.233520764,1
89494,2.880302633,2.923726984,3.108819755,1
89498,3.596663251,3.350784351,3.234271621,1
89501,3.394050377,3.436409464,3.415201292,1
89503,2.844513464,2.937689064,3.129999649,1
89506,3.531434605,3.371404265,3.393198,1
89508,3.478905341,3.300386782,3.388225209,1
89512,2.686348429,2.939515125,2.712115374,1
89513,2.090054699,2.363596924,2.87654547,1
89514,2.671917312,2.86846935,2.685172473,1
89517,3.340366624,3.425285067,3.362651292,1
89522,3.208754842,3.008733981,3.495137144,1
89529,3.349025293,3.249484261,3.290236364,1
89531,3.314390614,3.39840082,3.079540939,1
89540,3.437343726,3.164673587,3.285347686,1
89549,3.350757027,3.368594875,3.232350877,1
89551,2.785057265,2.728373609,3.422883499,1
89558,3.525662158,3.525461229,2.930448247,1
89566,3.483523298,3.43090299,3.320666546,1
89568,2.570322253,3.026319891,3.552005539,1
89572,3.459856267,3.427616938,3.581398565,1
89573,2.610152134,2.95386985,3.045832603,1
89574,3.503726861,3.359998671,3.435715215,1
89580,3.235308096,3.058485141,3.325528986,1
89581,2.813919498,3.131665606,3.029447239,1
89582,3.417717408,3.29330801,3.598184438,1
89584,2.635550899,2.941537509,3.356618966,1
89585,2.995751564,2.783631243,3.342967711,1
89589,3.104273559,3.030111754,3.21945048,1
89595,3.126208856,3.241027798,3.309193782,1
89597,3.234730852,3.312916304,2.925478542,1
89599,2.885497835,2.8220051,3.380755217,1
89604,2.473345151,2.847232175,2.935751324,1
89613,3.074834082,2.928137822,3.429641989,1
89618,3.198941683,3.08542597,3.269033318,1
89620,2.471613417,2.802480822,2.517419466,1
89622,2.799488381,2.597773385,3.390622088,1
89625,2.625160495,2.664885841,3.43697076,1
89627,3.500263393,3.320529178,3.473346839,1
89629,2.912051089,3.001092816,3.113355768,1
89635,3.088110709,2.987805436,3.521728923,1
89636,2.806415317,2.89392104,3.234668272,1
89645,3.446002396,3.422026448,3.349668324,1
89654,2.802951849,2.752223851,3.55942074,1
89655,2.925327716,2.720030311,3.34627596,1
89658,2.842204486,3.043624605,2.802357961,1
89661,3.346716315,3.230633825,3.274306299,1
89665,3.458701778,3.155122345,3.493464112,1
89667,3.231844628,3.261563697,3.137775231,1
89668,3.000946766,2.812229244,3.521450342,1
89676,3.354220495,3.184787692,3.588221106,1
89680,3.175274652,3.034269686,3.489729117,1
89683,3.538938785,3.438516722,3.47665123,1
89687,2.682884961,2.789221733,3.094101248,1
89690,3.352488761,3.310106913,3.19263568,1
89692,2.611306624,2.83498385,2.884901365,1
89695,3.19490097,3.393653061,3.453669432,1
89697,2.7596585,2.666093785,3.268642841,1
89700,2.648827526,2.571703578,3.499939391,1
89707,2.012703916,2.134252238,3.004536207,1
89718,3.242235032,3.290751524,3.382623487,1
89721,3.567801018,3.466889251,3.343551883,1
89727,2.761967479,3.292577585,3.024224419,1
89735,3.350179783,3.218048578,3.55137275,1
89736,2.857790091,2.932941305,3.546688572,1
89738,3.174120163,3.305864965,3.074203136,1
89743,2.679998738,2.874874281,3.292519804,1
89747,2.574362966,2.481780791,3.521720435,1
89748,2.354432752,2.693904779,2.978842678,1
89749,3.182201588,3.367078301,2.70964827,1
89751,2.940336077,3.040309404,3.163166256,1
89758,2.819691944,3.123069403,3.033664543,1
89759,2.800065626,2.722278166,3.430399792,1
89763,2.546655222,2.637467493,3.103645551,1
89770,2.95303546,2.905551248,3.50526639,1
89772,3.413676695,3.30561206,3.593280327,1
89777,3.168347716,3.257574654,3.103688766,1
89781,3.243389521,3.235943118,3.155835941,1
89797,2.438133227,2.721294836,3.440007373,1
89825,2.793715935,2.887010299,3.249598994,1
89828,3.260706861,3.453714178,2.741374126,1
89831,3.485255032,3.328423248,3.414019829,1
89836,3.035581445,3.079862914,3.331942529,1
89842,2.932831897,2.848720458,3.321417404,1
89856,2.921864248,2.658424329,3.595059852,1
89860,2.480849331,2.556618428,3.089017333,1
89866,3.415985674,3.44256149,3.135741047,1
89870,3.570109997,3.38463592,3.515377887,1
89872,3.297650519,3.213638598,3.307948269,1
89875,3.495645436,3.448825822,3.177128503,1
89878,3.077720305,3.021375809,3.205734403,1
89880,3.435611992,3.389832907,2.925144399,1
89883,3.256088904,3.548413015,3.122300465,1
89886,2.924750472,2.769725746,3.003570047,1
89888,2.626892229,2.659969193,3.514159384,1
89890,2.343465103,2.944543222,3.026040213,1
89892,3.287260115,3.2326845,3.295564906,1
89894,3.208177597,3.170207495,3.340874107,1
89895,3.255511659,3.223948555,3.15672416,1
89905,3.248584723,3.125653322,3.345794424,1
89907,3.604744676,3.336794837,3.486439388,1
89912,2.744072894,2.642327558,3.575289841,1
89915,3.493336457,3.38443874,3.257903186,1
89918,1.950361493,2.303198886,2.424789259,1
89929,3.29534154,3.512033251,2.843132693,1
89931,2.797179403,3.517062206,2.655043251,1
89934,3.003255745,3.133884313,3.580296587,1
89935,2.274772989,2.472032369,3.523073985,1
89937,3.436189236,3.214565345,3.43435472,1
89938,3.368074367,3.242685827,3.286674227,1
89939,3.320163061,3.166303325,3.382955315,1
89948,2.931100163,2.975810016,3.057114759,1
89957,2.78448002,2.678397835,3.343500951,1
89960,2.714056172,2.634039985,3.177666373,1
89961,2.670762823,2.93530061,3.107046403,1
89974,3.223763203,3.106634854,3.238559921,1
89975,2.755617787,2.983843827,3.0417434,1
89976,2.959962396,2.598728423,3.569385616,1
89977,3.567801018,3.438825352,3.322908315,1
89986,3.563760305,3.589764294,3.249481696,1
89990,2.61707907,2.860940492,3.130677968,1
89993,3.293032562,3.241280703,3.57332511,1
89996,3.033272467,3.282661131,2.793692617,1
89998,3.152762111,3.267575124,2.994186256,1
89999,1.929003441,2.379103868,2.914433296,1
90002,3.181047099,3.008312186,3.481736689,1
90013,2.721560353,3.080733936,2.926073518,1
90014,1.952093227,2.014832137,3.426468014,1
90017,3.383082728,3.384157544,3.392420134,1
90020,3.515271754,3.541193644,3.410825791,1
90028,3.478905341,3.29920713,3.342749322,1
90030,3.222031469,3.150290571,3.184448014,1
90031,3.365765388,3.403710113,3.332439499,1
90036,2.543191754,2.930019608,2.814925759,1
90040,2.855481113,3.067305958,3.020967101,1
90044,3.190860258,2.890072595,3.444281011,1
90046,2.480272087,2.422842744,3.173148109,1
90049,3.273983488,3.497987155,3.428932031,1
90060,3.173542918,3.078711552,3.305671002,1
90062,3.356529474,3.388680688,2.959231636,1
90078,3.252048191,3.476187588,2.938788709,1
90080,3.465628714,3.263838986,3.592289473,1
90096,3.233576362,3.064019049,3.594718764,1
90099,2.427742823,2.683089011,2.662004697,1
90100,3.286682871,3.277969097,3.494133171,1
90102,2.958807906,3.222936935,2.914849239,1
90108,3.439652704,3.154673117,3.550979958,1
90116,2.887229569,3.115905757,2.633164974,1
90118,3.560296837,3.427391467,3.468063055,1
90123,3.430994035,3.516837592,2.954670157,1
90124,3.280910424,3.068064674,3.35113377,1
90125,3.197787194,3.099556081,3.517248472,1
90132,2.051379308,2.872935913,1.917424829,1
90137,2.305366956,2.353370983,3.02398365,1
90139,2.951303726,2.727165665,3.399534374,1
90141,2.754463298,2.945751166,3.047111299,1
90144,3.096192134,3.139109591,3.088602162,1
90145,2.688080163,2.906000476,3.323440783,1
90150,2.930522918,3.061041626,2.799521217,1
90155,2.241292799,2.721182529,2.116115793,1
90158,3.57299622,3.597714947,3.076603102,1
90159,3.17007945,3.114500633,3.283607518,1
90172,3.317276837,3.164224359,3.279202693,1
90183,3.565492039,3.411322987,3.538833506,1
90186,3.312081636,3.172511075,3.515918844,1
90188,2.861253559,2.657525015,3.357815862,1
90189,3.175851897,3.224791287,3.28254181,1
90201,2.300171754,2.156529325,3.524317183,1
90203,3.504304106,3.404861475,3.423834997,1
90208,3.111200495,3.12908083,3.187134279,1
90209,3.328244486,3.38772565,3.043029813,1
90219,2.591103061,2.58864308,3.59426578,1
90221,3.055207764,2.88195391,3.270217867,1
90222,2.412734462,2.446945892,3.484159806,1
90223,2.446214652,2.647075317,2.853325218,1
90232,2.754463298,3.038764539,2.846180881,1
90235,3.210486576,2.910972848,3.361695164,1
90236,3.381928239,3.422503967,3.269669965,1
90237,3.326512752,3.587011486,2.982367002,1
90238,3.410213227,3.476581091,3.484473114,1
90242,2.730219023,3.254849279,2.420321155,1
90244,2.91955527,2.933053612,3.174618957,1
90248,3.247430234,3.289655888,2.942701965,1
90250,2.076200828,2.161838619,3.500207169,1
90261,3.263593084,3.255720302,3.231292885,1
90263,3.101387336,3.036179763,3.046920691,1
90267,3.151030377,3.303617967,2.794693503,1
90271,2.766585436,2.900662891,3.21441055,1
90274,2.805260828,2.798772975,3.114330417,1
90275,3.208754842,2.944880143,3.577351806,1
90282,2.824887146,2.628449495,3.498200766,1
90288,3.478328096,3.324237025,3.546572046,1
90292,3.144103441,2.874677958,3.484016271,1
90294,2.781593797,2.832174459,3.40622264,1
90300,3.331130709,3.483885335,2.999522516,1
90302,2.537419308,2.646120278,3.03382737,1
90303,2.702511279,2.899258624,3.556916595,1
90307,2.979588714,2.970640463,3.009021289,1
90311,3.570109997,3.443236189,3.210546682,1
90312,2.977279735,3.020869999,3.063635568,1
90319,3.592045294,3.301286096,3.341010697,1
90331,3.098501113,2.925355865,3.327425036,1
90335,3.114086719,3.366881121,2.579704377,1
90344,3.332285198,3.586309353,2.850801009,1
90348,2.502784628,2.953082843,2.611721932,1
90358,3.093305911,3.104669052,3.358912438,1
90359,3.398091089,3.331260072,3.156674,1
90360,2.84393622,3.105567508,3.584902825,1
90363,3.356529474,3.282463951,3.211889428,1
90373,3.35479774,3.230409211,3.376057149,1
90380,2.898774462,3.064806055,3.031287728,1
90381,3.46389698,3.33288981,2.972622059,1
90389,3.465628714,3.541081337,3.054388367,1
90391,2.99401983,2.902601259,3.280206666,1
90401,3.146412419,3.248023412,3.186640395,1
90406,3.278601445,3.400394912,3.604962221,1
90407,3.603012942,3.449023002,3.34993533,1
90410,2.727332799,2.963898611,2.980923935,1
90413,3.313813369,3.295864495,3.45210984,1
90414,2.613038357,2.48534804,3.340718225,1
90418,3.324203773,3.569369851,2.866585224,1
90420,3.560296837,3.480879622,3.262619775,1
90421,2.950149236,2.771101721,3.31663985,1
90424,3.327089997,3.27802568,3.08710662,1
90427,2.906278643,2.696741603,3.525953173,1
90429,2.890693037,3.15026228,2.958547144,1
90431,3.338057645,3.297549958,3.106860425,1
90433,3.444847906,3.405170962,3.026821167,1
90437,2.437555982,2.255582417,3.427779893,1
90439,3.454083821,3.142143595,3.343840496,1
90440,2.777553084,2.786159437,3.440199525,1
90446,3.073679593,3.269598365,3.277452492,1
90447,2.862985293,2.948195344,3.040224708,1
90448,3.317276837,3.301959938,3.272579249,1
90449,3.465628714,3.593136077,2.838513336,1
90450,2.518947479,2.808015587,2.912250947,1
90457,3.232999118,3.19282236,3.095260331,1
90468,3.025768286,3.26524411,2.975495073,1
90474,2.670185578,2.956763256,2.825383746,1
90475,2.957653417,3.066547243,3.353674184,1
90476,3.009028191,3.172118429,2.774298421,1
90477,2.732528001,2.841192457,3.449641964,1
90479,3.140062728,3.017864286,3.256119031,1
90484,1.862620305,2.012275651,3.460794476,1
90486,3.133135792,3.022218541,3.254487671,1
90493,2.85259489,2.86405937,3.078692076,1
90494,2.539728286,2.869846183,2.763547961,1
90495,3.291300828,3.199733101,3.35555017,1
90496,2.557045626,2.489730586,3.505340473,1
90509,3.418294652,3.412025121,3.430053301,1
90512,3.541247764,3.320304564,3.252834704,1
90513,3.416562918,3.391124867,3.299957384,1
90517,3.138908239,3.244146676,2.950516132,1
90518,2.355587241,2.775428543,3.045969193,1
90520,3.248584723,3.373454941,3.280339397,1
90525,2.495280448,2.290416459,3.457787959,1
90526,2.027712277,1.791106232,3.558945377,1
90529,3.532011849,3.433936995,3.26542025,1
90531,3.101964581,3.309320764,3.31739611,1
90535,3.491027479,3.167903915,3.519074298,1
90536,3.039044913,2.955527022,3.344159977,1
90537,3.598972229,3.547963787,3.549284548,1
90539,3.467937693,3.514309397,3.061960993,1
90541,3.280910424,3.035534212,3.43214459,1
90547,3.43041679,3.35356545,3.083487378,1
90551,3.02865451,3.025055365,3.01759403,1
90553,2.995751564,2.72528388,3.545863632,1
90556,2.662681398,2.729020017,3.121758736,1
90559,2.684616695,2.56156251,3.297197809,1
90560,3.175851897,3.558217162,2.7478795,1
90563,3.143526196,3.023398193,3.310178462,1
90570,2.007508714,2.036435381,3.518857453,1
90574,3.046549094,2.950976444,3.029275923,1
90577,2.775244106,3.278194569,3.167626643,1
90579,2.460068524,2.905382359,2.457965898,1
90582,3.598972229,3.492762735,3.183771239,1
90584,3.376733037,3.283334973,3.328332547,1
90587,2.140852229,2.67553272,2.971590305,1
90592,3.015377882,2.897685469,3.461921148,1
90593,3.376155792,3.127732288,3.34974858,1
90599,2.862408049,2.695618533,3.201781018,1
90603,3.244544011,3.062643073,3.424345858,1
90610,3.062711944,3.044298447,3.365714915,1
90614,3.444847906,3.278446617,3.487232689,1
90616,3.01133717,3.038005824,3.386994358,1
90618,2.428320068,2.383823336,3.224010415,1
90620,3.294187051,3.211784246,3.34546028,1
90636,2.832391327,2.976399842,3.382217576,1
90642,2.629201208,2.849563189,3.060703133,1
90645,3.575305199,3.508943521,3.196846811,1
90648,3.37096059,3.361375504,3.44429413,1
90649,3.582232134,3.165881531,3.550459837,1
90659,3.223185959,2.922574766,3.382742328,1
90661,3.284373892,2.999238464,3.564439061,1
90662,2.406962015,2.504366508,3.018171256,1
90664,2.738300448,2.547122911,3.432685547,1
90669,3.007873702,2.965275444,3.452396138,1
90678,2.800065626,3.591787536,2.045275119,1
90682,2.946108524,3.439106548,2.496221823,1
90687,2.933986386,2.982018623,3.073963911,1
90689,3.557410614,3.491582225,2.979301064,1
90696,3.43041679,3.095707636,3.314926691,1
90699,3.3969366,3.247995121,3.537864259,1
90711,3.241080543,3.003200073,3.495533794,1
90714,3.17123394,3.246871193,3.182411516,1
90715,3.156225578,3.238696784,3.311525067,1
90719,2.583021635,3.320304564,2.724873008,1
90741,3.573573465,3.597068538,3.090900264,1
90743,3.375001303,3.273361937,3.313421889,1
90747,3.421180875,3.331428962,3.330488658,1
90748,3.142948951,2.879397425,3.418156105,1
90754,2.648250281,3.255158767,3.289483963,1
90758,2.019053607,2.317328997,2.905476252,1
90763,3.52219869,3.386040187,3.531655986,1
90766,3.083492752,3.172118429,2.976918075,1
90775,2.568013274,2.615864248,3.40883868,1
90778,2.746959118,2.968084835,2.960129116,1
90779,3.547597455,3.455034429,3.581149308,1
90780,3.009605436,3.069188601,2.952260931,1
90794,3.21221831,3.149250659,3.452968734,1
90797,2.630932942,2.918782903,3.339185642,1
90798,3.209909331,3.30330848,3.371325897,1
90799,2.593412039,2.598897312,3.586394508,1
90800,3.093305911,3.491694532,3.571895162,1
90801,1.956133939,1.967243959,3.063001236,1
90802,3.045394605,2.85386172,2.973235555,1
90809,2.345774082,2.823774579,2.77025552,1
90811,2.545500733,2.707445064,2.981312869,1
90812,2.509134319,2.607773855,2.831907642,1
90814,3.302268476,3.472255127,2.989678796,1
90816,3.007873702,3.042922472,2.926339752,1
90817,3.176429141,2.958336412,3.569610178,1
90820,3.154493845,3.173100902,2.88422459,1
90823,3.054053274,2.89903401,3.594178578,1
90827,3.354220495,3.392753747,3.48624415,1
90832,3.481791564,3.297858588,3.101038771,1
90834,3.22087698,3.256029789,3.061936299,1
90835,2.962848619,2.9408911,3.209024903,1
90837,3.087533464,3.386011896,3.128709378,1
90839,2.389644676,2.672329826,2.956461257,1
90842,3.440807194,3.456495278,3.054764953,1
90852,3.550483678,3.282463951,3.339858559,1
90857,3.211641065,3.008762272,3.457540245,1
90859,1.878205911,1.83950885,3.127101169,1
90870,2.215894034,2.565382664,3.54894809,1
90875,2.667299355,2.74348705,2.856195917,1
90878,2.786788999,2.625247458,3.250104453,1
90881,2.8191147,2.70182714,3.467528272,1
90900,2.789097977,3.036826171,3.015858491,1
90901,2.612461113,2.761129542,3.143438688,1
90902,3.327089997,3.145795717,3.555464268,1
90908,3.344407336,3.113742775,3.595369301,1
90912,2.5760947,2.569203675,3.32381737,1
90920,2.438133227,2.615218697,2.88877758,1
90928,3.20355964,3.309151875,3.108896924,1
90929,3.48121432,3.256422435,3.567802101,1
90931,2.599184486,2.811919757,3.0654367,1
90934,2.936872609,2.87585761,3.398802809,1
90940,3.274560733,3.29381382,3.173041615,1
90946,3.446002396,3.148858013,3.344706336,1
90949,2.345774082,2.386857341,2.825004845,1
90950,2.731373512,3.010560042,3.180382734,1
90952,2.882034367,2.874509068,3.110118514,1
90958,2.76831717,2.746689944,3.322522468,1
90961,2.900506196,2.926255179,3.133872006,1
90964,2.839318263,2.69443888,3.321515409,1
90965,3.365188144,3.306370775,3.222398348,1
90970,2.681730472,2.926985603,2.769271611,1
90977,2.792561445,2.954431385,2.756979308,1
90980,2.782748286,2.787789175,3.544104943,1
90981,3.073102348,2.759921599,3.597126447,1
90983,2.730796267,3.144475467,2.812422385,1
90988,1.877051421,2.177879664,3.525196913,1
90989,2.215894034,2.603953701,3.356900634,1
90995,3.459856267,3.268025209,3.600692442,1
90998,2.953612704,2.962774684,3.260765396,1
91000,2.587639593,2.625190876,3.233420444,1
91001,2.794870424,2.731632228,2.956283768,1
91003,2.468727194,2.54529685,3.2883843,1
91012,2.801220115,2.77784443,3.241368113,1
91013,3.4887185,3.502622607,3.379787514,1
91020,3.329398975,3.412952725,3.418372951,1
91032,2.990556362,3.282604549,3.315282442,1
91041,3.482946054,3.504364652,2.835786944,1
91043,3.011914415,3.099162578,2.850297865,1
91045,3.089842443,2.952324985,3.329340379,1
91048,3.066752657,3.177933533,2.784598983,1
91049,2.858367336,2.606650785,3.467310654,1
91051,3.088110709,3.335558603,3.565291783,1
91058,3.526816647,3.385618393,3.201953105,1
91059,3.570109997,3.591928134,3.015928716,1
91061,3.104273559,2.744414655,3.481350071,1
91068,3.570109997,3.467591385,3.399336049,1
91070,2.966312087,3.166668537,3.405057383,1
91077,3.121590899,3.205575639,2.953007158,1
91086,3.118127431,3.313365532,3.057109357,1
91090,3.20471413,3.251366047,2.842306209,1
91091,3.276869712,3.211335018,3.151474331,1
91105,3.16142078,3.071295001,2.976759878,1
91109,3.134867526,3.36966222,2.403915727,1
91131,3.257243393,3.440370216,3.222111278,1
91135,2.419084153,2.360338306,3.371061206,1
91139,3.081761018,3.253445013,2.618621642,1
91142,2.93571812,2.937436159,3.07524878,1
91150,3.08580173,3.463602342,3.300973704,1
91154,2.898197217,2.530436315,3.447025924,1
91156,2.570899498,2.593784342,3.335280102,1
91161,2.990556362,3.272688095,3.14403212,1
91164,2.871066719,2.960921189,2.988718038,1
91167,3.058093987,3.473547087,3.166741511,1
91169,2.040411659,2.656149039,2.29313375,1
91170,3.451197598,3.592405653,2.699457288,1
91181,2.948994747,2.972691995,3.510273908,1
91184,1.79623717,1.954742728,2.842356369,1
91194,3.211641065,2.987608256,3.503158896,1
91195,2.715787906,2.616341767,3.443549446,1
91201,2.803529094,2.583614982,3.447097691,1
91204,3.316122348,3.516415797,2.875384071,1
91208,3.181047099,3.125091787,3.44275383,1
91213,3.380196505,3.54127766,3.205928098,1
91215,3.532589094,3.51877596,2.797527161,1
91217,2.026557787,2.201111789,3.42585992,1
91219,3.193169236,3.111439195,3.37812683,1
91227,3.551638168,3.327523934,3.332660975,1
91232,3.05232154,3.178888572,2.66237974,1
91235,3.447156885,3.292745617,3.112597193,1
91240,3.117550187,3.022639478,3.572256315,1
91246,2.706551992,2.439557632,3.566297299,1
91254,2.763121968,2.749695657,3.285774433,1
91257,3.077720305,2.853300185,3.54243114,1
91259,2.181259355,2.167316802,2.952331926,1
91261,2.274772989,2.201616742,3.465985657,1
91263,2.861830804,2.736689474,3.367646463,1
91268,2.393685388,2.071775234,3.566059617,1
91271,2.688080163,2.560860377,3.111688139,1
91276,3.534320828,3.561925009,3.0608567,1
91277,3.362879165,3.265215819,3.414965154,1
91281,2.631510186,3.212935607,2.738903935,1
91282,3.192014747,3.299600633,3.310182321,1
91284,2.073314604,2.228135777,2.891991683,1
91285,2.127575602,2.138465896,3.256782687,1
91292,3.374424058,3.357217572,3.373698854,1
91295,2.671917312,2.813549495,3.453711103,1
91297,2.413888951,2.434894747,3.319028241,1
91298,2.518370234,2.631146578,3.44131848,1
91303,3.398668334,3.410031028,3.064450476,1
91307,3.228958405,3.279907465,3.174638249,1
91309,3.591468049,3.498043738,3.063101556,1
91311,3.0944604,3.091970641,3.172338603,1
91312,2.368863868,2.351938425,3.413929541,1
91324,3.220299735,3.042444952,3.372766648,1
91329,2.315180115,2.439277293,3.186850296,1
91331,3.228958405,3.243893771,3.138828592,1
91335,2.859521825,2.764331579,3.596865614,1
91338,3.226072182,3.113573886,3.150437175,1
91340,3.202982396,3.300106443,3.070480487,1
91342,2.764853702,2.788687632,3.47634564,1
91347,3.066175412,3.1711351,3.107546461,1
91351,3.164307004,2.997384969,3.283825907,1
91354,3.181047099,3.010138247,3.587264978,1
91356,3.141217217,3.192569455,2.931374279,1
91358,2.55877736,2.488775548,3.500297457,1
91360,2.450255365,2.551083663,3.158357063,1
91361,3.396359355,3.025954679,3.601001891,1
91363,2.987092894,3.252153053,3.53100622,1
91365,2.128730091,2.552432205,2.90596319,1
91367,2.48315831,2.327779553,3.539488673,1
91369,2.268423298,2.299714796,3.25219497,1
91370,2.98651565,3.175292175,3.363328839,1
91385,3.076565816,3.149756469,3.266830134,1
91386,3.435034747,3.456074341,2.839738785,1
91388,2.47449964,2.490657334,3.133752394,1
91389,2.293244818,2.377108918,3.040622902,1
91391,3.533743583,3.235522181,3.35722706,1
91394,3.458701778,3.314067665,3.135088967,1
91397,2.720405863,3.029606801,3.028170087,1
91403,3.007873702,2.877290168,3.402763911,1
91404,2.375213559,2.349916041,3.223618395,1
91406,2.659795175,2.548808374,3.065019214,1
91409,3.582232134,3.457394591,3.420798383,1
91420,3.118127431,2.879846653,3.298445637,1
91421,2.737145958,2.892319593,3.590930521,1
91424,3.589736315,3.528270619,3.255611256,1
91426,2.116607954,2.189059787,3.297018776,1
91431,2.808724296,2.74348705,3.019225389,1
91559,3.58915907,3.568976348,2.900720306,0
91560,2.808724296,3.2046206,2.873160823,0
91836,2.406962015,3.396855955,3.349373537,0
92235,2.913205578,3.540547236,2.552654211,0
92361,2.899351707,3.291481949,2.923640369,0
92458,3.442538928,3.396995696,3.161413741,0
92545,3.130249569,3.426661042,3.343499408,0
92767,3.009028191,3.392445117,2.513418236,0
92896,2.91955527,2.853300185,3.496416611,0
92953,3.000946766,3.166977167,3.136144643,0
92984,2.879725388,3.203946758,2.736480047,0
93021,3.076565816,3.036179763,3.248870515,0
93073,3.545865721,3.577095032,2.975856997,1
93074,3.470246671,3.273418519,3.310555049,1
93080,3.026922776,3.077756514,3.121389095,1
93081,3.425221588,3.337103467,3.165277609,1
93088,3.386546196,3.297297053,3.32454199,1
93092,3.115818453,3.237881486,2.866396931,1
93093,2.853172134,3.07343055,2.643668492,1
93098,3.450043108,3.591646938,3.256268739,1
93100,3.153339355,3.130317064,3.102930963,1
93101,3.257820638,2.991400976,3.457113499,1
93129,2.614192847,3.177174818,2.517497407,1
93138,3.265324818,3.093291749,3.504990124,1
93139,3.050012562,2.961145803,3.292307588,1
93149,3.219722491,2.997384969,3.306735167,1
93152,2.783902776,2.637524075,3.227237637,1
93163,2.321529806,2.46436377,3.377287228,1
93171,3.57299622,3.236899014,3.55793523,1
93174,2.547232467,3.063429222,2.183555615,1
93176,3.396359355,3.203693853,3.24373181,1
93177,2.83527755,2.677471088,3.398827503,1
93180,3.537207051,3.491245304,3.408192001,1
93192,2.33192021,2.341460436,3.46471082,1
93198,3.016532372,2.981596829,3.155168427,1
93200,2.317489094,2.548752649,2.734829395,1
93206,3.550483678,3.224875303,3.347996065,1
93210,2.917246291,2.943447586,3.116384664,1
93213,2.404075792,2.43888379,3.12587572,1
93215,2.437555982,2.418151568,3.560386128,1
93221,3.417717408,3.311061952,3.311582172,1
93226,3.222608714,3.166695971,3.481636369,1
93231,3.406172514,3.386124203,3.115084361,1
93238,2.885497835,2.882852367,3.350855188,1
93247,2.901660685,2.860519555,3.310889192,1
93249,3.083492752,3.302718653,2.803899033,1
93251,2.498166671,2.849450882,2.504350068,1
93252,3.267056552,3.367948466,3.120688398,1
93253,3.246852989,2.927181926,3.589951242,1
93260,2.939758833,3.195491153,3.051088606,1
93261,2.966889331,3.144700081,2.941282821,1
93264,1.773147383,2.047812684,3.037197355,1
93266,2.877993654,3.085846907,3.126381179,1
93269,3.428685056,3.141413171,3.471380565,1
93270,3.429262301,3.577123323,2.777281015,1
93271,2.896465483,3.040562309,3.133120377,1
93272,2.616501825,2.912827201,2.759022752,1
93275,2.858944581,2.675392121,3.354851016,1
93279,3.004410234,2.796159907,3.518955458,1
93281,3.352488761,3.305696076,3.279869436,1
93283,3.263593084,3.250860236,3.178423405,1
93284,2.6678766,3.244118385,2.463195664,1
93287,2.77697584,2.882094509,3.419761228,1
93291,2.978434225,2.892376175,3.233520764,1
93304,2.880302633,2.923726984,3.108819755,1
93308,3.596663251,3.350784351,3.234271621,1
93311,3.394050377,3.436409464,3.415201292,1
93313,2.844513464,2.937689064,3.129999649,1
93316,3.531434605,3.371404265,3.393198,1
93318,3.478905341,3.300386782,3.388225209,1
93322,2.686348429,2.939515125,2.712115374,1
93323,2.090054699,2.363596924,2.87654547,1
93324,2.671917312,2.86846935,2.685172473,1
93327,3.340366624,3.425285067,3.362651292,1
93332,3.208754842,3.008733981,3.495137144,1
93339,3.349025293,3.249484261,3.290236364,1
93341,3.314390614,3.39840082,3.079540939,1
93350,3.437343726,3.164673587,3.285347686,1
93359,3.350757027,3.368594875,3.232350877,1
93361,2.785057265,2.728373609,3.422883499,1
93368,3.525662158,3.525461229,2.930448247,1
93376,3.483523298,3.43090299,3.320666546,1
93378,2.570322253,3.026319891,3.552005539,1
93382,3.459856267,3.427616938,3.581398565,1
93383,2.610152134,2.95386985,3.045832603,1
93384,3.503726861,3.359998671,3.435715215,1
93390,3.235308096,3.058485141,3.325528986,1
93391,2.813919498,3.131665606,3.029447239,1
93392,3.417717408,3.29330801,3.598184438,1
93394,2.635550899,2.941537509,3.356618966,1
93395,2.995751564,2.783631243,3.342967711,1
93399,3.104273559,3.030111754,3.21945048,1
93405,3.126208856,3.241027798,3.309193782,1
93407,3.234730852,3.312916304,2.925478542,1
93409,2.885497835,2.8220051,3.380755217,1
93414,2.473345151,2.847232175,2.935751324,1
93423,3.074834082,2.928137822,3.429641989,1
93428,3.198941683,3.08542597,3.269033318,1
93430,2.471613417,2.802480822,2.517419466,1
93432,2.799488381,2.597773385,3.390622088,1
93435,2.625160495,2.664885841,3.43697076,1
93437,3.500263393,3.320529178,3.473346839,1
93439,2.912051089,3.001092816,3.113355768,1
93445,3.088110709,2.987805436,3.521728923,1
93446,2.806415317,2.89392104,3.234668272,1
93455,3.446002396,3.422026448,3.349668324,1
93464,2.802951849,2.752223851,3.55942074,1
93465,2.925327716,2.720030311,3.34627596,1
93468,2.842204486,3.043624605,2.802357961,1
93471,3.346716315,3.230633825,3.274306299,1
93475,3.458701778,3.155122345,3.493464112,1
93477,3.231844628,3.261563697,3.137775231,1
93478,3.000946766,2.812229244,3.521450342,1
93486,3.354220495,3.184787692,3.588221106,1
93490,3.175274652,3.034269686,3.489729117,1
93493,3.538938785,3.438516722,3.47665123,1
93497,2.682884961,2.789221733,3.094101248,1
93500,3.352488761,3.310106913,3.19263568,1
93502,2.611306624,2.83498385,2.884901365,1
93505,3.19490097,3.393653061,3.453669432,1
93507,2.7596585,2.666093785,3.268642841,1
93510,2.648827526,2.571703578,3.499939391,1
93517,2.012703916,2.134252238,3.004536207,1
93528,3.242235032,3.290751524,3.382623487,1
93531,3.567801018,3.466889251,3.343551883,1
93537,2.761967479,3.292577585,3.024224419,1
93545,3.350179783,3.218048578,3.55137275,1
93546,2.857790091,2.932941305,3.546688572,1
93548,3.174120163,3.305864965,3.074203136,1
93553,2.679998738,2.874874281,3.292519804,1
93557,2.574362966,2.481780791,3.521720435,1
93558,2.354432752,2.693904779,2.978842678,1
93559,3.182201588,3.367078301,2.70964827,1
93561,2.940336077,3.040309404,3.163166256,1
93568,2.819691944,3.123069403,3.033664543,1
93569,2.800065626,2.722278166,3.430399792,1
93573,2.546655222,2.637467493,3.103645551,1
93580,2.95303546,2.905551248,3.50526639,1
93582,3.413676695,3.30561206,3.593280327,1
93587,3.168347716,3.257574654,3.103688766,1
93591,3.243389521,3.235943118,3.155835941,1
93607,2.438133227,2.721294836,3.440007373,1
93635,2.793715935,2.887010299,3.249598994,1
93638,3.260706861,3.453714178,2.741374126,1
93641,3.485255032,3.328423248,3.414019829,1
93646,3.035581445,3.079862914,3.331942529,1
93652,2.932831897,2.848720458,3.321417404,1
93666,2.921864248,2.658424329,3.595059852,1
93670,2.480849331,2.556618428,3.089017333,1
93676,3.415985674,3.44256149,3.135741047,1
93680,3.570109997,3.38463592,3.515377887,1
93682,3.297650519,3.213638598,3.307948269,1
93685,3.495645436,3.448825822,3.177128503,1
93688,3.077720305,3.021375809,3.205734403,1
93690,3.435611992,3.389832907,2.925144399,1
93693,3.256088904,3.548413015,3.122300465,1
93696,2.924750472,2.769725746,3.003570047,1
93698,2.626892229,2.659969193,3.514159384,1
93700,2.343465103,2.944543222,3.026040213,1
93702,3.287260115,3.2326845,3.295564906,1
93704,3.208177597,3.170207495,3.340874107,1
93705,3.255511659,3.223948555,3.15672416,1
93715,3.248584723,3.125653322,3.345794424,1
93717,3.604744676,3.336794837,3.486439388,1
93722,2.744072894,2.642327558,3.575289841,1
93725,3.493336457,3.38443874,3.257903186,1
93728,1.950361493,2.303198886,2.424789259,1
93739,3.29534154,3.512033251,2.843132693,1
93741,2.797179403,3.517062206,2.655043251,1
93744,3.003255745,3.133884313,3.580296587,1
93745,2.274772989,2.472032369,3.523073985,1
93747,3.436189236,3.214565345,3.43435472,1
93748,3.368074367,3.242685827,3.286674227,1
93749,3.320163061,3.166303325,3.382955315,1
93758,2.931100163,2.975810016,3.057114759,1
93767,2.78448002,2.678397835,3.343500951,1
93770,2.714056172,2.634039985,3.177666373,1
93771,2.670762823,2.93530061,3.107046403,1
93784,3.223763203,3.106634854,3.238559921,1
93785,2.755617787,2.983843827,3.0417434,1
93786,2.959962396,2.598728423,3.569385616,1
93787,3.567801018,3.438825352,3.322908315,1
93796,3.563760305,3.589764294,3.249481696,1
93800,2.61707907,2.860940492,3.130677968,1
93803,3.293032562,3.241280703,3.57332511,1
93806,3.033272467,3.282661131,2.793692617,1
93808,3.152762111,3.267575124,2.994186256,1
93809,1.929003441,2.379103868,2.914433296,1
93812,3.181047099,3.008312186,3.481736689,1
93823,2.721560353,3.080733936,2.926073518,1
93824,1.952093227,2.014832137,3.426468014,1
93827,3.383082728,3.384157544,3.392420134,1
93830,3.515271754,3.541193644,3.410825791,1
93838,3.478905341,3.29920713,3.342749322,1
93840,3.222031469,3.150290571,3.184448014,1
93841,3.365765388,3.403710113,3.332439499,1
93846,2.543191754,2.930019608,2.814925759,1
93850,2.855481113,3.067305958,3.020967101,1
93854,3.190860258,2.890072595,3.444281011,1
93856,2.480272087,2.422842744,3.173148109,1
93859,3.273983488,3.497987155,3.428932031,1
93870,3.173542918,3.078711552,3.305671002,1
93872,3.356529474,3.388680688,2.959231636,1
93888,3.252048191,3.476187588,2.938788709,1
93890,3.465628714,3.263838986,3.592289473,1
93906,3.233576362,3.064019049,3.594718764,1
93909,2.427742823,2.683089011,2.662004697,1
93910,3.286682871,3.277969097,3.494133171,1
93912,2.958807906,3.222936935,2.914849239,1
93918,3.439652704,3.154673117,3.550979958,1
93926,2.887229569,3.115905757,2.633164974,1
93928,3.560296837,3.427391467,3.468063055,1
93933,3.430994035,3.516837592,2.954670157,1
93934,3.280910424,3.068064674,3.35113377,1
93935,3.197787194,3.099556081,3.517248472,1
93942,2.051379308,2.872935913,1.917424829,1
93947,2.305366956,2.353370983,3.02398365,1
93949,2.951303726,2.727165665,3.399534374,1
93951,2.754463298,2.945751166,3.047111299,1
93954,3.096192134,3.139109591,3.088602162,1
93955,2.688080163,2.906000476,3.323440783,1
93960,2.930522918,3.061041626,2.799521217,1
93965,2.241292799,2.721182529,2.116115793,1
93968,3.57299622,3.597714947,3.076603102,1
93969,3.17007945,3.114500633,3.283607518,1
93982,3.317276837,3.164224359,3.279202693,1
93993,3.565492039,3.411322987,3.538833506,1
93996,3.312081636,3.172511075,3.515918844,1
93998,2.861253559,2.657525015,3.357815862,1
93999,3.175851897,3.224791287,3.28254181,1
94011,2.300171754,2.156529325,3.524317183,1
94013,3.504304106,3.404861475,3.423834997,1
94018,3.111200495,3.12908083,3.187134279,1
94019,3.328244486,3.38772565,3.043029813,1
94029,2.591103061,2.58864308,3.59426578,1
94031,3.055207764,2.88195391,3.270217867,1
94032,2.412734462,2.446945892,3.484159806,1
94033,2.446214652,2.647075317,2.853325218,1
94042,2.754463298,3.038764539,2.846180881,1
94045,3.210486576,2.910972848,3.361695164,1
94046,3.381928239,3.422503967,3.269669965,1
94047,3.326512752,3.587011486,2.982367002,1
94048,3.410213227,3.476581091,3.484473114,1
94052,2.730219023,3.254849279,2.420321155,1
94054,2.91955527,2.933053612,3.174618957,1
94058,3.247430234,3.289655888,2.942701965,1
94060,2.076200828,2.161838619,3.500207169,1
94071,3.263593084,3.255720302,3.231292885,1
94073,3.101387336,3.036179763,3.046920691,1
94077,3.151030377,3.303617967,2.794693503,1
94081,2.766585436,2.900662891,3.21441055,1
94084,2.805260828,2.798772975,3.114330417,1
94085,3.208754842,2.944880143,3.577351806,1
94092,2.824887146,2.628449495,3.498200766,1
94098,3.478328096,3.324237025,3.546572046,1
94102,3.144103441,2.874677958,3.484016271,1
94104,2.781593797,2.832174459,3.40622264,1
94110,3.331130709,3.483885335,2.999522516,1
94112,2.537419308,2.646120278,3.03382737,1
94113,2.702511279,2.899258624,3.556916595,1
94117,2.979588714,2.970640463,3.009021289,1
94121,3.570109997,3.443236189,3.210546682,1
94122,2.977279735,3.020869999,3.063635568,1
94129,3.592045294,3.301286096,3.341010697,1
94141,3.098501113,2.925355865,3.327425036,1
94145,3.114086719,3.366881121,2.579704377,1
94154,3.332285198,3.586309353,2.850801009,1
94158,2.502784628,2.953082843,2.611721932,1
94168,3.093305911,3.104669052,3.358912438,1
94169,3.398091089,3.331260072,3.156674,1
94170,2.84393622,3.105567508,3.584902825,1
94173,3.356529474,3.282463951,3.211889428,1
94183,3.35479774,3.230409211,3.376057149,1
94190,2.898774462,3.064806055,3.031287728,1
94191,3.46389698,3.33288981,2.972622059,1
94199,3.465628714,3.541081337,3.054388367,1
94201,2.99401983,2.902601259,3.280206666,1
94211,3.146412419,3.248023412,3.186640395,1
94216,3.278601445,3.400394912,3.604962221,1
94217,3.603012942,3.449023002,3.34993533,1
94220,2.727332799,2.963898611,2.980923935,1
94223,3.313813369,3.295864495,3.45210984,1
94224,2.613038357,2.48534804,3.340718225,1
94228,3.324203773,3.569369851,2.866585224,1
94230,3.560296837,3.480879622,3.262619775,1
94231,2.950149236,2.771101721,3.31663985,1
94234,3.327089997,3.27802568,3.08710662,1
94237,2.906278643,2.696741603,3.525953173,1
94239,2.890693037,3.15026228,2.958547144,1
94241,3.338057645,3.297549958,3.106860425,1
94243,3.444847906,3.405170962,3.026821167,1
94247,2.437555982,2.255582417,3.427779893,1
94249,3.454083821,3.142143595,3.343840496,1
94250,2.777553084,2.786159437,3.440199525,1
94256,3.073679593,3.269598365,3.277452492,1
94257,2.862985293,2.948195344,3.040224708,1
94258,3.317276837,3.301959938,3.272579249,1
94259,3.465628714,3.593136077,2.838513336,1
94260,2.518947479,2.808015587,2.912250947,1
94267,3.232999118,3.19282236,3.095260331,1
94278,3.025768286,3.26524411,2.975495073,1
94284,2.670185578,2.956763256,2.825383746,1
94285,2.957653417,3.066547243,3.353674184,1
94286,3.009028191,3.172118429,2.774298421,1
94287,2.732528001,2.841192457,3.449641964,1
94289,3.140062728,3.017864286,3.256119031,1
94294,1.862620305,2.012275651,3.460794476,1
94296,3.133135792,3.022218541,3.254487671,1
94303,2.85259489,2.86405937,3.078692076,1
94304,2.539728286,2.869846183,2.763547961,1
94305,3.291300828,3.199733101,3.35555017,1
94306,2.557045626,2.489730586,3.505340473,1
94319,3.418294652,3.412025121,3.430053301,1
94322,3.541247764,3.320304564,3.252834704,1
94323,3.416562918,3.391124867,3.299957384,1
94327,3.138908239,3.244146676,2.950516132,1
94328,2.355587241,2.775428543,3.045969193,1
94330,3.248584723,3.373454941,3.280339397,1
94335,2.495280448,2.290416459,3.457787959,1
94336,2.027712277,1.791106232,3.558945377,1
94339,3.532011849,3.433936995,3.26542025,1
94341,3.101964581,3.309320764,3.31739611,1
94345,3.491027479,3.167903915,3.519074298,1
94346,3.039044913,2.955527022,3.344159977,1
94347,3.598972229,3.547963787,3.549284548,1
94349,3.467937693,3.514309397,3.061960993,1
94351,3.280910424,3.035534212,3.43214459,1
94357,3.43041679,3.35356545,3.083487378,1
94361,3.02865451,3.025055365,3.01759403,1
94363,2.995751564,2.72528388,3.545863632,1
94366,2.662681398,2.729020017,3.121758736,1
94369,2.684616695,2.56156251,3.297197809,1
94370,3.175851897,3.558217162,2.7478795,1
94373,3.143526196,3.023398193,3.310178462,1
94380,2.007508714,2.036435381,3.518857453,1
94384,3.046549094,2.950976444,3.029275923,1
94387,2.775244106,3.278194569,3.167626643,1
94389,2.460068524,2.905382359,2.457965898,1
94392,3.598972229,3.492762735,3.183771239,1
94394,3.376733037,3.283334973,3.328332547,1
94397,2.140852229,2.67553272,2.971590305,1
94402,3.015377882,2.897685469,3.461921148,1
94403,3.376155792,3.127732288,3.34974858,1
94409,2.862408049,2.695618533,3.201781018,1
94413,3.244544011,3.062643073,3.424345858,1
94420,3.062711944,3.044298447,3.365714915,1
94424,3.444847906,3.278446617,3.487232689,1
94426,3.01133717,3.038005824,3.386994358,1
94428,2.428320068,2.383823336,3.224010415,1
94430,3.294187051,3.211784246,3.34546028,1
94446,2.832391327,2.976399842,3.382217576,1
94452,2.629201208,2.849563189,3.060703133,1
94455,3.575305199,3.508943521,3.196846811,1
94458,3.37096059,3.361375504,3.44429413,1
94459,3.582232134,3.165881531,3.550459837,1
94469,3.223185959,2.922574766,3.382742328,1
94471,3.284373892,2.999238464,3.564439061,1
94472,2.406962015,2.504366508,3.018171256,1
94474,2.738300448,2.547122911,3.432685547,1
94479,3.007873702,2.965275444,3.452396138,1
94488,2.800065626,3.591787536,2.045275119,1
94492,2.946108524,3.439106548,2.496221823,1
94497,2.933986386,2.982018623,3.073963911,1
94499,3.557410614,3.491582225,2.979301064,1
94506,3.43041679,3.095707636,3.314926691,1
94509,3.3969366,3.247995121,3.537864259,1
94521,3.241080543,3.003200073,3.495533794,1
94524,3.17123394,3.246871193,3.182411516,1
94525,3.156225578,3.238696784,3.311525067,1
94529,2.583021635,3.320304564,2.724873008,1
94551,3.573573465,3.597068538,3.090900264,1
94553,3.375001303,3.273361937,3.313421889,1
94557,3.421180875,3.331428962,3.330488658,1
94558,3.142948951,2.879397425,3.418156105,1
94564,2.648250281,3.255158767,3.289483963,1
94568,2.019053607,2.317328997,2.905476252,1
94573,3.52219869,3.386040187,3.531655986,1
94576,3.083492752,3.172118429,2.976918075,1
94585,2.568013274,2.615864248,3.40883868,1
94588,2.746959118,2.968084835,2.960129116,1
94589,3.547597455,3.455034429,3.581149308,1
94590,3.009605436,3.069188601,2.952260931,1
94604,3.21221831,3.149250659,3.452968734,1
94607,2.630932942,2.918782903,3.339185642,1
94608,3.209909331,3.30330848,3.371325897,1
94609,2.593412039,2.598897312,3.586394508,1
94610,3.093305911,3.491694532,3.571895162,1
94611,1.956133939,1.967243959,3.063001236,1
94612,3.045394605,2.85386172,2.973235555,1
94619,2.345774082,2.823774579,2.77025552,1
94621,2.545500733,2.707445064,2.981312869,1
94622,2.509134319,2.607773855,2.831907642,1
94624,3.302268476,3.472255127,2.989678796,1
94626,3.007873702,3.042922472,2.926339752,1
94627,3.176429141,2.958336412,3.569610178,1
94630,3.154493845,3.173100902,2.88422459,1
94633,3.054053274,2.89903401,3.594178578,1
94637,3.354220495,3.392753747,3.48624415,1
94642,3.481791564,3.297858588,3.101038771,1
94644,3.22087698,3.256029789,3.061936299,1
94645,2.962848619,2.9408911,3.209024903,1
94647,3.087533464,3.386011896,3.128709378,1
94649,2.389644676,2.672329826,2.956461257,1
94652,3.440807194,3.456495278,3.054764953,1
94662,3.550483678,3.282463951,3.339858559,1
94667,3.211641065,3.008762272,3.457540245,1
94669,1.878205911,1.83950885,3.127101169,1
94680,2.215894034,2.565382664,3.54894809,1
94685,2.667299355,2.74348705,2.856195917,1
94688,2.786788999,2.625247458,3.250104453,1
94691,2.8191147,2.70182714,3.467528272,1
94710,2.789097977,3.036826171,3.015858491,1
94711,2.612461113,2.761129542,3.143438688,1
94712,3.327089997,3.145795717,3.555464268,1
94718,3.344407336,3.113742775,3.595369301,1
94722,2.5760947,2.569203675,3.32381737,1
94730,2.438133227,2.615218697,2.88877758,1
94738,3.20355964,3.309151875,3.108896924,1
94739,3.48121432,3.256422435,3.567802101,1
94741,2.599184486,2.811919757,3.0654367,1
94744,2.936872609,2.87585761,3.398802809,1
94750,3.274560733,3.29381382,3.173041615,1
94756,3.446002396,3.148858013,3.344706336,1
94759,2.345774082,2.386857341,2.825004845,1
94760,2.731373512,3.010560042,3.180382734,1
94762,2.882034367,2.874509068,3.110118514,1
94768,2.76831717,2.746689944,3.322522468,1
94771,2.900506196,2.926255179,3.133872006,1
94774,2.839318263,2.69443888,3.321515409,1
94775,3.365188144,3.306370775,3.222398348,1
94780,2.681730472,2.926985603,2.769271611,1
94787,2.792561445,2.954431385,2.756979308,1
94790,2.782748286,2.787789175,3.544104943,1
94791,3.073102348,2.759921599,3.597126447,1
94793,2.730796267,3.144475467,2.812422385,1
94798,1.877051421,2.177879664,3.525196913,1
94799,2.215894034,2.603953701,3.356900634,1
94805,3.459856267,3.268025209,3.600692442,1
94808,2.953612704,2.962774684,3.260765396,1
94810,2.587639593,2.625190876,3.233420444,1
94811,2.794870424,2.731632228,2.956283768,1
94813,2.468727194,2.54529685,3.2883843,1
94822,2.801220115,2.77784443,3.241368113,1
94823,3.4887185,3.502622607,3.379787514,1
94830,3.329398975,3.412952725,3.418372951,1
94842,2.990556362,3.282604549,3.315282442,1
94851,3.482946054,3.504364652,2.835786944,1
94853,3.011914415,3.099162578,2.850297865,1
94855,3.089842443,2.952324985,3.329340379,1
94858,3.066752657,3.177933533,2.784598983,1
94859,2.858367336,2.606650785,3.467310654,1
94861,3.088110709,3.335558603,3.565291783,1
94868,3.526816647,3.385618393,3.201953105,1
94869,3.570109997,3.591928134,3.015928716,1
94871,3.104273559,2.744414655,3.481350071,1
94878,3.570109997,3.467591385,3.399336049,1
94880,2.966312087,3.166668537,3.405057383,1
94887,3.121590899,3.205575639,2.953007158,1
94896,3.118127431,3.313365532,3.057109357,1
94900,3.20471413,3.251366047,2.842306209,1
94901,3.276869712,3.211335018,3.151474331,1
94915,3.16142078,3.071295001,2.976759878,1
94919,3.134867526,3.36966222,2.403915727,1
94941,3.257243393,3.440370216,3.222111278,1
94945,2.419084153,2.360338306,3.371061206,1
94949,3.081761018,3.253445013,2.618621642,1
94952,2.93571812,2.937436159,3.07524878,1
94960,3.08580173,3.463602342,3.300973704,1
94964,2.898197217,2.530436315,3.447025924,1
94966,2.570899498,2.593784342,3.335280102,1
94971,2.990556362,3.272688095,3.14403212,1
94974,2.871066719,2.960921189,2.988718038,1
94977,3.058093987,3.473547087,3.166741511,1
94979,2.040411659,2.656149039,2.29313375,1
94980,3.451197598,3.592405653,2.699457288,1
94991,2.948994747,2.972691995,3.510273908,1
94994,1.79623717,1.954742728,2.842356369,1
95004,3.211641065,2.987608256,3.503158896,1
95005,2.715787906,2.616341767,3.443549446,1
95011,2.803529094,2.583614982,3.447097691,1
95014,3.316122348,3.516415797,2.875384071,1
95018,3.181047099,3.125091787,3.44275383,1
95023,3.380196505,3.54127766,3.205928098,1
95025,3.532589094,3.51877596,2.797527161,1
95027,2.026557787,2.201111789,3.42585992,1
95029,3.193169236,3.111439195,3.37812683,1
95037,3.551638168,3.327523934,3.332660975,1
95042,3.05232154,3.178888572,2.66237974,1
95045,3.447156885,3.292745617,3.112597193,1
95050,3.117550187,3.022639478,3.572256315,1
95056,2.706551992,2.439557632,3.566297299,1
95064,2.763121968,2.749695657,3.285774433,1
95067,3.077720305,2.853300185,3.54243114,1
95069,2.181259355,2.167316802,2.952331926,1
95071,2.274772989,2.201616742,3.465985657,1
95073,2.861830804,2.736689474,3.367646463,1
95078,2.393685388,2.071775234,3.566059617,1
95081,2.688080163,2.560860377,3.111688139,1
95086,3.534320828,3.561925009,3.0608567,1
95087,3.362879165,3.265215819,3.414965154,1
95091,2.631510186,3.212935607,2.738903935,1
95092,3.192014747,3.299600633,3.310182321,1
95094,2.073314604,2.228135777,2.891991683,1
95095,2.127575602,2.138465896,3.256782687,1
95102,3.374424058,3.357217572,3.373698854,1
95105,2.671917312,2.813549495,3.453711103,1
95107,2.413888951,2.434894747,3.319028241,1
95108,2.518370234,2.631146578,3.44131848,1
95113,3.398668334,3.410031028,3.064450476,1
95117,3.228958405,3.279907465,3.174638249,1
95119,3.591468049,3.498043738,3.063101556,1
95121,3.0944604,3.091970641,3.172338603,1
95122,2.368863868,2.351938425,3.413929541,1
95134,3.220299735,3.042444952,3.372766648,1
95139,2.315180115,2.439277293,3.186850296,1
95141,3.228958405,3.243893771,3.138828592,1
95145,2.859521825,2.764331579,3.596865614,1
95148,3.226072182,3.113573886,3.150437175,1
95150,3.202982396,3.300106443,3.070480487,1
95152,2.764853702,2.788687632,3.47634564,1
95157,3.066175412,3.1711351,3.107546461,1
95161,3.164307004,2.997384969,3.283825907,1
95164,3.181047099,3.010138247,3.587264978,1
95166,3.141217217,3.192569455,2.931374279,1
95168,2.55877736,2.488775548,3.500297457,1
95170,2.450255365,2.551083663,3.158357063,1
95171,3.396359355,3.025954679,3.601001891,1
95173,2.987092894,3.252153053,3.53100622,1
95175,2.128730091,2.552432205,2.90596319,1
95177,2.48315831,2.327779553,3.539488673,1
95179,2.268423298,2.299714796,3.25219497,1
95180,2.98651565,3.175292175,3.363328839,1
95195,3.076565816,3.149756469,3.266830134,1
95196,3.435034747,3.456074341,2.839738785,1
95198,2.47449964,2.490657334,3.133752394,1
95199,2.293244818,2.377108918,3.040622902,1
95201,3.533743583,3.235522181,3.35722706,1
95204,3.458701778,3.314067665,3.135088967,1
95207,2.720405863,3.029606801,3.028170087,1
95213,3.007873702,2.877290168,3.402763911,1
95214,2.375213559,2.349916041,3.223618395,1
95216,2.659795175,2.548808374,3.065019214,1
95219,3.582232134,3.457394591,3.420798383,1
95230,3.118127431,2.879846653,3.298445637,1
95231,2.737145958,2.892319593,3.590930521,1
95234,3.589736315,3.528270619,3.255611256,1
95236,2.116607954,2.189059787,3.297018776,1
95241,2.808724296,2.74348705,3.019225389,1
95369,3.58915907,3.568976348,2.900720306,0
95370,2.808724296,3.2046206,2.873160823,0
95646,2.406962015,3.396855955,3.349373537,0
96045,2.913205578,3.540547236,2.552654211,0
96171,2.899351707,3.291481949,2.923640369,0
96268,3.442538928,3.396995696,3.161413741,0
96355,3.130249569,3.426661042,3.343499408,0
96577,3.009028191,3.392445117,2.513418236,0
96706,2.91955527,2.853300185,3.496416611,0
96763,3.000946766,3.166977167,3.136144643,0
96794,2.879725388,3.203946758,2.736480047,0
96831,3.076565816,3.036179763,3.248870515,0
96883,3.545865721,3.577095032,2.975856997,1
96884,3.470246671,3.273418519,3.310555049,1
96890,3.026922776,3.077756514,3.121389095,1
96891,3.425221588,3.337103467,3.165277609,1
96898,3.386546196,3.297297053,3.32454199,1
96902,3.115818453,3.237881486,2.866396931,1
96903,2.853172134,3.07343055,2.643668492,1
96908,3.450043108,3.591646938,3.256268739,1
96910,3.153339355,3.130317064,3.102930963,1
96911,3.257820638,2.991400976,3.457113499,1
96939,2.614192847,3.177174818,2.517497407,1
96948,3.265324818,3.093291749,3.504990124,1
96949,3.050012562,2.961145803,3.292307588,1
96959,3.219722491,2.997384969,3.306735167,1
96962,2.783902776,2.637524075,3.227237637,1
96973,2.321529806,2.46436377,3.377287228,1
96981,3.57299622,3.236899014,3.55793523,1
96984,2.547232467,3.063429222,2.183555615,1
96986,3.396359355,3.203693853,3.24373181,1
96987,2.83527755,2.677471088,3.398827503,1
96990,3.537207051,3.491245304,3.408192001,1
97002,2.33192021,2.341460436,3.46471082,1
97008,3.016532372,2.981596829,3.155168427,1
97010,2.317489094,2.548752649,2.734829395,1
97016,3.550483678,3.224875303,3.347996065,1
97020,2.917246291,2.943447586,3.116384664,1
97023,2.404075792,2.43888379,3.12587572,1
97025,2.437555982,2.418151568,3.560386128,1
97031,3.417717408,3.311061952,3.311582172,1
97036,3.222608714,3.166695971,3.481636369,1
97041,3.406172514,3.386124203,3.115084361,1
97048,2.885497835,2.882852367,3.350855188,1
97057,2.901660685,2.860519555,3.310889192,1
97059,3.083492752,3.302718653,2.803899033,1
97061,2.498166671,2.849450882,2.504350068,1
97062,3.267056552,3.367948466,3.120688398,1
97063,3.246852989,2.927181926,3.589951242,1
97070,2.939758833,3.195491153,3.051088606,1
97071,2.966889331,3.144700081,2.941282821,1
97074,1.773147383,2.047812684,3.037197355,1
97076,2.877993654,3.085846907,3.126381179,1
97079,3.428685056,3.141413171,3.471380565,1
97080,3.429262301,3.577123323,2.777281015,1
97081,2.896465483,3.040562309,3.133120377,1
97082,2.616501825,2.912827201,2.759022752,1
97085,2.858944581,2.675392121,3.354851016,1
97089,3.004410234,2.796159907,3.518955458,1
97091,3.352488761,3.305696076,3.279869436,1
97093,3.263593084,3.250860236,3.178423405,1
97094,2.6678766,3.244118385,2.463195664,1
97097,2.77697584,2.882094509,3.419761228,1
97101,2.978434225,2.892376175,3.233520764,1
97114,2.880302633,2.923726984,3.108819755,1
97118,3.596663251,3.350784351,3.234271621,1
97121,3.394050377,3.436409464,3.415201292,1
97123,2.844513464,2.937689064,3.129999649,1
97126,3.531434605,3.371404265,3.393198,1
97128,3.478905341,3.300386782,3.388225209,1
97132,2.686348429,2.939515125,2.712115374,1
97133,2.090054699,2.363596924,2.87654547,1
97134,2.671917312,2.86846935,2.685172473,1
97137,3.340366624,3.425285067,3.362651292,1
97142,3.208754842,3.008733981,3.495137144,1
97149,3.349025293,3.249484261,3.290236364,1
97151,3.314390614,3.39840082,3.079540939,1
97160,3.437343726,3.164673587,3.285347686,1
97169,3.350757027,3.368594875,3.232350877,1
97171,2.785057265,2.728373609,3.422883499,1
97178,3.525662158,3.525461229,2.930448247,1
97186,3.483523298,3.43090299,3.320666546,1
97188,2.570322253,3.026319891,3.552005539,1
97192,3.459856267,3.427616938,3.581398565,1
97193,2.610152134,2.95386985,3.045832603,1
97194,3.503726861,3.359998671,3.435715215,1
97200,3.235308096,3.058485141,3.325528986,1
97201,2.813919498,3.131665606,3.029447239,1
97202,3.417717408,3.29330801,3.598184438,1
97204,2.635550899,2.941537509,3.356618966,1
97205,2.995751564,2.783631243,3.342967711,1
97209,3.104273559,3.030111754,3.21945048,1
97215,3.126208856,3.241027798,3.309193782,1
97217,3.234730852,3.312916304,2.925478542,1
97219,2.885497835,2.8220051,3.380755217,1
97224,2.473345151,2.847232175,2.935751324,1
97233,3.074834082,2.928137822,3.429641989,1
97238,3.198941683,3.08542597,3.269033318,1
97240,2.471613417,2.802480822,2.517419466,1
97242,2.799488381,2.597773385,3.390622088,1
97245,2.625160495,2.664885841,3.43697076,1
97247,3.500263393,3.320529178,3.473346839,1
97249,2.912051089,3.001092816,3.113355768,1
97255,3.088110709,2.987805436,3.521728923,1
97256,2.806415317,2.89392104,3.234668272,1
97265,3.446002396,3.422026448,3.349668324,1
97274,2.802951849,2.752223851,3.55942074,1
97275,2.925327716,2.720030311,3.34627596,1
97278,2.842204486,3.043624605,2.802357961,1
97281,3.346716315,3.230633825,3.274306299,1
97285,3.458701778,3.155122345,3.493464112,1
97287,3.231844628,3.261563697,3.137775231,1
97288,3.000946766,2.812229244,3.521450342,1
97296,3.354220495,3.184787692,3.588221106,1
97300,3.175274652,3.034269686,3.489729117,1
97303,3.538938785,3.438516722,3.47665123,1
97307,2.682884961,2.789221733,3.094101248,1
97310,3.352488761,3.310106913,3.19263568,1
97312,2.611306624,2.83498385,2.884901365,1
97315,3.19490097,3.393653061,3.453669432,1
97317,2.7596585,2.666093785,3.268642841,1
97320,2.648827526,2.571703578,3.499939391,1
97327,2.012703916,2.134252238,3.004536207,1
97338,3.242235032,3.290751524,3.382623487,1
97341,3.567801018,3.466889251,3.343551883,1
97347,2.761967479,3.292577585,3.024224419,1
97355,3.350179783,3.218048578,3.55137275,1
97356,2.857790091,2.932941305,3.546688572,1
97358,3.174120163,3.305864965,3.074203136,1
97363,2.679998738,2.874874281,3.292519804,1
97367,2.574362966,2.481780791,3.521720435,1
97368,2.354432752,2.693904779,2.978842678,1
97369,3.182201588,3.367078301,2.70964827,1
97371,2.940336077,3.040309404,3.163166256,1
97378,2.819691944,3.123069403,3.033664543,1
97379,2.800065626,2.722278166,3.430399792,1
97383,2.546655222,2.637467493,3.103645551,1
97390,2.95303546,2.905551248,3.50526639,1
97392,3.413676695,3.30561206,3.593280327,1
97397,3.168347716,3.257574654,3.103688766,1
97401,3.243389521,3.235943118,3.155835941,1
97417,2.438133227,2.721294836,3.440007373,1
97445,2.793715935,2.887010299,3.249598994,1
97448,3.260706861,3.453714178,2.741374126,1
97451,3.485255032,3.328423248,3.414019829,1
97456,3.035581445,3.079862914,3.331942529,1
97462,2.932831897,2.848720458,3.321417404,1
97476,2.921864248,2.658424329,3.595059852,1
97480,2.480849331,2.556618428,3.089017333,1
97486,3.415985674,3.44256149,3.135741047,1
97490,3.570109997,3.38463592,3.515377887,1
97492,3.297650519,3.213638598,3.307948269,1
97495,3.495645436,3.448825822,3.177128503,1
97498,3.077720305,3.021375809,3.205734403,1
97500,3.435611992,3.389832907,2.925144399,1
97503,3.256088904,3.548413015,3.122300465,1
97506,2.924750472,2.769725746,3.003570047,1
97508,2.626892229,2.659969193,3.514159384,1
97510,2.343465103,2.944543222,3.026040213,1
97512,3.287260115,3.2326845,3.295564906,1
97514,3.208177597,3.170207495,3.340874107,1
97515,3.255511659,3.223948555,3.15672416,1
97525,3.248584723,3.125653322,3.345794424,1
97527,3.604744676,3.336794837,3.486439388,1
97532,2.744072894,2.642327558,3.575289841,1
97535,3.493336457,3.38443874,3.257903186,1
97538,1.950361493,2.303198886,2.424789259,1
97549,3.29534154,3.512033251,2.843132693,1
97551,2.797179403,3.517062206,2.655043251,1
97554,3.003255745,3.133884313,3.580296587,1
97555,2.274772989,2.472032369,3.523073985,1
97557,3.436189236,3.214565345,3.43435472,1
97558,3.368074367,3.242685827,3.286674227,1
97559,3.320163061,3.166303325,3.382955315,1
97568,2.931100163,2.975810016,3.057114759,1
97577,2.78448002,2.678397835,3.343500951,1
97580,2.714056172,2.634039985,3.177666373,1
97581,2.670762823,2.93530061,3.107046403,1
97594,3.223763203,3.106634854,3.238559921,1
97595,2.755617787,2.983843827,3.0417434,1
97596,2.959962396,2.598728423,3.569385616,1
97597,3.567801018,3.438825352,3.322908315,1
97606,3.563760305,3.589764294,3.249481696,1
97610,2.61707907,2.860940492,3.130677968,1
97613,3.293032562,3.241280703,3.57332511,1
97616,3.033272467,3.282661131,2.793692617,1
97618,3.152762111,3.267575124,2.994186256,1
97619,1.929003441,2.379103868,2.914433296,1
97622,3.181047099,3.008312186,3.481736689,1
97633,2.721560353,3.080733936,2.926073518,1
97634,1.952093227,2.014832137,3.426468014,1
97637,3.383082728,3.384157544,3.392420134,1
97640,3.515271754,3.541193644,3.410825791,1
97648,3.478905341,3.29920713,3.342749322,1
97650,3.222031469,3.150290571,3.184448014,1
97651,3.365765388,3.403710113,3.332439499,1
97656,2.543191754,2.930019608,2.814925759,1
97660,2.855481113,3.067305958,3.020967101,1
97664,3.190860258,2.890072595,3.444281011,1
97666,2.480272087,2.422842744,3.173148109,1
97669,3.273983488,3.497987155,3.428932031,1
97680,3.173542918,3.078711552,3.305671002,1
97682,3.356529474,3.388680688,2.959231636,1
97698,3.252048191,3.476187588,2.938788709,1
97700,3.465628714,3.263838986,3.592289473,1
97716,3.233576362,3.064019049,3.594718764,1
97719,2.427742823,2.683089011,2.662004697,1
97720,3.286682871,3.277969097,3.494133171,1
97722,2.958807906,3.222936935,2.914849239,1
97728,3.439652704,3.154673117,3.550979958,1
97736,2.887229569,3.115905757,2.633164974,1
97738,3.560296837,3.427391467,3.468063055,1
97743,3.430994035,3.516837592,2.954670157,1
97744,3.280910424,3.068064674,3.35113377,1
97745,3.197787194,3.099556081,3.517248472,1
97752,2.051379308,2.872935913,1.917424829,1
97757,2.305366956,2.353370983,3.02398365,1
97759,2.951303726,2.727165665,3.399534374,1
97761,2.754463298,2.945751166,3.047111299,1
97764,3.096192134,3.139109591,3.088602162,1
97765,2.688080163,2.906000476,3.323440783,1
97770,2.930522918,3.061041626,2.799521217,1
97775,2.241292799,2.721182529,2.116115793,1
97778,3.57299622,3.597714947,3.076603102,1
97779,3.17007945,3.114500633,3.283607518,1
97792,3.317276837,3.164224359,3.279202693,1
97803,3.565492039,3.411322987,3.538833506,1
97806,3.312081636,3.172511075,3.515918844,1
97808,2.861253559,2.657525015,3.357815862,1
97809,3.175851897,3.224791287,3.28254181,1
97821,2.300171754,2.156529325,3.524317183,1
97823,3.504304106,3.404861475,3.423834997,1
97828,3.111200495,3.12908083,3.187134279,1
97829,3.328244486,3.38772565,3.043029813,1
97839,2.591103061,2.58864308,3.59426578,1
97841,3.055207764,2.88195391,3.270217867,1
97842,2.412734462,2.446945892,3.484159806,1
97843,2.446214652,2.647075317,2.853325218,1
97852,2.754463298,3.038764539,2.846180881,1
97855,3.210486576,2.910972848,3.361695164,1
97856,3.381928239,3.422503967,3.269669965,1
97857,3.326512752,3.587011486,2.982367002,1
97858,3.410213227,3.476581091,3.484473114,1
97862,2.730219023,3.254849279,2.420321155,1
97864,2.91955527,2.933053612,3.174618957,1
97868,3.247430234,3.289655888,2.942701965,1
97870,2.076200828,2.161838619,3.500207169,1
97881,3.263593084,3.255720302,3.231292885,1
97883,3.101387336,3.036179763,3.046920691,1
97887,3.151030377,3.303617967,2.794693503,1
97891,2.766585436,2.900662891,3.21441055,1
97894,2.805260828,2.798772975,3.114330417,1
97895,3.208754842,2.944880143,3.577351806,1
97902,2.824887146,2.628449495,3.498200766,1
97908,3.478328096,3.324237025,3.546572046,1
97912,3.144103441,2.874677958,3.484016271,1
97914,2.781593797,2.832174459,3.40622264,1
97920,3.331130709,3.483885335,2.999522516,1
97922,2.537419308,2.646120278,3.03382737,1
97923,2.702511279,2.899258624,3.556916595,1
97927,2.979588714,2.970640463,3.009021289,1
97931,3.570109997,3.443236189,3.210546682,1
97932,2.977279735,3.020869999,3.063635568,1
97939,3.592045294,3.301286096,3.341010697,1
97951,3.098501113,2.925355865,3.327425036,1
97955,3.114086719,3.366881121,2.579704377,1
97964,3.332285198,3.586309353,2.850801009,1
97968,2.502784628,2.953082843,2.611721932,1
97978,3.093305911,3.104669052,3.358912438,1
97979,3.398091089,3.331260072,3.156674,1
97980,2.84393622,3.105567508,3.584902825,1
97983,3.356529474,3.282463951,3.211889428,1
97993,3.35479774,3.230409211,3.376057149,1
98000,2.898774462,3.064806055,3.031287728,1
98001,3.46389698,3.33288981,2.972622059,1
98009,3.465628714,3.541081337,3.054388367,1
98011,2.99401983,2.902601259,3.280206666,1
98021,3.146412419,3.248023412,3.186640395,1
98026,3.278601445,3.400394912,3.604962221,1
98027,3.603012942,3.449023002,3.34993533,1
98030,2.727332799,2.963898611,2.980923935,1
98033,3.313813369,3.295864495,3.45210984,1
98034,2.613038357,2.48534804,3.340718225,1
98038,3.324203773,3.569369851,2.866585224,1
98040,3.560296837,3.480879622,3.262619775,1
98041,2.950149236,2.771101721,3.31663985,1
98044,3.327089997,3.27802568,3.08710662,1
98047,2.906278643,2.696741603,3.525953173,1
98049,2.890693037,3.15026228,2.958547144,1
98051,3.338057645,3.297549958,3.106860425,1
98053,3.444847906,3.405170962,3.026821167,1
98057,2.437555982,2.255582417,3.427779893,1
98059,3.454083821,3.142143595,3.343840496,1
98060,2.777553084,2.786159437,3.440199525,1
98066,3.073679593,3.269598365,3.277452492,1
98067,2.862985293,2.948195344,3.040224708,1
98068,3.317276837,3.301959938,3.272579249,1
98069,3.465628714,3.593136077,2.838513336,1
98070,2.518947479,2.808015587,2.912250947,1
98077,3.232999118,3.19282236,3.095260331,1
98088,3.025768286,3.26524411,2.975495073,1
98094,2.670185578,2.956763256,2.825383746,1
98095,2.957653417,3.066547243,3.353674184,1
98096,3.009028191,3.172118429,2.774298421,1
98097,2.732528001,2.841192457,3.449641964,1
98099,3.140062728,3.017864286,3.256119031,1
98104,1.862620305,2.012275651,3.460794476,1
98106,3.133135792,3.022218541,3.254487671,1
98113,2.85259489,2.86405937,3.078692076,1
98114,2.539728286,2.869846183,2.763547961,1
98115,3.291300828,3.199733101,3.35555017,1
98116,2.557045626,2.489730586,3.505340473,1
98129,3.418294652,3.412025121,3.430053301,1
98132,3.541247764,3.320304564,3.252834704,1
98133,3.416562918,3.391124867,3.299957384,1
98137,3.138908239,3.244146676,2.950516132,1
98138,2.355587241,2.775428543,3.045969193,1
98140,3.248584723,3.373454941,3.280339397,1
98145,2.495280448,2.290416459,3.457787959,1
98146,2.027712277,1.791106232,3.558945377,1
98149,3.532011849,3.433936995,3.26542025,1
98151,3.101964581,3.309320764,3.31739611,1
98155,3.491027479,3.167903915,3.519074298,1
98156,3.039044913,2.955527022,3.344159977,1
98157,3.598972229,3.547963787,3.549284548,1
98159,3.467937693,3.514309397,3.061960993,1
98161,3.280910424,3.035534212,3.43214459,1
98167,3.43041679,3.35356545,3.083487378,1
98171,3.02865451,3.025055365,3.01759403,1
98173,2.995751564,2.72528388,3.545863632,1
98176,2.662681398,2.729020017,3.121758736,1
98179,2.684616695,2.56156251,3.297197809,1
98180,3.175851897,3.558217162,2.7478795,1
98183,3.143526196,3.023398193,3.310178462,1
98190,2.007508714,2.036435381,3.518857453,1
98194,3.046549094,2.950976444,3.029275923,1
98197,2.775244106,3.278194569,3.167626643,1
98199,2.460068524,2.905382359,2.457965898,1
98202,3.598972229,3.492762735,3.183771239,1
98204,3.376733037,3.283334973,3.328332547,1
98207,2.140852229,2.67553272,2.971590305,1
98212,3.015377882,2.897685469,3.461921148,1
98213,3.376155792,3.127732288,3.34974858,1
98219,2.862408049,2.695618533,3.201781018,1
98223,3.244544011,3.062643073,3.424345858,1
98230,3.062711944,3.044298447,3.365714915,1
98234,3.444847906,3.278446617,3.487232689,1
98236,3.01133717,3.038005824,3.386994358,1
98238,2.428320068,2.383823336,3.224010415,1
98240,3.294187051,3.211784246,3.34546028,1
98256,2.832391327,2.976399842,3.382217576,1
98262,2.629201208,2.849563189,3.060703133,1
98265,3.575305199,3.508943521,3.196846811,1
98268,3.37096059,3.361375504,3.44429413,1
98269,3.582232134,3.165881531,3.550459837,1
98279,3.223185959,2.922574766,3.382742328,1
98281,3.284373892,2.999238464,3.564439061,1
98282,2.406962015,2.504366508,3.018171256,1
98284,2.738300448,2.547122911,3.432685547,1
98289,3.007873702,2.965275444,3.452396138,1
98298,2.800065626,3.591787536,2.045275119,1
98302,2.946108524,3.439106548,2.496221823,1
98307,2.933986386,2.982018623,3.073963911,1
98309,3.557410614,3.491582225,2.979301064,1
98316,3.43041679,3.095707636,3.314926691,1
98319,3.3969366,3.247995121,3.537864259,1
98331,3.241080543,3.003200073,3.495533794,1
98334,3.17123394,3.246871193,3.182411516,1
98335,3.156225578,3.238696784,3.311525067,1
98339,2.583021635,3.320304564,2.724873008,1
98361,3.573573465,3.597068538,3.090900264,1
98363,3.375001303,3.273361937,3.313421889,1
98367,3.421180875,3.331428962,3.330488658,1
98368,3.142948951,2.879397425,3.418156105,1
98374,2.648250281,3.255158767,3.289483963,1
98378,2.019053607,2.317328997,2.905476252,1
98383,3.52219869,3.386040187,3.531655986,1
98386,3.083492752,3.172118429,2.976918075,1
98395,2.568013274,2.615864248,3.40883868,1
98398,2.746959118,2.968084835,2.960129116,1
98399,3.547597455,3.455034429,3.581149308,1
98400,3.009605436,3.069188601,2.952260931,1
98414,3.21221831,3.149250659,3.452968734,1
98417,2.630932942,2.918782903,3.339185642,1
98418,3.209909331,3.30330848,3.371325897,1
98419,2.593412039,2.598897312,3.586394508,1
98420,3.093305911,3.491694532,3.571895162,1
98421,1.956133939,1.967243959,3.063001236,1
98422,3.045394605,2.85386172,2.973235555,1
98429,2.345774082,2.823774579,2.77025552,1
98431,2.545500733,2.707445064,2.981312869,1
98432,2.509134319,2.607773855,2.831907642,1
98434,3.302268476,3.472255127,2.989678796,1
98436,3.007873702,3.042922472,2.926339752,1
98437,3.176429141,2.958336412,3.569610178,1
98440,3.154493845,3.173100902,2.88422459,1
98443,3.054053274,2.89903401,3.594178578,1
98447,3.354220495,3.392753747,3.48624415,1
98452,3.481791564,3.297858588,3.101038771,1
98454,3.22087698,3.256029789,3.061936299,1
98455,2.962848619,2.9408911,3.209024903,1
98457,3.087533464,3.386011896,3.128709378,1
98459,2.389644676,2.672329826,2.956461257,1
98462,3.440807194,3.456495278,3.054764953,1
98472,3.550483678,3.282463951,3.339858559,1
98477,3.211641065,3.008762272,3.457540245,1
98479,1.878205911,1.83950885,3.127101169,1
98490,2.215894034,2.565382664,3.54894809,1
98495,2.667299355,2.74348705,2.856195917,1
98498,2.786788999,2.625247458,3.250104453,1
98501,2.8191147,2.70182714,3.467528272,1
98520,2.789097977,3.036826171,3.015858491,1
98521,2.612461113,2.761129542,3.143438688,1
98522,3.327089997,3.145795717,3.555464268,1
98528,3.344407336,3.113742775,3.595369301,1
98532,2.5760947,2.569203675,3.32381737,1
98540,2.438133227,2.615218697,2.88877758,1
98548,3.20355964,3.309151875,3.108896924,1
98549,3.48121432,3.256422435,3.567802101,1
98551,2.599184486,2.811919757,3.0654367,1
98554,2.936872609,2.87585761,3.398802809,1
98560,3.274560733,3.29381382,3.173041615,1
98566,3.446002396,3.148858013,3.344706336,1
98569,2.345774082,2.386857341,2.825004845,1
98570,2.731373512,3.010560042,3.180382734,1
98572,2.882034367,2.874509068,3.110118514,1
98578,2.76831717,2.746689944,3.322522468,1
98581,2.900506196,2.926255179,3.133872006,1
98584,2.839318263,2.69443888,3.321515409,1
98585,3.365188144,3.306370775,3.222398348,1
98590,2.681730472,2.926985603,2.769271611,1
98597,2.792561445,2.954431385,2.756979308,1
98600,2.782748286,2.787789175,3.544104943,1
98601,3.073102348,2.759921599,3.597126447,1
98603,2.730796267,3.144475467,2.812422385,1
98608,1.877051421,2.177879664,3.525196913,1
98609,2.215894034,2.603953701,3.356900634,1
98615,3.459856267,3.268025209,3.600692442,1
98618,2.953612704,2.962774684,3.260765396,1
98620,2.587639593,2.625190876,3.233420444,1
98621,2.794870424,2.731632228,2.956283768,1
98623,2.468727194,2.54529685,3.2883843,1
98632,2.801220115,2.77784443,3.241368113,1
98633,3.4887185,3.502622607,3.379787514,1
98640,3.329398975,3.412952725,3.418372951,1
98652,2.990556362,3.282604549,3.315282442,1
98661,3.482946054,3.504364652,2.835786944,1
98663,3.011914415,3.099162578,2.850297865,1
98665,3.089842443,2.952324985,3.329340379,1
98668,3.066752657,3.177933533,2.784598983,1
98669,2.858367336,2.606650785,3.467310654,1
98671,3.088110709,3.335558603,3.565291783,1
98678,3.526816647,3.385618393,3.201953105,1
98679,3.570109997,3.591928134,3.015928716,1
98681,3.104273559,2.744414655,3.481350071,1
98688,3.570109997,3.467591385,3.399336049,1
98690,2.966312087,3.166668537,3.405057383,1
98697,3.121590899,3.205575639,2.953007158,1
98706,3.118127431,3.313365532,3.057109357,1
98710,3.20471413,3.251366047,2.842306209,1
98711,3.276869712,3.211335018,3.151474331,1
98725,3.16142078,3.071295001,2.976759878,1
98729,3.134867526,3.36966222,2.403915727,1
98751,3.257243393,3.440370216,3.222111278,1
98755,2.419084153,2.360338306,3.371061206,1
98759,3.081761018,3.253445013,2.618621642,1
98762,2.93571812,2.937436159,3.07524878,1
98770,3.08580173,3.463602342,3.300973704,1
98774,2.898197217,2.530436315,3.447025924,1
98776,2.570899498,2.593784342,3.335280102,1
98781,2.990556362,3.272688095,3.14403212,1
98784,2.871066719,2.960921189,2.988718038,1
98787,3.058093987,3.473547087,3.166741511,1
98789,2.040411659,2.656149039,2.29313375,1
98790,3.451197598,3.592405653,2.699457288,1
98801,2.948994747,2.972691995,3.510273908,1
98804,1.79623717,1.954742728,2.842356369,1
98814,3.211641065,2.987608256,3.503158896,1
98815,2.715787906,2.616341767,3.443549446,1
98821,2.803529094,2.583614982,3.447097691,1
98824,3.316122348,3.516415797,2.875384071,1
98828,3.181047099,3.125091787,3.44275383,1
98833,3.380196505,3.54127766,3.205928098,1
98835,3.532589094,3.51877596,2.797527161,1
98837,2.026557787,2.201111789,3.42585992,1
98839,3.193169236,3.111439195,3.37812683,1
98847,3.551638168,3.327523934,3.332660975,1
98852,3.05232154,3.178888572,2.66237974,1
98855,3.447156885,3.292745617,3.112597193,1
98860,3.117550187,3.022639478,3.572256315,1
98866,2.706551992,2.439557632,3.566297299,1
98874,2.763121968,2.749695657,3.285774433,1
98877,3.077720305,2.853300185,3.54243114,1
98879,2.181259355,2.167316802,2.952331926,1
98881,2.274772989,2.201616742,3.465985657,1
98883,2.861830804,2.736689474,3.367646463,1
98888,2.393685388,2.071775234,3.566059617,1
98891,2.688080163,2.560860377,3.111688139,1
98896,3.534320828,3.561925009,3.0608567,1
98897,3.362879165,3.265215819,3.414965154,1
98901,2.631510186,3.212935607,2.738903935,1
98902,3.192014747,3.299600633,3.310182321,1
98904,2.073314604,2.228135777,2.891991683,1
98905,2.127575602,2.138465896,3.256782687,1
98912,3.374424058,3.357217572,3.373698854,1
98915,2.671917312,2.813549495,3.453711103,1
98917,2.413888951,2.434894747,3.319028241,1
98918,2.518370234,2.631146578,3.44131848,1
98923,3.398668334,3.410031028,3.064450476,1
98927,3.228958405,3.279907465,3.174638249,1
98929,3.591468049,3.498043738,3.063101556,1
98931,3.0944604,3.091970641,3.172338603,1
98932,2.368863868,2.351938425,3.413929541,1
98944,3.220299735,3.042444952,3.372766648,1
98949,2.315180115,2.439277293,3.186850296,1
98951,3.228958405,3.243893771,3.138828592,1
98955,2.859521825,2.764331579,3.596865614,1
98958,3.226072182,3.113573886,3.150437175,1
98960,3.202982396,3.300106443,3.070480487,1
98962,2.764853702,2.788687632,3.47634564,1
98967,3.066175412,3.1711351,3.107546461,1
98971,3.164307004,2.997384969,3.283825907,1
98974,3.181047099,3.010138247,3.587264978,1
98976,3.141217217,3.192569455,2.931374279,1
98978,2.55877736,2.488775548,3.500297457,1
98980,2.450255365,2.551083663,3.158357063,1
98981,3.396359355,3.025954679,3.601001891,1
98983,2.987092894,3.252153053,3.53100622,1
98985,2.128730091,2.552432205,2.90596319,1
98987,2.48315831,2.327779553,3.539488673,1
98989,2.268423298,2.299714796,3.25219497,1
98990,2.98651565,3.175292175,3.363328839,1
99005,3.076565816,3.149756469,3.266830134,1
99006,3.435034747,3.456074341,2.839738785,1
99008,2.47449964,2.490657334,3.133752394,1
99009,2.293244818,2.377108918,3.040622902,1
99011,3.533743583,3.235522181,3.35722706,1
99014,3.458701778,3.314067665,3.135088967,1
99017,2.720405863,3.029606801,3.028170087,1
99023,3.007873702,2.877290168,3.402763911,1
99024,2.375213559,2.349916041,3.223618395,1
99026,2.659795175,2.548808374,3.065019214,1
99029,3.582232134,3.457394591,3.420798383,1
99040,3.118127431,2.879846653,3.298445637,1
99041,2.737145958,2.892319593,3.590930521,1
99044,3.589736315,3.528270619,3.255611256,1
99046,2.116607954,2.189059787,3.297018776,1
99051,2.808724296,2.74348705,3.019225389,1
99179,3.58915907,3.568976348,2.900720306,0
99180,2.808724296,3.2046206,2.873160823,0
99456,2.406962015,3.396855955,3.349373537,0
99855,2.913205578,3.540547236,2.552654211,0
99981,2.899351707,3.291481949,2.923640369,0
100078,3.442538928,3.396995696,3.161413741,0
100165,3.130249569,3.426661042,3.343499408,0
100387,3.009028191,3.392445117,2.513418236,0
100516,2.91955527,2.853300185,3.496416611,0
100573,3.000946766,3.166977167,3.136144643,0
100604,2.879725388,3.203946758,2.736480047,0
100641,3.076565816,3.036179763,3.248870515,0
100693,3.545865721,3.577095032,2.975856997,1
100694,3.470246671,3.273418519,3.310555049,1
100700,3.026922776,3.077756514,3.121389095,1
100701,3.425221588,3.337103467,3.165277609,1
100708,3.386546196,3.297297053,3.32454199,1
100712,3.115818453,3.237881486,2.866396931,1
100713,2.853172134,3.07343055,2.643668492,1
100718,3.450043108,3.591646938,3.256268739,1
100720,3.153339355,3.130317064,3.102930963,1
100721,3.257820638,2.991400976,3.457113499,1
100749,2.614192847,3.177174818,2.517497407,1
100758,3.265324818,3.093291749,3.504990124,1
100759,3.050012562,2.961145803,3.292307588,1
100769,3.219722491,2.997384969,3.306735167,1
100772,2.783902776,2.637524075,3.227237637,1
100783,2.321529806,2.46436377,3.377287228,1
100791,3.57299622,3.236899014,3.55793523,1
100794,2.547232467,3.063429222,2.183555615,1
100796,3.396359355,3.203693853,3.24373181,1
100797,2.83527755,2.677471088,3.398827503,1
100800,3.537207051,3.491245304,3.408192001,1
100812,2.33192021,2.341460436,3.46471082,1
100818,3.016532372,2.981596829,3.155168427,1
100820,2.317489094,2.548752649,2.734829395,1
100826,3.550483678,3.224875303,3.347996065,1
100830,2.917246291,2.943447586,3.116384664,1
100833,2.404075792,2.43888379,3.12587572,1
100835,2.437555982,2.418151568,3.560386128,1
100841,3.417717408,3.311061952,3.311582172,1
100846,3.222608714,3.166695971,3.481636369,1
100851,3.406172514,3.386124203,3.115084361,1
100858,2.885497835,2.882852367,3.350855188,1
100867,2.901660685,2.860519555,3.310889192,1
100869,3.083492752,3.302718653,2.803899033,1
100871,2.498166671,2.849450882,2.504350068,1
100872,3.267056552,3.367948466,3.120688398,1
100873,3.246852989,2.927181926,3.589951242,1
100880,2.939758833,3.195491153,3.051088606,1
100881,2.966889331,3.144700081,2.941282821,1
100884,1.773147383,2.047812684,3.037197355,1
100886,2.877993654,3.085846907,3.126381179,1
100889,3.428685056,3.141413171,3.471380565,1
100890,3.429262301,3.577123323,2.777281015,1
100891,2.896465483,3.040562309,3.133120377,1
100892,2.616501825,2.912827201,2.759022752,1
100895,2.858944581,2.675392121,3.354851016,1
100899,3.004410234,2.796159907,3.518955458,1
100901,3.352488761,3.305696076,3.279869436,1
100903,3.263593084,3.250860236,3.178423405,1
100904,2.6678766,3.244118385,2.463195664,1
100907,2.77697584,2.882094509,3.419761228,1
100911,2.978434225,2.892376175,3.233520764,1
100924,2.880302633,2.923726984,3.108819755,1
100928,3.596663251,3.350784351,3.234271621,1
100931,3.394050377,3.436409464,3.415201292,1
100933,2.844513464,2.937689064,3.129999649,1
100936,3.531434605,3.371404265,3.393198,1
100938,3.478905341,3.300386782,3.388225209,1
100942,2.686348429,2.939515125,2.712115374,1
100943,2.090054699,2.363596924,2.87654547,1
100944,2.671917312,2.86846935,2.685172473,1
100947,3.340366624,3.425285067,3.362651292,1
100952,3.208754842,3.008733981,3.495137144,1
100959,3.349025293,3.249484261,3.290236364,1
100961,3.314390614,3.39840082,3.079540939,1
100970,3.437343726,3.164673587,3.285347686,1
100979,3.350757027,3.368594875,3.232350877,1
100981,2.785057265,2.728373609,3.422883499,1
100988,3.525662158,3.525461229,2.930448247,1
100996,3.483523298,3.43090299,3.320666546,1
100998,2.570322253,3.026319891,3.552005539,1
101002,3.459856267,3.427616938,3.581398565,1
101003,2.610152134,2.95386985,3.045832603,1
101004,3.503726861,3.359998671,3.435715215,1
101010,3.235308096,3.058485141,3.325528986,1
101011,2.813919498,3.131665606,3.029447239,1
101012,3.417717408,3.29330801,3.598184438,1
101014,2.635550899,2.941537509,3.356618966,1
101015,2.995751564,2.783631243,3.342967711,1
101019,3.104273559,3.030111754,3.21945048,1
101025,3.126208856,3.241027798,3.309193782,1
101027,3.234730852,3.312916304,2.925478542,1
101029,2.885497835,2.8220051,3.380755217,1
101034,2.473345151,2.847232175,2.935751324,1
101043,3.074834082,2.928137822,3.429641989,1
101048,3.198941683,3.08542597,3.269033318,1
101050,2.471613417,2.802480822,2.517419466,1
101052,2.799488381,2.597773385,3.390622088,1
101055,2.625160495,2.664885841,3.43697076,1
101057,3.500263393,3.320529178,3.473346839,1
101059,2.912051089,3.001092816,3.113355768,1
101065,3.088110709,2.987805436,3.521728923,1
101066,2.806415317,2.89392104,3.234668272,1
101075,3.446002396,3.422026448,3.349668324,1
101084,2.802951849,2.752223851,3.55942074,1
101085,2.925327716,2.720030311,3.34627596,1
101088,2.842204486,3.043624605,2.802357961,1
101091,3.346716315,3.230633825,3.274306299,1
101095,3.458701778,3.155122345,3.493464112,1
101097,3.231844628,3.261563697,3.137775231,1
101098,3.000946766,2.812229244,3.521450342,1
101106,3.354220495,3.184787692,3.588221106,1
101110,3.175274652,3.034269686,3.489729117,1
101113,3.538938785,3.438516722,3.47665123,1
101117,2.682884961,2.789221733,3.094101248,1
101120,3.352488761,3.310106913,3.19263568,1
101122,2.611306624,2.83498385,2.884901365,1
101125,3.19490097,3.393653061,3.453669432,1
101127,2.7596585,2.666093785,3.268642841,1
101130,2.648827526,2.571703578,3.499939391,1
101137,2.012703916,2.134252238,3.004536207,1
101148,3.242235032,3.290751524,3.382623487,1
101151,3.567801018,3.466889251,3.343551883,1
101157,2.761967479,3.292577585,3.024224419,1
101165,3.350179783,3.218048578,3.55137275,1
101166,2.857790091,2.932941305,3.546688572,1
101168,3.174120163,3.305864965,3.074203136,1
101173,2.679998738,2.874874281,3.292519804,1
101177,2.574362966,2.481780791,3.521720435,1
101178,2.354432752,2.693904779,2.978842678,1
101179,3.182201588,3.367078301,2.70964827,1
101181,2.940336077,3.040309404,3.163166256,1
101188,2.819691944,3.123069403,3.033664543,1
101189,2.800065626,2.722278166,3.430399792,1
101193,2.546655222,2.637467493,3.103645551,1
101200,2.95303546,2.905551248,3.50526639,1
101202,3.413676695,3.30561206,3.593280327,1
101207,3.168347716,3.257574654,3.103688766,1
101211,3.243389521,3.235943118,3.155835941,1
101227,2.438133227,2.721294836,3.440007373,1
101255,2.793715935,2.887010299,3.249598994,1
101258,3.260706861,3.453714178,2.741374126,1
101261,3.485255032,3.328423248,3.414019829,1
101266,3.035581445,3.079862914,3.331942529,1
101272,2.932831897,2.848720458,3.321417404,1
101286,2.921864248,2.658424329,3.595059852,1
101290,2.480849331,2.556618428,3.089017333,1
101296,3.415985674,3.44256149,3.135741047,1
101300,3.570109997,3.38463592,3.515377887,1
101302,3.297650519,3.213638598,3.307948269,1
101305,3.495645436,3.448825822,3.177128503,1
101308,3.077720305,3.021375809,3.205734403,1
101310,3.435611992,3.389832907,2.925144399,1
101313,3.256088904,3.548413015,3.122300465,1
101316,2.924750472,2.769725746,3.003570047,1
101318,2.626892229,2.659969193,3.514159384,1
101320,2.343465103,2.944543222,3.026040213,1
101322,3.287260115,3.2326845,3.295564906,1
101324,3.208177597,3.170207495,3.340874107,1
101325,3.255511659,3.223948555,3.15672416,1
101335,3.248584723,3.125653322,3.345794424,1
101337,3.604744676,3.336794837,3.486439388,1
101342,2.744072894,2.642327558,3.575289841,1
101345,3.493336457,3.38443874,3.257903186,1
101348,1.950361493,2.303198886,2.424789259,1
101359,3.29534154,3.512033251,2.843132693,1
101361,2.797179403,3.517062206,2.655043251,1
101364,3.003255745,3.133884313,3.580296587,1
101365,2.274772989,2.472032369,3.523073985,1
101367,3.436189236,3.214565345,3.43435472,1
101368,3.368074367,3.242685827,3.286674227,1
101369,3.320163061,3.166303325,3.382955315,1
101378,2.931100163,2.975810016,3.057114759,1
101387,2.78448002,2.678397835,3.343500951,1
101390,2.714056172,2.634039985,3.177666373,1
101391,2.670762823,2.93530061,3.107046403,1
101404,3.223763203,3.106634854,3.238559921,1
101405,2.755617787,2.983843827,3.0417434,1
101406,2.959962396,2.598728423,3.569385616,1
101407,3.567801018,3.438825352,3.322908315,1
101416,3.563760305,3.589764294,3.249481696,1
101420,2.61707907,2.860940492,3.130677968,1
101423,3.293032562,3.241280703,3.57332511,1
101426,3.033272467,3.282661131,2.793692617,1
101428,3.152762111,3.267575124,2.994186256,1
101429,1.929003441,2.379103868,2.914433296,1
101432,3.181047099,3.008312186,3.481736689,1
101443,2.721560353,3.080733936,2.926073518,1
101444,1.952093227,2.014832137,3.426468014,1
101447,3.383082728,3.384157544,3.392420134,1
101450,3.515271754,3.541193644,3.410825791,1
101458,3.478905341,3.29920713,3.342749322,1
101460,3.222031469,3.150290571,3.184448014,1
101461,3.365765388,3.403710113,3.332439499,1
101466,2.543191754,2.930019608,2.814925759,1
101470,2.855481113,3.067305958,3.020967101,1
101474,3.190860258,2.890072595,3.444281011,1
101476,2.480272087,2.422842744,3.173148109,1
101479,3.273983488,3.497987155,3.428932031,1
101490,3.173542918,3.078711552,3.305671002,1
101492,3.356529474,3.388680688,2.959231636,1
101508,3.252048191,3.476187588,2.938788709,1
101510,3.465628714,3.263838986,3.592289473,1
101526,3.233576362,3.064019049,3.594718764,1
101529,2.427742823,2.683089011,2.662004697,1
101530,3.286682871,3.277969097,3.494133171,1
101532,2.958807906,3.222936935,2.914849239,1
101538,3.439652704,3.154673117,3.550979958,1
101546,2.887229569,3.115905757,2.633164974,1
101548,3.560296837,3.427391467,3.468063055,1
101553,3.430994035,3.516837592,2.954670157,1
101554,3.280910424,3.068064674,3.35113377,1
101555,3.197787194,3.099556081,3.517248472,1
101562,2.051379308,2.872935913,1.917424829,1
101567,2.305366956,2.353370983,3.02398365,1
101569,2.951303726,2.727165665,3.399534374,1
101571,2.754463298,2.945751166,3.047111299,1
101574,3.096192134,3.139109591,3.088602162,1
101575,2.688080163,2.906000476,3.323440783,1
101580,2.930522918,3.061041626,2.799521217,1
101585,2.241292799,2.721182529,2.116115793,1
101588,3.57299622,3.597714947,3.076603102,1
101589,3.17007945,3.114500633,3.283607518,1
101602,3.317276837,3.164224359,3.279202693,1
101613,3.565492039,3.411322987,3.538833506,1
101616,3.312081636,3.172511075,3.515918844,1
101618,2.861253559,2.657525015,3.357815862,1
101619,3.175851897,3.224791287,3.28254181,1
101631,2.300171754,2.156529325,3.524317183,1
101633,3.504304106,3.404861475,3.423834997,1
101638,3.111200495,3.12908083,3.187134279,1
101639,3.328244486,3.38772565,3.043029813,1
101649,2.591103061,2.58864308,3.59426578,1
101651,3.055207764,2.88195391,3.270217867,1
101652,2.412734462,2.446945892,3.484159806,1
101653,2.446214652,2.647075317,2.853325218,1
101662,2.754463298,3.038764539,2.846180881,1
101665,3.210486576,2.910972848,3.361695164,1
101666,3.381928239,3.422503967,3.269669965,1
101667,3.326512752,3.587011486,2.982367002,1
101668,3.410213227,3.476581091,3.484473114,1
101672,2.730219023,3.254849279,2.420321155,1
101674,2.91955527,2.933053612,3.174618957,1
101678,3.247430234,3.289655888,2.942701965,1
101680,2.076200828,2.161838619,3.500207169,1
101691,3.263593084,3.255720302,3.231292885,1
101693,3.101387336,3.036179763,3.046920691,1
101697,3.151030377,3.303617967,2.794693503,1
101701,2.766585436,2.900662891,3.21441055,1
101704,2.805260828,2.798772975,3.114330417,1
101705,3.208754842,2.944880143,3.577351806,1
101712,2.824887146,2.628449495,3.498200766,1
101718,3.478328096,3.324237025,3.546572046,1
101722,3.144103441,2.874677958,3.484016271,1
101724,2.781593797,2.832174459,3.40622264,1
101730,3.331130709,3.483885335,2.999522516,1
101732,2.537419308,2.646120278,3.03382737,1
101733,2.702511279,2.899258624,3.556916595,1
101737,2.979588714,2.970640463,3.009021289,1
101741,3.570109997,3.443236189,3.210546682,1
101742,2.977279735,3.020869999,3.063635568,1
101749,3.592045294,3.301286096,3.341010697,1
101761,3.098501113,2.925355865,3.327425036,1
101765,3.114086719,3.366881121,2.579704377,1
101774,3.332285198,3.586309353,2.850801009,1
101778,2.502784628,2.953082843,2.611721932,1
101788,3.093305911,3.104669052,3.358912438,1
101789,3.398091089,3.331260072,3.156674,1
101790,2.84393622,3.105567508,3.584902825,1
101793,3.356529474,3.282463951,3.211889428,1
101803,3.35479774,3.230409211,3.376057149,1
101810,2.898774462,3.064806055,3.031287728,1
101811,3.46389698,3.33288981,2.972622059,1
101819,3.465628714,3.541081337,3.054388367,1
101821,2.99401983,2.902601259,3.280206666,1
101831,3.146412419,3.248023412,3.186640395,1
101836,3.278601445,3.400394912,3.604962221,1
101837,3.603012942,3.449023002,3.34993533,1
101840,2.727332799,2.963898611,2.980923935,1
101843,3.313813369,3.295864495,3.45210984,1
101844,2.613038357,2.48534804,3.340718225,1
101848,3.324203773,3.569369851,2.866585224,1
101850,3.560296837,3.480879622,3.262619775,1
101851,2.950149236,2.771101721,3.31663985,1
101854,3.327089997,3.27802568,3.08710662,1
101857,2.906278643,2.696741603,3.525953173,1
101859,2.890693037,3.15026228,2.958547144,1
101861,3.338057645,3.297549958,3.106860425,1
101863,3.444847906,3.405170962,3.026821167,1
101867,2.437555982,2.255582417,3.427779893,1
101869,3.454083821,3.142143595,3.343840496,1
101870,2.777553084,2.786159437,3.440199525,1
101876,3.073679593,3.269598365,3.277452492,1
101877,2.862985293,2.948195344,3.040224708,1
101878,3.317276837,3.301959938,3.272579249,1
101879,3.465628714,3.593136077,2.838513336,1
101880,2.518947479,2.808015587,2.912250947,1
101887,3.232999118,3.19282236,3.095260331,1
101898,3.025768286,3.26524411,2.975495073,1
101904,2.670185578,2.956763256,2.825383746,1
101905,2.957653417,3.066547243,3.353674184,1
101906,3.009028191,3.172118429,2.774298421,1
101907,2.732528001,2.841192457,3.449641964,1
101909,3.140062728,3.017864286,3.256119031,1
101914,1.862620305,2.012275651,3.460794476,1
101916,3.133135792,3.022218541,3.254487671,1
101923,2.85259489,2.86405937,3.078692076,1
101924,2.539728286,2.869846183,2.763547961,1
101925,3.291300828,3.199733101,3.35555017,1
101926,2.557045626,2.489730586,3.505340473,1
101939,3.418294652,3.412025121,3.430053301,1
101942,3.541247764,3.320304564,3.252834704,1
101943,3.416562918,3.391124867,3.299957384,1
101947,3.138908239,3.244146676,2.950516132,1
101948,2.355587241,2.775428543,3.045969193,1
101950,3.248584723,3.373454941,3.280339397,1
101955,2.495280448,2.290416459,3.457787959,1
101956,2.027712277,1.791106232,3.558945377,1
101959,3.532011849,3.433936995,3.26542025,1
101961,3.101964581,3.309320764,3.31739611,1
101965,3.491027479,3.167903915,3.519074298,1
101966,3.039044913,2.955527022,3.344159977,1
101967,3.598972229,3.547963787,3.549284548,1
101969,3.467937693,3.514309397,3.061960993,1
101971,3.280910424,3.035534212,3.43214459,1
101977,3.43041679,3.35356545,3.083487378,1
101981,3.02865451,3.025055365,3.01759403,1
101983,2.995751564,2.72528388,3.545863632,1
101986,2.662681398,2.729020017,3.121758736,1
101989,2.684616695,2.56156251,3.297197809,1
101990,3.175851897,3.558217162,2.7478795,1
101993,3.143526196,3.023398193,3.310178462,1
102000,2.007508714,2.036435381,3.518857453,1
102004,3.046549094,2.950976444,3.029275923,1
102007,2.775244106,3.278194569,3.167626643,1
102009,2.460068524,2.905382359,2.457965898,1
102012,3.598972229,3.492762735,3.183771239,1
102014,3.376733037,3.283334973,3.328332547,1
102017,2.140852229,2.67553272,2.971590305,1
102022,3.015377882,2.897685469,3.461921148,1
102023,3.376155792,3.127732288,3.34974858,1
102029,2.862408049,2.695618533,3.201781018,1
102033,3.244544011,3.062643073,3.424345858,1
102040,3.062711944,3.044298447,3.365714915,1
102044,3.444847906,3.278446617,3.487232689,1
102046,3.01133717,3.038005824,3.386994358,1
102048,2.428320068,2.383823336,3.224010415,1
102050,3.294187051,3.211784246,3.34546028,1
102066,2.832391327,2.976399842,3.382217576,1
102072,2.629201208,2.849563189,3.060703133,1
102075,3.575305199,3.508943521,3.196846811,1
102078,3.37096059,3.361375504,3.44429413,1
102079,3.582232134,3.165881531,3.550459837,1
102089,3.223185959,2.922574766,3.382742328,1
102091,3.284373892,2.999238464,3.564439061,1
102092,2.406962015,2.504366508,3.018171256,1
102094,2.738300448,2.547122911,3.432685547,1
102099,3.007873702,2.965275444,3.452396138,1
102108,2.800065626,3.591787536,2.045275119,1
102112,2.946108524,3.439106548,2.496221823,1
102117,2.933986386,2.982018623,3.073963911,1
102119,3.557410614,3.491582225,2.979301064,1
102126,3.43041679,3.095707636,3.314926691,1
102129,3.3969366,3.247995121,3.537864259,1
102141,3.241080543,3.003200073,3.495533794,1
102144,3.17123394,3.246871193,3.182411516,1
102145,3.156225578,3.238696784,3.311525067,1
102149,2.583021635,3.320304564,2.724873008,1
102171,3.573573465,3.597068538,3.090900264,1
102173,3.375001303,3.273361937,3.313421889,1
102177,3.421180875,3.331428962,3.330488658,1
102178,3.142948951,2.879397425,3.418156105,1
102184,2.648250281,3.255158767,3.289483963,1
102188,2.019053607,2.317328997,2.905476252,1
102193,3.52219869,3.386040187,3.531655986,1
102196,3.083492752,3.172118429,2.976918075,1
102205,2.568013274,2.615864248,3.40883868,1
102208,2.746959118,2.968084835,2.960129116,1
102209,3.547597455,3.455034429,3.581149308,1
102210,3.009605436,3.069188601,2.952260931,1
102224,3.21221831,3.149250659,3.452968734,1
102227,2.630932942,2.918782903,3.339185642,1
102228,3.209909331,3.30330848,3.371325897,1
102229,2.593412039,2.598897312,3.586394508,1
102230,3.093305911,3.491694532,3.571895162,1
102231,1.956133939,1.967243959,3.063001236,1
102232,3.045394605,2.85386172,2.973235555,1
102239,2.345774082,2.823774579,2.77025552,1
102241,2.545500733,2.707445064,2.981312869,1
102242,2.509134319,2.607773855,2.831907642,1
102244,3.302268476,3.472255127,2.989678796,1
102246,3.007873702,3.042922472,2.926339752,1
102247,3.176429141,2.958336412,3.569610178,1
102250,3.154493845,3.173100902,2.88422459,1
102253,3.054053274,2.89903401,3.594178578,1
102257,3.354220495,3.392753747,3.48624415,1
102262,3.481791564,3.297858588,3.101038771,1
102264,3.22087698,3.256029789,3.061936299,1
102265,2.962848619,2.9408911,3.209024903,1
102267,3.087533464,3.386011896,3.128709378,1
102269,2.389644676,2.672329826,2.956461257,1
102272,3.440807194,3.456495278,3.054764953,1
102282,3.550483678,3.282463951,3.339858559,1
102287,3.211641065,3.008762272,3.457540245,1
102289,1.878205911,1.83950885,3.127101169,1
102300,2.215894034,2.565382664,3.54894809,1
102305,2.667299355,2.74348705,2.856195917,1
102308,2.786788999,2.625247458,3.250104453,1
102311,2.8191147,2.70182714,3.467528272,1
102330,2.789097977,3.036826171,3.015858491,1
102331,2.612461113,2.761129542,3.143438688,1
102332,3.327089997,3.145795717,3.555464268,1
102338,3.344407336,3.113742775,3.595369301,1
102342,2.5760947,2.569203675,3.32381737,1
102350,2.438133227,2.615218697,2.88877758,1
102358,3.20355964,3.309151875,3.108896924,1
102359,3.48121432,3.256422435,3.567802101,1
102361,2.599184486,2.811919757,3.0654367,1
102364,2.936872609,2.87585761,3.398802809,1
102370,3.274560733,3.29381382,3.173041615,1
102376,3.446002396,3.148858013,3.344706336,1
102379,2.345774082,2.386857341,2.825004845,1
102380,2.731373512,3.010560042,3.180382734,1
102382,2.882034367,2.874509068,3.110118514,1
102388,2.76831717,2.746689944,3.322522468,1
102391,2.900506196,2.926255179,3.133872006,1
102394,2.839318263,2.69443888,3.321515409,1
102395,3.365188144,3.306370775,3.222398348,1
102400,2.681730472,2.926985603,2.769271611,1
102407,2.792561445,2.954431385,2.756979308,1
102410,2.782748286,2.787789175,3.544104943,1
102411,3.073102348,2.759921599,3.597126447,1
102413,2.730796267,3.144475467,2.812422385,1
102418,1.877051421,2.177879664,3.525196913,1
102419,2.215894034,2.603953701,3.356900634,1
102425,3.459856267,3.268025209,3.600692442,1
102428,2.953612704,2.962774684,3.260765396,1
102430,2.587639593,2.625190876,3.233420444,1
102431,2.794870424,2.731632228,2.956283768,1
102433,2.468727194,2.54529685,3.2883843,1
102442,2.801220115,2.77784443,3.241368113,1
102443,3.4887185,3.502622607,3.379787514,1
102450,3.329398975,3.412952725,3.418372951,1
102462,2.990556362,3.282604549,3.315282442,1
102471,3.482946054,3.504364652,2.835786944,1
102473,3.011914415,3.099162578,2.850297865,1
102475,3.089842443,2.952324985,3.329340379,1
102478,3.066752657,3.177933533,2.784598983,1
102479,2.858367336,2.606650785,3.467310654,1
102481,3.088110709,3.335558603,3.565291783,1
102488,3.526816647,3.385618393,3.201953105,1
102489,3.570109997,3.591928134,3.015928716,1
102491,3.104273559,2.744414655,3.481350071,1
102498,3.570109997,3.467591385,3.399336049,1
102500,2.966312087,3.166668537,3.405057383,1
102507,3.121590899,3.205575639,2.953007158,1
102516,3.118127431,3.313365532,3.057109357,1
102520,3.20471413,3.251366047,2.842306209,1
102521,3.276869712,3.211335018,3.151474331,1
102535,3.16142078,3.071295001,2.976759878,1
102539,3.134867526,3.36966222,2.403915727,1
102561,3.257243393,3.440370216,3.222111278,1
102565,2.419084153,2.360338306,3.371061206,1
102569,3.081761018,3.253445013,2.618621642,1
102572,2.93571812,2.937436159,3.07524878,1
102580,3.08580173,3.463602342,3.300973704,1
102584,2.898197217,2.530436315,3.447025924,1
102586,2.570899498,2.593784342,3.335280102,1
102591,2.990556362,3.272688095,3.14403212,1
102594,2.871066719,2.960921189,2.988718038,1
102597,3.058093987,3.473547087,3.166741511,1
102599,2.040411659,2.656149039,2.29313375,1
102600,3.451197598,3.592405653,2.699457288,1
102611,2.948994747,2.972691995,3.510273908,1
102614,1.79623717,1.954742728,2.842356369,1
102624,3.211641065,2.987608256,3.503158896,1
102625,2.715787906,2.616341767,3.443549446,1
102631,2.803529094,2.583614982,3.447097691,1
102634,3.316122348,3.516415797,2.875384071,1
102638,3.181047099,3.125091787,3.44275383,1
102643,3.380196505,3.54127766,3.205928098,1
102645,3.532589094,3.51877596,2.797527161,1
102647,2.026557787,2.201111789,3.42585992,1
102649,3.193169236,3.111439195,3.37812683,1
102657,3.551638168,3.327523934,3.332660975,1
102662,3.05232154,3.178888572,2.66237974,1
102665,3.447156885,3.292745617,3.112597193,1
102670,3.117550187,3.022639478,3.572256315,1
102676,2.706551992,2.439557632,3.566297299,1
102684,2.763121968,2.749695657,3.285774433,1
102687,3.077720305,2.853300185,3.54243114,1
102689,2.181259355,2.167316802,2.952331926,1
102691,2.274772989,2.201616742,3.465985657,1
102693,2.861830804,2.736689474,3.367646463,1
102698,2.393685388,2.071775234,3.566059617,1
102701,2.688080163,2.560860377,3.111688139,1
102706,3.534320828,3.561925009,3.0608567,1
102707,3.362879165,3.265215819,3.414965154,1
102711,2.631510186,3.212935607,2.738903935,1
102712,3.192014747,3.299600633,3.310182321,1
102714,2.073314604,2.228135777,2.891991683,1
102715,2.127575602,2.138465896,3.256782687,1
102722,3.374424058,3.357217572,3.373698854,1
102725,2.671917312,2.813549495,3.453711103,1
102727,2.413888951,2.434894747,3.319028241,1
102728,2.518370234,2.631146578,3.44131848,1
102733,3.398668334,3.410031028,3.064450476,1
102737,3.228958405,3.279907465,3.174638249,1
102739,3.591468049,3.498043738,3.063101556,1
102741,3.0944604,3.091970641,3.172338603,1
102742,2.368863868,2.351938425,3.413929541,1
102754,3.220299735,3.042444952,3.372766648,1
102759,2.315180115,2.439277293,3.186850296,1
102761,3.228958405,3.243893771,3.138828592,1
102765,2.859521825,2.764331579,3.596865614,1
102768,3.226072182,3.113573886,3.150437175,1
102770,3.202982396,3.300106443,3.070480487,1
102772,2.764853702,2.788687632,3.47634564,1
102777,3.066175412,3.1711351,3.107546461,1
102781,3.164307004,2.997384969,3.283825907,1
102784,3.181047099,3.010138247,3.587264978,1
102786,3.141217217,3.192569455,2.931374279,1
102788,2.55877736,2.488775548,3.500297457,1
102790,2.450255365,2.551083663,3.158357063,1
102791,3.396359355,3.025954679,3.601001891,1
102793,2.987092894,3.252153053,3.53100622,1
102795,2.128730091,2.552432205,2.90596319,1
102797,2.48315831,2.327779553,3.539488673,1
102799,2.268423298,2.299714796,3.25219497,1
102800,2.98651565,3.175292175,3.363328839,1
102815,3.076565816,3.149756469,3.266830134,1
102816,3.435034747,3.456074341,2.839738785,1
102818,2.47449964,2.490657334,3.133752394,1
102819,2.293244818,2.377108918,3.040622902,1
102821,3.533743583,3.235522181,3.35722706,1
102824,3.458701778,3.314067665,3.135088967,1
102827,2.720405863,3.029606801,3.028170087,1
102833,3.007873702,2.877290168,3.402763911,1
102834,2.375213559,2.349916041,3.223618395,1
102836,2.659795175,2.548808374,3.065019214,1
102839,3.582232134,3.457394591,3.420798383,1
102850,3.118127431,2.879846653,3.298445637,1
102851,2.737145958,2.892319593,3.590930521,1
102854,3.589736315,3.528270619,3.255611256,1
102856,2.116607954,2.189059787,3.297018776,1
102861,2.808724296,2.74348705,3.019225389,1
102989,3.58915907,3.568976348,2.900720306,0
102990,2.808724296,3.2046206,2.873160823,0
103266,2.406962015,3.396855955,3.349373537,0
103665,2.913205578,3.540547236,2.552654211,0
103791,2.899351707,3.291481949,2.923640369,0
103888,3.442538928,3.396995696,3.161413741,0
103975,3.130249569,3.426661042,3.343499408,0
104197,3.009028191,3.392445117,2.513418236,0
104326,2.91955527,2.853300185,3.496416611,0
104383,3.000946766,3.166977167,3.136144643,0
104414,2.879725388,3.203946758,2.736480047,0
104451,3.076565816,3.036179763,3.248870515,0
104503,3.545865721,3.577095032,2.975856997,1
104504,3.470246671,3.273418519,3.310555049,1
104510,3.026922776,3.077756514,3.121389095,1
104511,3.425221588,3.337103467,3.165277609,1
104518,3.386546196,3.297297053,3.32454199,1
104522,3.115818453,3.237881486,2.866396931,1
104523,2.853172134,3.07343055,2.643668492,1
104528,3.450043108,3.591646938,3.256268739,1
104530,3.153339355,3.130317064,3.102930963,1
104531,3.257820638,2.991400976,3.457113499,1
104559,2.614192847,3.177174818,2.517497407,1
104568,3.265324818,3.093291749,3.504990124,1
104569,3.050012562,2.961145803,3.292307588,1
104579,3.219722491,2.997384969,3.306735167,1
104582,2.783902776,2.637524075,3.227237637,1
104593,2.321529806,2.46436377,3.377287228,1
104601,3.57299622,3.236899014,3.55793523,1
104604,2.547232467,3.063429222,2.183555615,1
104606,3.396359355,3.203693853,3.24373181,1
104607,2.83527755,2.677471088,3.398827503,1
104610,3.537207051,3.491245304,3.408192001,1
104622,2.33192021,2.341460436,3.46471082,1
104628,3.016532372,2.981596829,3.155168427,1
104630,2.317489094,2.548752649,2.734829395,1
104636,3.550483678,3.224875303,3.347996065,1
104640,2.917246291,2.943447586,3.116384664,1
104643,2.404075792,2.43888379,3.12587572,1
104645,2.437555982,2.418151568,3.560386128,1
104651,3.417717408,3.311061952,3.311582172,1
104656,3.222608714,3.166695971,3.481636369,1
104661,3.406172514,3.386124203,3.115084361,1
104668,2.885497835,2.882852367,3.350855188,1
104677,2.901660685,2.860519555,3.310889192,1
104679,3.083492752,3.302718653,2.803899033,1
104681,2.498166671,2.849450882,2.504350068,1
104682,3.267056552,3.367948466,3.120688398,1
104683,3.246852989,2.927181926,3.589951242,1
104690,2.939758833,3.195491153,3.051088606,1
104691,2.966889331,3.144700081,2.941282821,1
104694,1.773147383,2.047812684,3.037197355,1
104696,2.877993654,3.085846907,3.126381179,1
104699,3.428685056,3.141413171,3.471380565,1
104700,3.429262301,3.577123323,2.777281015,1
104701,2.896465483,3.040562309,3.133120377,1
104702,2.616501825,2.912827201,2.759022752,1
104705,2.858944581,2.675392121,3.354851016,1
104709,3.004410234,2.796159907,3.518955458,1
104711,3.352488761,3.305696076,3.279869436,1
104713,3.263593084,3.250860236,3.178423405,1
104714,2.6678766,3.244118385,2.463195664,1
104717,2.77697584,2.882094509,3.419761228,1
104721,2.978434225,2.892376175,3.233520764,1
104734,2.880302633,2.923726984,3.108819755,1
104738,3.596663251,3.350784351,3.234271621,1
104741,3.394050377,3.436409464,3.415201292,1
104743,2.844513464,2.937689064,3.129999649,1
104746,3.531434605,3.371404265,3.393198,1
104748,3.478905341,3.300386782,3.388225209,1
104752,2.686348429,2.939515125,2.712115374,1
104753,2.090054699,2.363596924,2.87654547,1
104754,2.671917312,2.86846935,2.685172473,1
104757,3.340366624,3.425285067,3.362651292,1
104762,3.208754842,3.008733981,3.495137144,1
104769,3.349025293,3.249484261,3.290236364,1
104771,3.314390614,3.39840082,3.079540939,1
104780,3.437343726,3.164673587,3.285347686,1
104789,3.350757027,3.368594875,3.232350877,1
104791,2.785057265,2.728373609,3.422883499,1
104798,3.525662158,3.525461229,2.930448247,1
104806,3.483523298,3.43090299,3.320666546,1
104808,2.570322253,3.026319891,3.552005539,1
104812,3.459856267,3.427616938,3.581398565,1
104813,2.610152134,2.95386985,3.045832603,1
104814,3.503726861,3.359998671,3.435715215,1
104820,3.235308096,3.058485141,3.325528986,1
104821,2.813919498,3.131665606,3.029447239,1
104822,3.417717408,3.29330801,3.598184438,1
104824,2.635550899,2.941537509,3.356618966,1
104825,2.995751564,2.783631243,3.342967711,1
104829,3.104273559,3.030111754,3.21945048,1
104835,3.126208856,3.241027798,3.309193782,1
104837,3.234730852,3.312916304,2.925478542,1
104839,2.885497835,2.8220051,3.380755217,1
104844,2.473345151,2.847232175,2.935751324,1
104853,3.074834082,2.928137822,3.429641989,1
104858,3.198941683,3.08542597,3.269033318,1
104860,2.471613417,2.802480822,2.517419466,1
104862,2.799488381,2.597773385,3.390622088,1
104865,2.625160495,2.664885841,3.43697076,1
104867,3.500263393,3.320529178,3.473346839,1
104869,2.912051089,3.001092816,3.113355768,1
104875,3.088110709,2.987805436,3.521728923,1
104876,2.806415317,2.89392104,3.234668272,1
104885,3.446002396,3.422026448,3.349668324,1
104894,2.802951849,2.752223851,3.55942074,1
104895,2.925327716,2.720030311,3.34627596,1
104898,2.842204486,3.043624605,2.802357961,1
104901,3.346716315,3.230633825,3.274306299,1
104905,3.458701778,3.155122345,3.493464112,1
104907,3.231844628,3.261563697,3.137775231,1
104908,3.000946766,2.812229244,3.521450342,1
104916,3.354220495,3.184787692,3.588221106,1
104920,3.175274652,3.034269686,3.489729117,1
104923,3.538938785,3.438516722,3.47665123,1
104927,2.682884961,2.789221733,3.094101248,1
104930,3.352488761,3.310106913,3.19263568,1
104932,2.611306624,2.83498385,2.884901365,1
104935,3.19490097,3.393653061,3.453669432,1
104937,2.7596585,2.666093785,3.268642841,1
104940,2.648827526,2.571703578,3.499939391,1
104947,2.012703916,2.134252238,3.004536207,1
104958,3.242235032,3.290751524,3.382623487,1
104961,3.567801018,3.466889251,3.343551883,1
104967,2.761967479,3.292577585,3.024224419,1
104975,3.350179783,3.218048578,3.55137275,1
104976,2.857790091,2.932941305,3.546688572,1
104978,3.174120163,3.305864965,3.074203136,1
104983,2.679998738,2.874874281,3.292519804,1
104987,2.574362966,2.481780791,3.521720435,1
104988,2.354432752,2.693904779,2.978842678,1
104989,3.182201588,3.367078301,2.70964827,1
104991,2.940336077,3.040309404,3.163166256,1
104998,2.819691944,3.123069403,3.033664543,1
104999,2.800065626,2.722278166,3.430399792,1
105003,2.546655222,2.637467493,3.103645551,1
105010,2.95303546,2.905551248,3.50526639,1
105012,3.413676695,3.30561206,3.593280327,1
105017,3.168347716,3.257574654,3.103688766,1
105021,3.243389521,3.235943118,3.155835941,1
105037,2.438133227,2.721294836,3.440007373,1
105065,2.793715935,2.887010299,3.249598994,1
105068,3.260706861,3.453714178,2.741374126,1
105071,3.485255032,3.328423248,3.414019829,1
105076,3.035581445,3.079862914,3.331942529,1
105082,2.932831897,2.848720458,3.321417404,1
105096,2.921864248,2.658424329,3.595059852,1
105100,2.480849331,2.556618428,3.089017333,1
105106,3.415985674,3.44256149,3.135741047,1
105110,3.570109997,3.38463592,3.515377887,1
105112,3.297650519,3.213638598,3.307948269,1
105115,3.495645436,3.448825822,3.177128503,1
105118,3.077720305,3.021375809,3.205734403,1
105120,3.435611992,3.389832907,2.925144399,1
105123,3.256088904,3.548413015,3.122300465,1
105126,2.924750472,2.769725746,3.003570047,1
105128,2.626892229,2.659969193,3.514159384,1
105130,2.343465103,2.944543222,3.026040213,1
105132,3.287260115,3.2326845,3.295564906,1
105134,3.208177597,3.170207495,3.340874107,1
105135,3.255511659,3.223948555,3.15672416,1
105145,3.248584723,3.125653322,3.345794424,1
105147,3.604744676,3.336794837,3.486439388,1
105152,2.744072894,2.642327558,3.575289841,1
105155,3.493336457,3.38443874,3.257903186,1
105158,1.950361493,2.303198886,2.424789259,1
105169,3.29534154,3.512033251,2.843132693,1
105171,2.797179403,3.517062206,2.655043251,1
105174,3.003255745,3.133884313,3.580296587,1
105175,2.274772989,2.472032369,3.523073985,1
105177,3.436189236,3.214565345,3.43435472,1
105178,3.368074367,3.242685827,3.286674227,1
105179,3.320163061,3.166303325,3.382955315,1
105188,2.931100163,2.975810016,3.057114759,1
105197,2.78448002,2.678397835,3.343500951,1
105200,2.714056172,2.634039985,3.177666373,1
105201,2.670762823,2.93530061,3.107046403,1
105214,3.223763203,3.106634854,3.238559921,1
105215,2.755617787,2.983843827,3.0417434,1
105216,2.959962396,2.598728423,3.569385616,1
105217,3.567801018,3.438825352,3.322908315,1
105226,3.563760305,3.589764294,3.249481696,1
105230,2.61707907,2.860940492,3.130677968,1
105233,3.293032562,3.241280703,3.57332511,1
105236,3.033272467,3.282661131,2.793692617,1
105238,3.152762111,3.267575124,2.994186256,1
105239,1.929003441,2.379103868,2.914433296,1
105242,3.181047099,3.008312186,3.481736689,1
105253,2.721560353,3.080733936,2.926073518,1
105254,1.952093227,2.014832137,3.426468014,1
105257,3.383082728,3.384157544,3.392420134,1
105260,3.515271754,3.541193644,3.410825791,1
105268,3.478905341,3.29920713,3.342749322,1
105270,3.222031469,3.150290571,3.184448014,1
105271,3.365765388,3.403710113,3.332439499,1
105276,2.543191754,2.930019608,2.814925759,1
105280,2.855481113,3.067305958,3.020967101,1
105284,3.190860258,2.890072595,3.444281011,1
105286,2.480272087,2.422842744,3.173148109,1
105289,3.273983488,3.497987155,3.428932031,1
105300,3.173542918,3.078711552,3.305671002,1
105302,3.356529474,3.388680688,2.959231636,1
105318,3.252048191,3.476187588,2.938788709,1
105320,3.465628714,3.263838986,3.592289473,1
105336,3.233576362,3.064019049,3.594718764,1
105339,2.427742823,2.683089011,2.662004697,1
105340,3.286682871,3.277969097,3.494133171,1
105342,2.958807906,3.222936935,2.914849239,1
105348,3.439652704,3.154673117,3.550979958,1
105356,2.887229569,3.115905757,2.633164974,1
105358,3.560296837,3.427391467,3.468063055,1
105363,3.430994035,3.516837592,2.954670157,1
105364,3.280910424,3.068064674,3.35113377,1
105365,3.197787194,3.099556081,3.517248472,1
105372,2.051379308,2.872935913,1.917424829,1
105377,2.305366956,2.353370983,3.02398365,1
105379,2.951303726,2.727165665,3.399534374,1
105381,2.754463298,2.945751166,3.047111299,1
105384,3.096192134,3.139109591,3.088602162,1
105385,2.688080163,2.906000476,3.323440783,1
105390,2.930522918,3.061041626,2.799521217,1
105395,2.241292799,2.721182529,2.116115793,1
105398,3.57299622,3.597714947,3.076603102,1
105399,3.17007945,3.114500633,3.283607518,1
105412,3.317276837,3.164224359,3.279202693,1
105423,3.565492039,3.411322987,3.538833506,1
105426,3.312081636,3.172511075,3.515918844,1
105428,2.861253559,2.657525015,3.357815862,1
105429,3.175851897,3.224791287,3.28254181,1
105441,2.300171754,2.156529325,3.524317183,1
105443,3.504304106,3.404861475,3.423834997,1
105448,3.111200495,3.12908083,3.187134279,1
105449,3.328244486,3.38772565,3.043029813,1
105459,2.591103061,2.58864308,3.59426578,1
105461,3.055207764,2.88195391,3.270217867,1
105462,2.412734462,2.446945892,3.484159806,1
105463,2.446214652,2.647075317,2.853325218,1
105472,2.754463298,3.038764539,2.846180881,1
105475,3.210486576,2.910972848,3.361695164,1
105476,3.381928239,3.422503967,3.269669965,1
105477,3.326512752,3.587011486,2.982367002,1
105478,3.410213227,3.476581091,3.484473114,1
105482,2.730219023,3.254849279,2.420321155,1
105484,2.91955527,2.933053612,3.174618957,1
105488,3.247430234,3.289655888,2.942701965,1
105490,2.076200828,2.161838619,3.500207169,1
105501,3.263593084,3.255720302,3.231292885,1
105503,3.101387336,3.036179763,3.046920691,1
105507,3.151030377,3.303617967,2.794693503,1
105511,2.766585436,2.900662891,3.21441055,1
105514,2.805260828,2.798772975,3.114330417,1
105515,3.208754842,2.944880143,3.577351806,1
105522,2.824887146,2.628449495,3.498200766,1
105528,3.478328096,3.324237025,3.546572046,1
105532,3.144103441,2.874677958,3.484016271,1
105534,2.781593797,2.832174459,3.40622264,1
105540,3.331130709,3.483885335,2.999522516,1
105542,2.537419308,2.646120278,3.03382737,1
105543,2.702511279,2.899258624,3.556916595,1
105547,2.979588714,2.970640463,3.009021289,1
105551,3.570109997,3.443236189,3.210546682,1
105552,2.977279735,3.020869999,3.063635568,1
105559,3.592045294,3.301286096,3.341010697,1
105571,3.098501113,2.925355865,3.327425036,1
105575,3.114086719,3.366881121,2.579704377,1
105584,3.332285198,3.586309353,2.850801009,1
105588,2.502784628,2.953082843,2.611721932,1
105598,3.093305911,3.104669052,3.358912438,1
105599,3.398091089,3.331260072,3.156674,1
105600,2.84393622,3.105567508,3.584902825,1
105603,3.356529474,3.282463951,3.211889428,1
105613,3.35479774,3.230409211,3.376057149,1
105620,2.898774462,3.064806055,3.031287728,1
105621,3.46389698,3.33288981,2.972622059,1
105629,3.465628714,3.541081337,3.054388367,1
105631,2.99401983,2.902601259,3.280206666,1
105641,3.146412419,3.248023412,3.186640395,1
105646,3.278601445,3.400394912,3.604962221,1
105647,3.603012942,3.449023002,3.34993533,1
105650,2.727332799,2.963898611,2.980923935,1
105653,3.313813369,3.295864495,3.45210984,1
105654,2.613038357,2.48534804,3.340718225,1
105658,3.324203773,3.569369851,2.866585224,1
105660,3.560296837,3.480879622,3.262619775,1
105661,2.950149236,2.771101721,3.31663985,1
105664,3.327089997,3.27802568,3.08710662,1
105667,2.906278643,2.696741603,3.525953173,1
105669,2.890693037,3.15026228,2.958547144,1
105671,3.338057645,3.297549958,3.106860425,1
105673,3.444847906,3.405170962,3.026821167,1
105677,2.437555982,2.255582417,3.427779893,1
105679,3.454083821,3.142143595,3.343840496,1
105680,2.777553084,2.786159437,3.440199525,1
105686,3.073679593,3.269598365,3.277452492,1
105687,2.862985293,2.948195344,3.040224708,1
105688,3.317276837,3.301959938,3.272579249,1
105689,3.465628714,3.593136077,2.838513336,1
105690,2.518947479,2.808015587,2.912250947,1
105697,3.232999118,3.19282236,3.095260331,1
105708,3.025768286,3.26524411,2.975495073,1
105714,2.670185578,2.956763256,2.825383746,1
105715,2.957653417,3.066547243,3.353674184,1
105716,3.009028191,3.172118429,2.774298421,1
105717,2.732528001,2.841192457,3.449641964,1
105719,3.140062728,3.017864286,3.256119031,1
105724,1.862620305,2.012275651,3.460794476,1
105726,3.133135792,3.022218541,3.254487671,1
105733,2.85259489,2.86405937,3.078692076,1
105734,2.539728286,2.869846183,2.763547961,1
105735,3.291300828,3.199733101,3.35555017,1
105736,2.557045626,2.489730586,3.505340473,1
105749,3.418294652,3.412025121,3.430053301,1
105752,3.541247764,3.320304564,3.252834704,1
105753,3.416562918,3.391124867,3.299957384,1
105757,3.138908239,3.244146676,2.950516132,1
105758,2.355587241,2.775428543,3.045969193,1
105760,3.248584723,3.373454941,3.280339397,1
105765,2.495280448,2.290416459,3.457787959,1
105766,2.027712277,1.791106232,3.558945377,1
105769,3.532011849,3.433936995,3.26542025,1
105771,3.101964581,3.309320764,3.31739611,1
105775,3.491027479,3.167903915,3.519074298,1
105776,3.039044913,2.955527022,3.344159977,1
105777,3.598972229,3.547963787,3.549284548,1
105779,3.467937693,3.514309397,3.061960993,1
105781,3.280910424,3.035534212,3.43214459,1
105787,3.43041679,3.35356545,3.083487378,1
105791,3.02865451,3.025055365,3.01759403,1
105793,2.995751564,2.72528388,3.545863632,1
105796,2.662681398,2.729020017,3.121758736,1
105799,2.684616695,2.56156251,3.297197809,1
105800,3.175851897,3.558217162,2.7478795,1
105803,3.143526196,3.023398193,3.310178462,1
105810,2.007508714,2.036435381,3.518857453,1
105814,3.046549094,2.950976444,3.029275923,1
105817,2.775244106,3.278194569,3.167626643,1
105819,2.460068524,2.905382359,2.457965898,1
105822,3.598972229,3.492762735,3.183771239,1
105824,3.376733037,3.283334973,3.328332547,1
105827,2.140852229,2.67553272,2.971590305,1
105832,3.015377882,2.897685469,3.461921148,1
105833,3.376155792,3.127732288,3.34974858,1
105839,2.862408049,2.695618533,3.201781018,1
105843,3.244544011,3.062643073,3.424345858,1
105850,3.062711944,3.044298447,3.365714915,1
105854,3.444847906,3.278446617,3.487232689,1
105856,3.01133717,3.038005824,3.386994358,1
105858,2.428320068,2.383823336,3.224010415,1
105860,3.294187051,3.211784246,3.34546028,1
105876,2.832391327,2.976399842,3.382217576,1
105882,2.629201208,2.849563189,3.060703133,1
105885,3.575305199,3.508943521,3.196846811,1
105888,3.37096059,3.361375504,3.44429413,1
105889,3.582232134,3.165881531,3.550459837,1
105899,3.223185959,2.922574766,3.382742328,1
105901,3.284373892,2.999238464,3.564439061,1
105902,2.406962015,2.504366508,3.018171256,1
105904,2.738300448,2.547122911,3.432685547,1
105909,3.007873702,2.965275444,3.452396138,1
105918,2.800065626,3.591787536,2.045275119,1
105922,2.946108524,3.439106548,2.496221823,1
105927,2.933986386,2.982018623,3.073963911,1
105929,3.557410614,3.491582225,2.979301064,1
105936,3.43041679,3.095707636,3.314926691,1
105939,3.3969366,3.247995121,3.537864259,1
105951,3.241080543,3.003200073,3.495533794,1
105954,3.17123394,3.246871193,3.182411516,1
105955,3.156225578,3.238696784,3.311525067,1
105959,2.583021635,3.320304564,2.724873008,1
105981,3.573573465,3.597068538,3.090900264,1
105983,3.375001303,3.273361937,3.313421889,1
105987,3.421180875,3.331428962,3.330488658,1
105988,3.142948951,2.879397425,3.418156105,1
105994,2.648250281,3.255158767,3.289483963,1
105998,2.019053607,2.317328997,2.905476252,1
106003,3.52219869,3.386040187,3.531655986,1
106006,3.083492752,3.172118429,2.976918075,1
106015,2.568013274,2.615864248,3.40883868,1
106018,2.746959118,2.968084835,2.960129116,1
106019,3.547597455,3.455034429,3.581149308,1
106020,3.009605436,3.069188601,2.952260931,1
106034,3.21221831,3.149250659,3.452968734,1
106037,2.630932942,2.918782903,3.339185642,1
106038,3.209909331,3.30330848,3.371325897,1
106039,2.593412039,2.598897312,3.586394508,1
106040,3.093305911,3.491694532,3.571895162,1
106041,1.956133939,1.967243959,3.063001236,1
106042,3.045394605,2.85386172,2.973235555,1
106049,2.345774082,2.823774579,2.77025552,1
106051,2.545500733,2.707445064,2.981312869,1
106052,2.509134319,2.607773855,2.831907642,1
106054,3.302268476,3.472255127,2.989678796,1
106056,3.007873702,3.042922472,2.926339752,1
106057,3.176429141,2.958336412,3.569610178,1
106060,3.154493845,3.173100902,2.88422459,1
106063,3.054053274,2.89903401,3.594178578,1
106067,3.354220495,3.392753747,3.48624415,1
106072,3.481791564,3.297858588,3.101038771,1
106074,3.22087698,3.256029789,3.061936299,1
106075,2.962848619,2.9408911,3.209024903,1
106077,3.087533464,3.386011896,3.128709378,1
106079,2.389644676,2.672329826,2.956461257,1
106082,3.440807194,3.456495278,3.054764953,1
106092,3.550483678,3.282463951,3.339858559,1
106097,3.211641065,3.008762272,3.457540245,1
106099,1.878205911,1.83950885,3.127101169,1
106110,2.215894034,2.565382664,3.54894809,1
106115,2.667299355,2.74348705,2.856195917,1
106118,2.786788999,2.625247458,3.250104453,1
106121,2.8191147,2.70182714,3.467528272,1
106140,2.789097977,3.036826171,3.015858491,1
106141,2.612461113,2.761129542,3.143438688,1
106142,3.327089997,3.145795717,3.555464268,1
106148,3.344407336,3.113742775,3.595369301,1
106152,2.5760947,2.569203675,3.32381737,1
106160,2.438133227,2.615218697,2.88877758,1
106168,3.20355964,3.309151875,3.108896924,1
106169,3.48121432,3.256422435,3.567802101,1
106171,2.599184486,2.811919757,3.0654367,1
106174,2.936872609,2.87585761,3.398802809,1
106180,3.274560733,3.29381382,3.173041615,1
106186,3.446002396,3.148858013,3.344706336,1
106189,2.345774082,2.386857341,2.825004845,1
106190,2.731373512,3.010560042,3.180382734,1
106192,2.882034367,2.874509068,3.110118514,1
106198,2.76831717,2.746689944,3.322522468,1
106201,2.900506196,2.926255179,3.133872006,1
106204,2.839318263,2.69443888,3.321515409,1
106205,3.365188144,3.306370775,3.222398348,1
106210,2.681730472,2.926985603,2.769271611,1
106217,2.792561445,2.954431385,2.756979308,1
106220,2.782748286,2.787789175,3.544104943,1
106221,3.073102348,2.759921599,3.597126447,1
106223,2.730796267,3.144475467,2.812422385,1
106228,1.877051421,2.177879664,3.525196913,1
106229,2.215894034,2.603953701,3.356900634,1
106235,3.459856267,3.268025209,3.600692442,1
106238,2.953612704,2.962774684,3.260765396,1
106240,2.587639593,2.625190876,3.233420444,1
106241,2.794870424,2.731632228,2.956283768,1
106243,2.468727194,2.54529685,3.2883843,1
106252,2.801220115,2.77784443,3.241368113,1
106253,3.4887185,3.502622607,3.379787514,1
106260,3.329398975,3.412952725,3.418372951,1
106272,2.990556362,3.282604549,3.315282442,1
106281,3.482946054,3.504364652,2.835786944,1
106283,3.011914415,3.099162578,2.850297865,1
106285,3.089842443,2.952324985,3.329340379,1
106288,3.066752657,3.177933533,2.784598983,1
106289,2.858367336,2.606650785,3.467310654,1
106291,3.088110709,3.335558603,3.565291783,1
106298,3.526816647,3.385618393,3.201953105,1
106299,3.570109997,3.591928134,3.015928716,1
106301,3.104273559,2.744414655,3.481350071,1
106308,3.570109997,3.467591385,3.399336049,1
106310,2.966312087,3.166668537,3.405057383,1
106317,3.121590899,3.205575639,2.953007158,1
106326,3.118127431,3.313365532,3.057109357,1
106330,3.20471413,3.251366047,2.842306209,1
106331,3.276869712,3.211335018,3.151474331,1
106345,3.16142078,3.071295001,2.976759878,1
106349,3.134867526,3.36966222,2.403915727,1
106371,3.257243393,3.440370216,3.222111278,1
106375,2.419084153,2.360338306,3.371061206,1
106379,3.081761018,3.253445013,2.618621642,1
106382,2.93571812,2.937436159,3.07524878,1
106390,3.08580173,3.463602342,3.300973704,1
106394,2.898197217,2.530436315,3.447025924,1
106396,2.570899498,2.593784342,3.335280102,1
106401,2.990556362,3.272688095,3.14403212,1
106404,2.871066719,2.960921189,2.988718038,1
106407,3.058093987,3.473547087,3.166741511,1
106409,2.040411659,2.656149039,2.29313375,1
106410,3.451197598,3.592405653,2.699457288,1
106421,2.948994747,2.972691995,3.510273908,1
106424,1.79623717,1.954742728,2.842356369,1
106434,3.211641065,2.987608256,3.503158896,1
106435,2.715787906,2.616341767,3.443549446,1
106441,2.803529094,2.583614982,3.447097691,1
106444,3.316122348,3.516415797,2.875384071,1
106448,3.181047099,3.125091787,3.44275383,1
106453,3.380196505,3.54127766,3.205928098,1
106455,3.532589094,3.51877596,2.797527161,1
106457,2.026557787,2.201111789,3.42585992,1
106459,3.193169236,3.111439195,3.37812683,1
106467,3.551638168,3.327523934,3.332660975,1
106472,3.05232154,3.178888572,2.66237974,1
106475,3.447156885,3.292745617,3.112597193,1
106480,3.117550187,3.022639478,3.572256315,1
106486,2.706551992,2.439557632,3.566297299,1
106494,2.763121968,2.749695657,3.285774433,1
106497,3.077720305,2.853300185,3.54243114,1
106499,2.181259355,2.167316802,2.952331926,1
106501,2.274772989,2.201616742,3.465985657,1
106503,2.861830804,2.736689474,3.367646463,1
106508,2.393685388,2.071775234,3.566059617,1
106511,2.688080163,2.560860377,3.111688139,1
106516,3.534320828,3.561925009,3.0608567,1
106517,3.362879165,3.265215819,3.414965154,1
106521,2.631510186,3.212935607,2.738903935,1
106522,3.192014747,3.299600633,3.310182321,1
106524,2.073314604,2.228135777,2.891991683,1
106525,2.127575602,2.138465896,3.256782687,1
106532,3.374424058,3.357217572,3.373698854,1
106535,2.671917312,2.813549495,3.453711103,1
106537,2.413888951,2.434894747,3.319028241,1
106538,2.518370234,2.631146578,3.44131848,1
106543,3.398668334,3.410031028,3.064450476,1
106547,3.228958405,3.279907465,3.174638249,1
106549,3.591468049,3.498043738,3.063101556,1
106551,3.0944604,3.091970641,3.172338603,1
106552,2.368863868,2.351938425,3.413929541,1
106564,3.220299735,3.042444952,3.372766648,1
106569,2.315180115,2.439277293,3.186850296,1
106571,3.228958405,3.243893771,3.138828592,1
106575,2.859521825,2.764331579,3.596865614,1
106578,3.226072182,3.113573886,3.150437175,1
106580,3.202982396,3.300106443,3.070480487,1
106582,2.764853702,2.788687632,3.47634564,1
106587,3.066175412,3.1711351,3.107546461,1
106591,3.164307004,2.997384969,3.283825907,1
106594,3.181047099,3.010138247,3.587264978,1
106596,3.141217217,3.192569455,2.931374279,1
106598,2.55877736,2.488775548,3.500297457,1
106600,2.450255365,2.551083663,3.158357063,1
106601,3.396359355,3.025954679,3.601001891,1
106603,2.987092894,3.252153053,3.53100622,1
106605,2.128730091,2.552432205,2.90596319,1
106607,2.48315831,2.327779553,3.539488673,1
106609,2.268423298,2.299714796,3.25219497,1
106610,2.98651565,3.175292175,3.363328839,1
106625,3.076565816,3.149756469,3.266830134,1
106626,3.435034747,3.456074341,2.839738785,1
106628,2.47449964,2.490657334,3.133752394,1
106629,2.293244818,2.377108918,3.040622902,1
106631,3.533743583,3.235522181,3.35722706,1
106634,3.458701778,3.314067665,3.135088967,1
106637,2.720405863,3.029606801,3.028170087,1
106643,3.007873702,2.877290168,3.402763911,1
106644,2.375213559,2.349916041,3.223618395,1
106646,2.659795175,2.548808374,3.065019214,1
106649,3.582232134,3.457394591,3.420798383,1
106660,3.118127431,2.879846653,3.298445637,1
106661,2.737145958,2.892319593,3.590930521,1
106664,3.589736315,3.528270619,3.255611256,1
106666,2.116607954,2.189059787,3.297018776,1
106671,2.808724296,2.74348705,3.019225389,1
106799,3.58915907,3.568976348,2.900720306,0
106800,2.808724296,3.2046206,2.873160823,0
107076,2.406962015,3.396855955,3.349373537,0
107475,2.913205578,3.540547236,2.552654211,0
107601,2.899351707,3.291481949,2.923640369,0
107698,3.442538928,3.396995696,3.161413741,0
107785,3.130249569,3.426661042,3.343499408,0
108007,3.009028191,3.392445117,2.513418236,0
108136,2.91955527,2.853300185,3.496416611,0
108193,3.000946766,3.166977167,3.136144643,0
108224,2.879725388,3.203946758,2.736480047,0
108261,3.076565816,3.036179763,3.248870515,0
108313,3.545865721,3.577095032,2.975856997,1
108314,3.470246671,3.273418519,3.310555049,1
108320,3.026922776,3.077756514,3.121389095,1
108321,3.425221588,3.337103467,3.165277609,1
108328,3.386546196,3.297297053,3.32454199,1
108332,3.115818453,3.237881486,2.866396931,1
108333,2.853172134,3.07343055,2.643668492,1
108338,3.450043108,3.591646938,3.256268739,1
108340,3.153339355,3.130317064,3.102930963,1
108341,3.257820638,2.991400976,3.457113499,1
108369,2.614192847,3.177174818,2.517497407,1
108378,3.265324818,3.093291749,3.504990124,1
108379,3.050012562,2.961145803,3.292307588,1
108389,3.219722491,2.997384969,3.306735167,1
108392,2.783902776,2.637524075,3.227237637,1
108403,2.321529806,2.46436377,3.377287228,1
108411,3.57299622,3.236899014,3.55793523,1
108414,2.547232467,3.063429222,2.183555615,1
108416,3.396359355,3.203693853,3.24373181,1
108417,2.83527755,2.677471088,3.398827503,1
108420,3.537207051,3.491245304,3.408192001,1
108432,2.33192021,2.341460436,3.46471082,1
108438,3.016532372,2.981596829,3.155168427,1
108440,2.317489094,2.548752649,2.734829395,1
108446,3.550483678,3.224875303,3.347996065,1
108450,2.917246291,2.943447586,3.116384664,1
108453,2.404075792,2.43888379,3.12587572,1
108455,2.437555982,2.418151568,3.560386128,1
108461,3.417717408,3.311061952,3.311582172,1
108466,3.222608714,3.166695971,3.481636369,1
108471,3.406172514,3.386124203,3.115084361,1
108478,2.885497835,2.882852367,3.350855188,1
108487,2.901660685,2.860519555,3.310889192,1
108489,3.083492752,3.302718653,2.803899033,1
108491,2.498166671,2.849450882,2.504350068,1
108492,3.267056552,3.367948466,3.120688398,1
108493,3.246852989,2.927181926,3.589951242,1
108500,2.939758833,3.195491153,3.051088606,1
108501,2.966889331,3.144700081,2.941282821,1
108504,1.773147383,2.047812684,3.037197355,1
108506,2.877993654,3.085846907,3.126381179,1
108509,3.428685056,3.141413171,3.471380565,1
108510,3.429262301,3.577123323,2.777281015,1
108511,2.896465483,3.040562309,3.133120377,1
108512,2.616501825,2.912827201,2.759022752,1
108515,2.858944581,2.675392121,3.354851016,1
108519,3.004410234,2.796159907,3.518955458,1
108521,3.352488761,3.305696076,3.279869436,1
108523,3.263593084,3.250860236,3.178423405,1
108524,2.6678766,3.244118385,2.463195664,1
108527,2.77697584,2.882094509,3.419761228,1
108531,2.978434225,2.892376175,3.233520764,1
108544,2.880302633,2.923726984,3.108819755,1
108548,3.596663251,3.350784351,3.234271621,1
108551,3.394050377,3.436409464,3.415201292,1
108553,2.844513464,2.937689064,3.129999649,1
108556,3.531434605,3.371404265,3.393198,1
108558,3.478905341,3.300386782,3.388225209,1
108562,2.686348429,2.939515125,2.712115374,1
108563,2.090054699,2.363596924,2.87654547,1
108564,2.671917312,2.86846935,2.685172473,1
108567,3.340366624,3.425285067,3.362651292,1
108572,3.208754842,3.008733981,3.495137144,1
108579,3.349025293,3.249484261,3.290236364,1
108581,3.314390614,3.39840082,3.079540939,1
108590,3.437343726,3.164673587,3.285347686,1
108599,3.350757027,3.368594875,3.232350877,1
108601,2.785057265,2.728373609,3.422883499,1
108608,3.525662158,3.525461229,2.930448247,1
108616,3.483523298,3.43090299,3.320666546,1
108618,2.570322253,3.026319891,3.552005539,1
108622,3.459856267,3.427616938,3.581398565,1
108623,2.610152134,2.95386985,3.045832603,1
108624,3.503726861,3.359998671,3.435715215,1
108630,3.235308096,3.058485141,3.325528986,1
108631,2.813919498,3.131665606,3.029447239,1
108632,3.417717408,3.29330801,3.598184438,1
108634,2.635550899,2.941537509,3.356618966,1
108635,2.995751564,2.783631243,3.342967711,1
108639,3.104273559,3.030111754,3.21945048,1
108645,3.126208856,3.241027798,3.309193782,1
108647,3.234730852,3.312916304,2.925478542,1
108649,2.885497835,2.8220051,3.380755217,1
108654,2.473345151,2.847232175,2.935751324,1
108663,3.074834082,2.928137822,3.429641989,1
108668,3.198941683,3.08542597,3.269033318,1
108670,2.471613417,2.802480822,2.517419466,1
108672,2.799488381,2.597773385,3.390622088,1
108675,2.625160495,2.664885841,3.43697076,1
108677,3.500263393,3.320529178,3.473346839,1
108679,2.912051089,3.001092816,3.113355768,1
108685,3.088110709,2.987805436,3.521728923,1
108686,2.806415317,2.89392104,3.234668272,1
108695,3.446002396,3.422026448,3.349668324,1
108704,2.802951849,2.752223851,3.55942074,1
108705,2.925327716,2.720030311,3.34627596,1
108708,2.842204486,3.043624605,2.802357961,1
108711,3.346716315,3.230633825,3.274306299,1
108715,3.458701778,3.155122345,3.493464112,1
108717,3.231844628,3.261563697,3.137775231,1
108718,3.000946766,2.812229244,3.521450342,1
108726,3.354220495,3.184787692,3.588221106,1
108730,3.175274652,3.034269686,3.489729117,1
108733,3.538938785,3.438516722,3.47665123,1
108737,2.682884961,2.789221733,3.094101248,1
108740,3.352488761,3.310106913,3.19263568,1
108742,2.611306624,2.83498385,2.884901365,1
108745,3.19490097,3.393653061,3.453669432,1
108747,2.7596585,2.666093785,3.268642841,1
108750,2.648827526,2.571703578,3.499939391,1
108757,2.012703916,2.134252238,3.004536207,1
108768,3.242235032,3.290751524,3.382623487,1
108771,3.567801018,3.466889251,3.343551883,1
108777,2.761967479,3.292577585,3.024224419,1
108785,3.350179783,3.218048578,3.55137275,1
108786,2.857790091,2.932941305,3.546688572,1
108788,3.174120163,3.305864965,3.074203136,1
108793,2.679998738,2.874874281,3.292519804,1
108797,2.574362966,2.481780791,3.521720435,1
108798,2.354432752,2.693904779,2.978842678,1
108799,3.182201588,3.367078301,2.70964827,1
108801,2.940336077,3.040309404,3.163166256,1
108808,2.819691944,3.123069403,3.033664543,1
108809,2.800065626,2.722278166,3.430399792,1
108813,2.546655222,2.637467493,3.103645551,1
108820,2.95303546,2.905551248,3.50526639,1
108822,3.413676695,3.30561206,3.593280327,1
108827,3.168347716,3.257574654,3.103688766,1
108831,3.243389521,3.235943118,3.155835941,1
108847,2.438133227,2.721294836,3.440007373,1
108875,2.793715935,2.887010299,3.249598994,1
108878,3.260706861,3.453714178,2.741374126,1
108881,3.485255032,3.328423248,3.414019829,1
108886,3.035581445,3.079862914,3.331942529,1
108892,2.932831897,2.848720458,3.321417404,1
108906,2.921864248,2.658424329,3.595059852,1
108910,2.480849331,2.556618428,3.089017333,1
108916,3.415985674,3.44256149,3.135741047,1
108920,3.570109997,3.38463592,3.515377887,1
108922,3.297650519,3.213638598,3.307948269,1
108925,3.495645436,3.448825822,3.177128503,1
108928,3.077720305,3.021375809,3.205734403,1
108930,3.435611992,3.389832907,2.925144399,1
108933,3.256088904,3.548413015,3.122300465,1
108936,2.924750472,2.769725746,3.003570047,1
108938,2.626892229,2.659969193,3.514159384,1
108940,2.343465103,2.944543222,3.026040213,1
108942,3.287260115,3.2326845,3.295564906,1
108944,3.208177597,3.170207495,3.340874107,1
108945,3.255511659,3.223948555,3.15672416,1
108955,3.248584723,3.125653322,3.345794424,1
108957,3.604744676,3.336794837,3.486439388,1
108962,2.744072894,2.642327558,3.575289841,1
108965,3.493336457,3.38443874,3.257903186,1
108968,1.950361493,2.303198886,2.424789259,1
108979,3.29534154,3.512033251,2.843132693,1
108981,2.797179403,3.517062206,2.655043251,1
108984,3.003255745,3.133884313,3.580296587,1
108985,2.274772989,2.472032369,3.523073985,1
108987,3.436189236,3.214565345,3.43435472,1
108988,3.368074367,3.242685827,3.286674227,1
108989,3.320163061,3.166303325,3.382955315,1
108998,2.931100163,2.975810016,3.057114759,1
109007,2.78448002,2.678397835,3.343500951,1
109010,2.714056172,2.634039985,3.177666373,1
109011,2.670762823,2.93530061,3.107046403,1
109024,3.223763203,3.106634854,3.238559921,1
109025,2.755617787,2.983843827,3.0417434,1
109026,2.959962396,2.598728423,3.569385616,1
109027,3.567801018,3.438825352,3.322908315,1
109036,3.563760305,3.589764294,3.249481696,1
109040,2.61707907,2.860940492,3.130677968,1
109043,3.293032562,3.241280703,3.57332511,1
109046,3.033272467,3.282661131,2.793692617,1
109048,3.152762111,3.267575124,2.994186256,1
109049,1.929003441,2.379103868,2.914433296,1
109052,3.181047099,3.008312186,3.481736689,1
109063,2.721560353,3.080733936,2.926073518,1
109064,1.952093227,2.014832137,3.426468014,1
109067,3.383082728,3.384157544,3.392420134,1
109070,3.515271754,3.541193644,3.410825791,1
109078,3.478905341,3.29920713,3.342749322,1
109080,3.222031469,3.150290571,3.184448014,1
109081,3.365765388,3.403710113,3.332439499,1
109086,2.543191754,2.930019608,2.814925759,1
109090,2.855481113,3.067305958,3.020967101,1
109094,3.190860258,2.890072595,3.444281011,1
109096,2.480272087,2.422842744,3.173148109,1
109099,3.273983488,3.497987155,3.428932031,1
109110,3.173542918,3.078711552,3.305671002,1
109112,3.356529474,3.388680688,2.959231636,1
109128,3.252048191,3.476187588,2.938788709,1
109130,3.465628714,3.263838986,3.592289473,1
109146,3.233576362,3.064019049,3.594718764,1
109149,2.427742823,2.683089011,2.662004697,1
109150,3.286682871,3.277969097,3.494133171,1
109152,2.958807906,3.222936935,2.914849239,1
109158,3.439652704,3.154673117,3.550979958,1
109166,2.887229569,3.115905757,2.633164974,1
109168,3.560296837,3.427391467,3.468063055,1
109173,3.430994035,3.516837592,2.954670157,1
109174,3.280910424,3.068064674,3.35113377,1
109175,3.197787194,3.099556081,3.517248472,1
109182,2.051379308,2.872935913,1.917424829,1
109187,2.305366956,2.353370983,3.02398365,1
109189,2.951303726,2.727165665,3.399534374,1
109191,2.754463298,2.945751166,3.047111299,1
109194,3.096192134,3.139109591,3.088602162,1
109195,2.688080163,2.906000476,3.323440783,1
109200,2.930522918,3.061041626,2.799521217,1
109205,2.241292799,2.721182529,2.116115793,1
109208,3.57299622,3.597714947,3.076603102,1
109209,3.17007945,3.114500633,3.283607518,1
109222,3.317276837,3.164224359,3.279202693,1
109233,3.565492039,3.411322987,3.538833506,1
109236,3.312081636,3.172511075,3.515918844,1
109238,2.861253559,2.657525015,3.357815862,1
109239,3.175851897,3.224791287,3.28254181,1
109251,2.300171754,2.156529325,3.524317183,1
109253,3.504304106,3.404861475,3.423834997,1
109258,3.111200495,3.12908083,3.187134279,1
109259,3.328244486,3.38772565,3.043029813,1
109269,2.591103061,2.58864308,3.59426578,1
109271,3.055207764,2.88195391,3.270217867,1
109272,2.412734462,2.446945892,3.484159806,1
109273,2.446214652,2.647075317,2.853325218,1
109282,2.754463298,3.038764539,2.846180881,1
109285,3.210486576,2.910972848,3.361695164,1
109286,3.381928239,3.422503967,3.269669965,1
109287,3.326512752,3.587011486,2.982367002,1
109288,3.410213227,3.476581091,3.484473114,1
109292,2.730219023,3.254849279,2.420321155,1
109294,2.91955527,2.933053612,3.174618957,1
109298,3.247430234,3.289655888,2.942701965,1
109300,2.076200828,2.161838619,3.500207169,1
109311,3.263593084,3.255720302,3.231292885,1
109313,3.101387336,3.036179763,3.046920691,1
109317,3.151030377,3.303617967,2.794693503,1
109321,2.766585436,2.900662891,3.21441055,1
109324,2.805260828,2.798772975,3.114330417,1
109325,3.208754842,2.944880143,3.577351806,1
109332,2.824887146,2.628449495,3.498200766,1
109338,3.478328096,3.324237025,3.546572046,1
109342,3.144103441,2.874677958,3.484016271,1
109344,2.781593797,2.832174459,3.40622264,1
109350,3.331130709,3.483885335,2.999522516,1
109352,2.537419308,2.646120278,3.03382737,1
109353,2.702511279,2.899258624,3.556916595,1
109357,2.979588714,2.970640463,3.009021289,1
109361,3.570109997,3.443236189,3.210546682,1
109362,2.977279735,3.020869999,3.063635568,1
109369,3.592045294,3.301286096,3.341010697,1
109381,3.098501113,2.925355865,3.327425036,1
109385,3.114086719,3.366881121,2.579704377,1
109394,3.332285198,3.586309353,2.850801009,1
109398,2.502784628,2.953082843,2.611721932,1
109408,3.093305911,3.104669052,3.358912438,1
109409,3.398091089,3.331260072,3.156674,1
109410,2.84393622,3.105567508,3.584902825,1
109413,3.356529474,3.282463951,3.211889428,1
109423,3.35479774,3.230409211,3.376057149,1
109430,2.898774462,3.064806055,3.031287728,1
109431,3.46389698,3.33288981,2.972622059,1
109439,3.465628714,3.541081337,3.054388367,1
109441,2.99401983,2.902601259,3.280206666,1
109451,3.146412419,3.248023412,3.186640395,1
109456,3.278601445,3.400394912,3.604962221,1
109457,3.603012942,3.449023002,3.34993533,1
109460,2.727332799,2.963898611,2.980923935,1
109463,3.313813369,3.295864495,3.45210984,1
109464,2.613038357,2.48534804,3.340718225,1
109468,3.324203773,3.569369851,2.866585224,1
109470,3.560296837,3.480879622,3.262619775,1
109471,2.950149236,2.771101721,3.31663985,1
109474,3.327089997,3.27802568,3.08710662,1
109477,2.906278643,2.696741603,3.525953173,1
109479,2.890693037,3.15026228,2.958547144,1
109481,3.338057645,3.297549958,3.106860425,1
109483,3.444847906,3.405170962,3.026821167,1
109487,2.437555982,2.255582417,3.427779893,1
109489,3.454083821,3.142143595,3.343840496,1
109490,2.777553084,2.786159437,3.440199525,1
109496,3.073679593,3.269598365,3.277452492,1
109497,2.862985293,2.948195344,3.040224708,1
109498,3.317276837,3.301959938,3.272579249,1
109499,3.465628714,3.593136077,2.838513336,1
109500,2.518947479,2.808015587,2.912250947,1
109507,3.232999118,3.19282236,3.095260331,1
109518,3.025768286,3.26524411,2.975495073,1
109524,2.670185578,2.956763256,2.825383746,1
109525,2.957653417,3.066547243,3.353674184,1
109526,3.009028191,3.172118429,2.774298421,1
109527,2.732528001,2.841192457,3.449641964,1
109529,3.140062728,3.017864286,3.256119031,1
109534,1.862620305,2.012275651,3.460794476,1
109536,3.133135792,3.022218541,3.254487671,1
109543,2.85259489,2.86405937,3.078692076,1
109544,2.539728286,2.869846183,2.763547961,1
109545,3.291300828,3.199733101,3.35555017,1
109546,2.557045626,2.489730586,3.505340473,1
109559,3.418294652,3.412025121,3.430053301,1
109562,3.541247764,3.320304564,3.252834704,1
109563,3.416562918,3.391124867,3.299957384,1
109567,3.138908239,3.244146676,2.950516132,1
109568,2.355587241,2.775428543,3.045969193,1
109570,3.248584723,3.373454941,3.280339397,1
109575,2.495280448,2.290416459,3.457787959,1
109576,2.027712277,1.791106232,3.558945377,1
109579,3.532011849,3.433936995,3.26542025,1
109581,3.101964581,3.309320764,3.31739611,1
109585,3.491027479,3.167903915,3.519074298,1
109586,3.039044913,2.955527022,3.344159977,1
109587,3.598972229,3.547963787,3.549284548,1
109589,3.467937693,3.514309397,3.061960993,1
109591,3.280910424,3.035534212,3.43214459,1
109597,3.43041679,3.35356545,3.083487378,1
109601,3.02865451,3.025055365,3.01759403,1
109603,2.995751564,2.72528388,3.545863632,1
109606,2.662681398,2.729020017,3.121758736,1
109609,2.684616695,2.56156251,3.297197809,1
109610,3.175851897,3.558217162,2.7478795,1
109613,3.143526196,3.023398193,3.310178462,1
109620,2.007508714,2.036435381,3.518857453,1
109624,3.046549094,2.950976444,3.029275923,1
109627,2.775244106,3.278194569,3.167626643,1
109629,2.460068524,2.905382359,2.457965898,1
109632,3.598972229,3.492762735,3.183771239,1
109634,3.376733037,3.283334973,3.328332547,1
109637,2.140852229,2.67553272,2.971590305,1
109642,3.015377882,2.897685469,3.461921148,1
109643,3.376155792,3.127732288,3.34974858,1
109649,2.862408049,2.695618533,3.201781018,1
109653,3.244544011,3.062643073,3.424345858,1
109660,3.062711944,3.044298447,3.365714915,1
109664,3.444847906,3.278446617,3.487232689,1
109666,3.01133717,3.038005824,3.386994358,1
109668,2.428320068,2.383823336,3.224010415,1
109670,3.294187051,3.211784246,3.34546028,1
109686,2.832391327,2.976399842,3.382217576,1
109692,2.629201208,2.849563189,3.060703133,1
109695,3.575305199,3.508943521,3.196846811,1
109698,3.37096059,3.361375504,3.44429413,1
109699,3.582232134,3.165881531,3.550459837,1
109709,3.223185959,2.922574766,3.382742328,1
109711,3.284373892,2.999238464,3.564439061,1
109712,2.406962015,2.504366508,3.018171256,1
109714,2.738300448,2.547122911,3.432685547,1
109719,3.007873702,2.965275444,3.452396138,1
109728,2.800065626,3.591787536,2.045275119,1
109732,2.946108524,3.439106548,2.496221823,1
109737,2.933986386,2.982018623,3.073963911,1
109739,3.557410614,3.491582225,2.979301064,1
109746,3.43041679,3.095707636,3.314926691,1
109749,3.3969366,3.247995121,3.537864259,1
109761,3.241080543,3.003200073,3.495533794,1
109764,3.17123394,3.246871193,3.182411516,1
109765,3.156225578,3.238696784,3.311525067,1
109769,2.583021635,3.320304564,2.724873008,1
109791,3.573573465,3.597068538,3.090900264,1
109793,3.375001303,3.273361937,3.313421889,1
109797,3.421180875,3.331428962,3.330488658,1
109798,3.142948951,2.879397425,3.418156105,1
109804,2.648250281,3.255158767,3.289483963,1
109808,2.019053607,2.317328997,2.905476252,1
109813,3.52219869,3.386040187,3.531655986,1
109816,3.083492752,3.172118429,2.976918075,1
109825,2.568013274,2.615864248,3.40883868,1
109828,2.746959118,2.968084835,2.960129116,1
109829,3.547597455,3.455034429,3.581149308,1
109830,3.009605436,3.069188601,2.952260931,1
109844,3.21221831,3.149250659,3.452968734,1
109847,2.630932942,2.918782903,3.339185642,1
109848,3.209909331,3.30330848,3.371325897,1
109849,2.593412039,2.598897312,3.586394508,1
109850,3.093305911,3.491694532,3.571895162,1
109851,1.956133939,1.967243959,3.063001236,1
109852,3.045394605,2.85386172,2.973235555,1
109859,2.345774082,2.823774579,2.77025552,1
109861,2.545500733,2.707445064,2.981312869,1
109862,2.509134319,2.607773855,2.831907642,1
109864,3.302268476,3.472255127,2.989678796,1
109866,3.007873702,3.042922472,2.926339752,1
109867,3.176429141,2.958336412,3.569610178,1
109870,3.154493845,3.173100902,2.88422459,1
109873,3.054053274,2.89903401,3.594178578,1
109877,3.354220495,3.392753747,3.48624415,1
109882,3.481791564,3.297858588,3.101038771,1
109884,3.22087698,3.256029789,3.061936299,1
109885,2.962848619,2.9408911,3.209024903,1
109887,3.087533464,3.386011896,3.128709378,1
109889,2.389644676,2.672329826,2.956461257,1
109892,3.440807194,3.456495278,3.054764953,1
109902,3.550483678,3.282463951,3.339858559,1
109907,3.211641065,3.008762272,3.457540245,1
109909,1.878205911,1.83950885,3.127101169,1
109920,2.215894034,2.565382664,3.54894809,1
109925,2.667299355,2.74348705,2.856195917,1
109928,2.786788999,2.625247458,3.250104453,1
109931,2.8191147,2.70182714,3.467528272,1
109950,2.789097977,3.036826171,3.015858491,1
109951,2.612461113,2.761129542,3.143438688,1
109952,3.327089997,3.145795717,3.555464268,1
109958,3.344407336,3.113742775,3.595369301,1
109962,2.5760947,2.569203675,3.32381737,1
109970,2.438133227,2.615218697,2.88877758,1
109978,3.20355964,3.309151875,3.108896924,1
109979,3.48121432,3.256422435,3.567802101,1
109981,2.599184486,2.811919757,3.0654367,1
109984,2.936872609,2.87585761,3.398802809,1
109990,3.274560733,3.29381382,3.173041615,1
109996,3.446002396,3.148858013,3.344706336,1
109999,2.345774082,2.386857341,2.825004845,1
110000,2.731373512,3.010560042,3.180382734,1
110002,2.882034367,2.874509068,3.110118514,1
110008,2.76831717,2.746689944,3.322522468,1
110011,2.900506196,2.926255179,3.133872006,1
110014,2.839318263,2.69443888,3.321515409,1
110015,3.365188144,3.306370775,3.222398348,1
110020,2.681730472,2.926985603,2.769271611,1
110027,2.792561445,2.954431385,2.756979308,1
110030,2.782748286,2.787789175,3.544104943,1
110031,3.073102348,2.759921599,3.597126447,1
110033,2.730796267,3.144475467,2.812422385,1
110038,1.877051421,2.177879664,3.525196913,1
110039,2.215894034,2.603953701,3.356900634,1
110045,3.459856267,3.268025209,3.600692442,1
110048,2.953612704,2.962774684,3.260765396,1
110050,2.587639593,2.625190876,3.233420444,1
110051,2.794870424,2.731632228,2.956283768,1
110053,2.468727194,2.54529685,3.2883843,1
110062,2.801220115,2.77784443,3.241368113,1
110063,3.4887185,3.502622607,3.379787514,1
110070,3.329398975,3.412952725,3.418372951,1
110082,2.990556362,3.282604549,3.315282442,1
110091,3.482946054,3.504364652,2.835786944,1
110093,3.011914415,3.099162578,2.850297865,1
110095,3.089842443,2.952324985,3.329340379,1
110098,3.066752657,3.177933533,2.784598983,1
110099,2.858367336,2.606650785,3.467310654,1
110101,3.088110709,3.335558603,3.565291783,1
110108,3.526816647,3.385618393,3.201953105,1
110109,3.570109997,3.591928134,3.015928716,1
110111,3.104273559,2.744414655,3.481350071,1
110118,3.570109997,3.467591385,3.399336049,1
110120,2.966312087,3.166668537,3.405057383,1
110127,3.121590899,3.205575639,2.953007158,1
110136,3.118127431,3.313365532,3.057109357,1
110140,3.20471413,3.251366047,2.842306209,1
110141,3.276869712,3.211335018,3.151474331,1
110155,3.16142078,3.071295001,2.976759878,1
110159,3.134867526,3.36966222,2.403915727,1
110181,3.257243393,3.440370216,3.222111278,1
110185,2.419084153,2.360338306,3.371061206,1
110189,3.081761018,3.253445013,2.618621642,1
110192,2.93571812,2.937436159,3.07524878,1
110200,3.08580173,3.463602342,3.300973704,1
110204,2.898197217,2.530436315,3.447025924,1
110206,2.570899498,2.593784342,3.335280102,1
110211,2.990556362,3.272688095,3.14403212,1
110214,2.871066719,2.960921189,2.988718038,1
110217,3.058093987,3.473547087,3.166741511,1
110219,2.040411659,2.656149039,2.29313375,1
110220,3.451197598,3.592405653,2.699457288,1
110231,2.948994747,2.972691995,3.510273908,1
110234,1.79623717,1.954742728,2.842356369,1
110244,3.211641065,2.987608256,3.503158896,1
110245,2.715787906,2.616341767,3.443549446,1
110251,2.803529094,2.583614982,3.447097691,1
110254,3.316122348,3.516415797,2.875384071,1
110258,3.181047099,3.125091787,3.44275383,1
110263,3.380196505,3.54127766,3.205928098,1
110265,3.532589094,3.51877596,2.797527161,1
110267,2.026557787,2.201111789,3.42585992,1
110269,3.193169236,3.111439195,3.37812683,1
110277,3.551638168,3.327523934,3.332660975,1
110282,3.05232154,3.178888572,2.66237974,1
110285,3.447156885,3.292745617,3.112597193,1
110290,3.117550187,3.022639478,3.572256315,1
110296,2.706551992,2.439557632,3.566297299,1
110304,2.763121968,2.749695657,3.285774433,1
110307,3.077720305,2.853300185,3.54243114,1
110309,2.181259355,2.167316802,2.952331926,1
110311,2.274772989,2.201616742,3.465985657,1
110313,2.861830804,2.736689474,3.367646463,1
110318,2.393685388,2.071775234,3.566059617,1
110321,2.688080163,2.560860377,3.111688139,1
110326,3.534320828,3.561925009,3.0608567,1
110327,3.362879165,3.265215819,3.414965154,1
110331,2.631510186,3.212935607,2.738903935,1
110332,3.192014747,3.299600633,3.310182321,1
110334,2.073314604,2.228135777,2.891991683,1
110335,2.127575602,2.138465896,3.256782687,1
110342,3.374424058,3.357217572,3.373698854,1
110345,2.671917312,2.813549495,3.453711103,1
110347,2.413888951,2.434894747,3.319028241,1
110348,2.518370234,2.631146578,3.44131848,1
110353,3.398668334,3.410031028,3.064450476,1
110357,3.228958405,3.279907465,3.174638249,1
110359,3.591468049,3.498043738,3.063101556,1
110361,3.0944604,3.091970641,3.172338603,1
110362,2.368863868,2.351938425,3.413929541,1
110374,3.220299735,3.042444952,3.372766648,1
110379,2.315180115,2.439277293,3.186850296,1
110381,3.228958405,3.243893771,3.138828592,1
110385,2.859521825,2.764331579,3.596865614,1
110388,3.226072182,3.113573886,3.150437175,1
110390,3.202982396,3.300106443,3.070480487,1
110392,2.764853702,2.788687632,3.47634564,1
110397,3.066175412,3.1711351,3.107546461,1
110401,3.164307004,2.997384969,3.283825907,1
110404,3.181047099,3.010138247,3.587264978,1
110406,3.141217217,3.192569455,2.931374279,1
110408,2.55877736,2.488775548,3.500297457,1
110410,2.450255365,2.551083663,3.158357063,1
110411,3.396359355,3.025954679,3.601001891,1
110413,2.987092894,3.252153053,3.53100622,1
110415,2.128730091,2.552432205,2.90596319,1
110417,2.48315831,2.327779553,3.539488673,1
110419,2.268423298,2.299714796,3.25219497,1
110420,2.98651565,3.175292175,3.363328839,1
110435,3.076565816,3.149756469,3.266830134,1
110436,3.435034747,3.456074341,2.839738785,1
110438,2.47449964,2.490657334,3.133752394,1
110439,2.293244818,2.377108918,3.040622902,1
110441,3.533743583,3.235522181,3.35722706,1
110444,3.458701778,3.314067665,3.135088967,1
110447,2.720405863,3.029606801,3.028170087,1
110453,3.007873702,2.877290168,3.402763911,1
110454,2.375213559,2.349916041,3.223618395,1
110456,2.659795175,2.548808374,3.065019214,1
110459,3.582232134,3.457394591,3.420798383,1
110470,3.118127431,2.879846653,3.298445637,1
110471,2.737145958,2.892319593,3.590930521,1
110474,3.589736315,3.528270619,3.255611256,1
110476,2.116607954,2.189059787,3.297018776,1
110481,2.808724296,2.74348705,3.019225389,1
110609,3.58915907,3.568976348,2.900720306,0
110610,2.808724296,3.2046206,2.873160823,0
110886,2.406962015,3.396855955,3.349373537,0
111285,2.913205578,3.540547236,2.552654211,0
111411,2.899351707,3.291481949,2.923640369,0
111508,3.442538928,3.396995696,3.161413741,0
111595,3.130249569,3.426661042,3.343499408,0
111817,3.009028191,3.392445117,2.513418236,0
111946,2.91955527,2.853300185,3.496416611,0
112003,3.000946766,3.166977167,3.136144643,0
112034,2.879725388,3.203946758,2.736480047,0
112071,3.076565816,3.036179763,3.248870515,0
112123,3.545865721,3.577095032,2.975856997,1
112124,3.470246671,3.273418519,3.310555049,1
112130,3.026922776,3.077756514,3.121389095,1
112131,3.425221588,3.337103467,3.165277609,1
112138,3.386546196,3.297297053,3.32454199,1
112142,3.115818453,3.237881486,2.866396931,1
112143,2.853172134,3.07343055,2.643668492,1
112148,3.450043108,3.591646938,3.256268739,1
112150,3.153339355,3.130317064,3.102930963,1
112151,3.257820638,2.991400976,3.457113499,1
112179,2.614192847,3.177174818,2.517497407,1
112188,3.265324818,3.093291749,3.504990124,1
112189,3.050012562,2.961145803,3.292307588,1
112199,3.219722491,2.997384969,3.306735167,1
112202,2.783902776,2.637524075,3.227237637,1
112213,2.321529806,2.46436377,3.377287228,1
112221,3.57299622,3.236899014,3.55793523,1
112224,2.547232467,3.063429222,2.183555615,1
112226,3.396359355,3.203693853,3.24373181,1
112227,2.83527755,2.677471088,3.398827503,1
112230,3.537207051,3.491245304,3.408192001,1
112242,2.33192021,2.341460436,3.46471082,1
112248,3.016532372,2.981596829,3.155168427,1
112250,2.317489094,2.548752649,2.734829395,1
112256,3.550483678,3.224875303,3.347996065,1
112260,2.917246291,2.943447586,3.116384664,1
112263,2.404075792,2.43888379,3.12587572,1
112265,2.437555982,2.418151568,3.560386128,1
112271,3.417717408,3.311061952,3.311582172,1
112276,3.222608714,3.166695971,3.481636369,1
112281,3.406172514,3.386124203,3.115084361,1
112288,2.885497835,2.882852367,3.350855188,1
112297,2.901660685,2.860519555,3.310889192,1
112299,3.083492752,3.302718653,2.803899033,1
112301,2.498166671,2.849450882,2.504350068,1
112302,3.267056552,3.367948466,3.120688398,1
112303,3.246852989,2.927181926,3.589951242,1
112310,2.939758833,3.195491153,3.051088606,1
112311,2.966889331,3.144700081,2.941282821,1
112314,1.773147383,2.047812684,3.037197355,1
112316,2.877993654,3.085846907,3.126381179,1
112319,3.428685056,3.141413171,3.471380565,1
112320,3.429262301,3.577123323,2.777281015,1
112321,2.896465483,3.040562309,3.133120377,1
112322,2.616501825,2.912827201,2.759022752,1
112325,2.858944581,2.675392121,3.354851016,1
112329,3.004410234,2.796159907,3.518955458,1
112331,3.352488761,3.305696076,3.279869436,1
112333,3.263593084,3.250860236,3.178423405,1
112334,2.6678766,3.244118385,2.463195664,1
112337,2.77697584,2.882094509,3.419761228,1
112341,2.978434225,2.892376175,3.233520764,1
112354,2.880302633,2.923726984,3.108819755,1
112358,3.596663251,3.350784351,3.234271621,1
112361,3.394050377,3.436409464,3.415201292,1
112363,2.844513464,2.937689064,3.129999649,1
112366,3.531434605,3.371404265,3.393198,1
112368,3.478905341,3.300386782,3.388225209,1
112372,2.686348429,2.939515125,2.712115374,1
112373,2.090054699,2.363596924,2.87654547,1
112374,2.671917312,2.86846935,2.685172473,1
112377,3.340366624,3.425285067,3.362651292,1
112382,3.208754842,3.008733981,3.495137144,1
112389,3.349025293,3.249484261,3.290236364,1
112391,3.314390614,3.39840082,3.079540939,1
112400,3.437343726,3.164673587,3.285347686,1
112409,3.350757027,3.368594875,3.232350877,1
112411,2.785057265,2.728373609,3.422883499,1
112418,3.525662158,3.525461229,2.930448247,1
112426,3.483523298,3.43090299,3.320666546,1
112428,2.570322253,3.026319891,3.552005539,1
112432,3.459856267,3.427616938,3.581398565,1
112433,2.610152134,2.95386985,3.045832603,1
112434,3.503726861,3.359998671,3.435715215,1
112440,3.235308096,3.058485141,3.325528986,1
112441,2.813919498,3.131665606,3.029447239,1
112442,3.417717408,3.29330801,3.598184438,1
112444,2.635550899,2.941537509,3.356618966,1
112445,2.995751564,2.783631243,3.342967711,1
112449,3.104273559,3.030111754,3.21945048,1
112455,3.126208856,3.241027798,3.309193782,1
112457,3.234730852,3.312916304,2.925478542,1
112459,2.885497835,2.8220051,3.380755217,1
112464,2.473345151,2.847232175,2.935751324,1
112473,3.074834082,2.928137822,3.429641989,1
112478,3.198941683,3.08542597,3.269033318,1
112480,2.471613417,2.802480822,2.517419466,1
112482,2.799488381,2.597773385,3.390622088,1
112485,2.625160495,2.664885841,3.43697076,1
112487,3.500263393,3.320529178,3.473346839,1
112489,2.912051089,3.001092816,3.113355768,1
112495,3.088110709,2.987805436,3.521728923,1
112496,2.806415317,2.89392104,3.234668272,1
112505,3.446002396,3.422026448,3.349668324,1
112514,2.802951849,2.752223851,3.55942074,1
112515,2.925327716,2.720030311,3.34627596,1
112518,2.842204486,3.043624605,2.802357961,1
112521,3.346716315,3.230633825,3.274306299,1
112525,3.458701778,3.155122345,3.493464112,1
112527,3.231844628,3.261563697,3.137775231,1
112528,3.000946766,2.812229244,3.521450342,1
112536,3.354220495,3.184787692,3.588221106,1
112540,3.175274652,3.034269686,3.489729117,1
112543,3.538938785,3.438516722,3.47665123,1
112547,2.682884961,2.789221733,3.094101248,1
112550,3.352488761,3.310106913,3.19263568,1
112552,2.611306624,2.83498385,2.884901365,1
112555,3.19490097,3.393653061,3.453669432,1
112557,2.7596585,2.666093785,3.268642841,1
112560,2.648827526,2.571703578,3.499939391,1
112567,2.012703916,2.134252238,3.004536207,1
112578,3.242235032,3.290751524,3.382623487,1
112581,3.567801018,3.466889251,3.343551883,1
112587,2.761967479,3.292577585,3.024224419,1
112595,3.350179783,3.218048578,3.55137275,1
112596,2.857790091,2.932941305,3.546688572,1
112598,3.174120163,3.305864965,3.074203136,1
112603,2.679998738,2.874874281,3.292519804,1
112607,2.574362966,2.481780791,3.521720435,1
112608,2.354432752,2.693904779,2.978842678,1
112609,3.182201588,3.367078301,2.70964827,1
112611,2.940336077,3.040309404,3.163166256,1
112618,2.819691944,3.123069403,3.033664543,1
112619,2.800065626,2.722278166,3.430399792,1
112623,2.546655222,2.637467493,3.103645551,1
112630,2.95303546,2.905551248,3.50526639,1
112632,3.413676695,3.30561206,3.593280327,1
112637,3.168347716,3.257574654,3.103688766,1
112641,3.243389521,3.235943118,3.155835941,1
112657,2.438133227,2.721294836,3.440007373,1
112685,2.793715935,2.887010299,3.249598994,1
112688,3.260706861,3.453714178,2.741374126,1
112691,3.485255032,3.328423248,3.414019829,1
112696,3.035581445,3.079862914,3.331942529,1
112702,2.932831897,2.848720458,3.321417404,1
112716,2.921864248,2.658424329,3.595059852,1
112720,2.480849331,2.556618428,3.089017333,1
112726,3.415985674,3.44256149,3.135741047,1
112730,3.570109997,3.38463592,3.515377887,1
112732,3.297650519,3.213638598,3.307948269,1
112735,3.495645436,3.448825822,3.177128503,1
112738,3.077720305,3.021375809,3.205734403,1
112740,3.435611992,3.389832907,2.925144399,1
112743,3.256088904,3.548413015,3.122300465,1
112746,2.924750472,2.769725746,3.003570047,1
112748,2.626892229,2.659969193,3.514159384,1
112750,2.343465103,2.944543222,3.026040213,1
112752,3.287260115,3.2326845,3.295564906,1
112754,3.208177597,3.170207495,3.340874107,1
112755,3.255511659,3.223948555,3.15672416,1
112765,3.248584723,3.125653322,3.345794424,1
112767,3.604744676,3.336794837,3.486439388,1
112772,2.744072894,2.642327558,3.575289841,1
112775,3.493336457,3.38443874,3.257903186,1
112778,1.950361493,2.303198886,2.424789259,1
112789,3.29534154,3.512033251,2.843132693,1
112791,2.797179403,3.517062206,2.655043251,1
112794,3.003255745,3.133884313,3.580296587,1
112795,2.274772989,2.472032369,3.523073985,1
112797,3.436189236,3.214565345,3.43435472,1
112798,3.368074367,3.242685827,3.286674227,1
112799,3.320163061,3.166303325,3.382955315,1
112808,2.931100163,2.975810016,3.057114759,1
112817,2.78448002,2.678397835,3.343500951,1
112820,2.714056172,2.634039985,3.177666373,1
112821,2.670762823,2.93530061,3.107046403,1
112834,3.223763203,3.106634854,3.238559921,1
112835,2.755617787,2.983843827,3.0417434,1
112836,2.959962396,2.598728423,3.569385616,1
112837,3.567801018,3.438825352,3.322908315,1
112846,3.563760305,3.589764294,3.249481696,1
112850,2.61707907,2.860940492,3.130677968,1
112853,3.293032562,3.241280703,3.57332511,1
112856,3.033272467,3.282661131,2.793692617,1
112858,3.152762111,3.267575124,2.994186256,1
112859,1.929003441,2.379103868,2.914433296,1
112862,3.181047099,3.008312186,3.481736689,1
112873,2.721560353,3.080733936,2.926073518,1
112874,1.952093227,2.014832137,3.426468014,1
112877,3.383082728,3.384157544,3.392420134,1
112880,3.515271754,3.541193644,3.410825791,1
112888,3.478905341,3.29920713,3.342749322,1
112890,3.222031469,3.150290571,3.184448014,1
112891,3.365765388,3.403710113,3.332439499,1
112896,2.543191754,2.930019608,2.814925759,1
112900,2.855481113,3.067305958,3.020967101,1
112904,3.190860258,2.890072595,3.444281011,1
112906,2.480272087,2.422842744,3.173148109,1
112909,3.273983488,3.497987155,3.428932031,1
112920,3.173542918,3.078711552,3.305671002,1
112922,3.356529474,3.388680688,2.959231636,1
112938,3.252048191,3.476187588,2.938788709,1
112940,3.465628714,3.263838986,3.592289473,1
112956,3.233576362,3.064019049,3.594718764,1
112959,2.427742823,2.683089011,2.662004697,1
112960,3.286682871,3.277969097,3.494133171,1
112962,2.958807906,3.222936935,2.914849239,1
112968,3.439652704,3.154673117,3.550979958,1
112976,2.887229569,3.115905757,2.633164974,1
112978,3.560296837,3.427391467,3.468063055,1
112983,3.430994035,3.516837592,2.954670157,1
112984,3.280910424,3.068064674,3.35113377,1
112985,3.197787194,3.099556081,3.517248472,1
112992,2.051379308,2.872935913,1.917424829,1
112997,2.305366956,2.353370983,3.02398365,1
112999,2.951303726,2.727165665,3.399534374,1
113001,2.754463298,2.945751166,3.047111299,1
113004,3.096192134,3.139109591,3.088602162,1
113005,2.688080163,2.906000476,3.323440783,1
113010,2.930522918,3.061041626,2.799521217,1
113015,2.241292799,2.721182529,2.116115793,1
113018,3.57299622,3.597714947,3.076603102,1
113019,3.17007945,3.114500633,3.283607518,1
113032,3.317276837,3.164224359,3.279202693,1
113043,3.565492039,3.411322987,3.538833506,1
113046,3.312081636,3.172511075,3.515918844,1
113048,2.861253559,2.657525015,3.357815862,1
113049,3.175851897,3.224791287,3.28254181,1
113061,2.300171754,2.156529325,3.524317183,1
113063,3.504304106,3.404861475,3.423834997,1
113068,3.111200495,3.12908083,3.187134279,1
113069,3.328244486,3.38772565,3.043029813,1
113079,2.591103061,2.58864308,3.59426578,1
113081,3.055207764,2.88195391,3.270217867,1
113082,2.412734462,2.446945892,3.484159806,1
113083,2.446214652,2.647075317,2.853325218,1
113092,2.754463298,3.038764539,2.846180881,1
113095,3.210486576,2.910972848,3.361695164,1
113096,3.381928239,3.422503967,3.269669965,1
113097,3.326512752,3.587011486,2.982367002,1
113098,3.410213227,3.476581091,3.484473114,1
113102,2.730219023,3.254849279,2.420321155,1
113104,2.91955527,2.933053612,3.174618957,1
113108,3.247430234,3.289655888,2.942701965,1
113110,2.076200828,2.161838619,3.500207169,1
113121,3.263593084,3.255720302,3.231292885,1
113123,3.101387336,3.036179763,3.046920691,1
113127,3.151030377,3.303617967,2.794693503,1
113131,2.766585436,2.900662891,3.21441055,1
113134,2.805260828,2.798772975,3.114330417,1
113135,3.208754842,2.944880143,3.577351806,1
113142,2.824887146,2.628449495,3.498200766,1
113148,3.478328096,3.324237025,3.546572046,1
113152,3.144103441,2.874677958,3.484016271,1
113154,2.781593797,2.832174459,3.40622264,1
113160,3.331130709,3.483885335,2.999522516,1
113162,2.537419308,2.646120278,3.03382737,1
113163,2.702511279,2.899258624,3.556916595,1
113167,2.979588714,2.970640463,3.009021289,1
113171,3.570109997,3.443236189,3.210546682,1
113172,2.977279735,3.020869999,3.063635568,1
113179,3.592045294,3.301286096,3.341010697,1
113191,3.098501113,2.925355865,3.327425036,1
113195,3.114086719,3.366881121,2.579704377,1
113204,3.332285198,3.586309353,2.850801009,1
113208,2.502784628,2.953082843,2.611721932,1
113218,3.093305911,3.104669052,3.358912438,1
113219,3.398091089,3.331260072,3.156674,1
113220,2.84393622,3.105567508,3.584902825,1
113223,3.356529474,3.282463951,3.211889428,1
113233,3.35479774,3.230409211,3.376057149,1
113240,2.898774462,3.064806055,3.031287728,1
113241,3.46389698,3.33288981,2.972622059,1
113249,3.465628714,3.541081337,3.054388367,1
113251,2.99401983,2.902601259,3.280206666,1
113261,3.146412419,3.248023412,3.186640395,1
113266,3.278601445,3.400394912,3.604962221,1
113267,3.603012942,3.449023002,3.34993533,1
113270,2.727332799,2.963898611,2.980923935,1
113273,3.313813369,3.295864495,3.45210984,1
113274,2.613038357,2.48534804,3.340718225,1
113278,3.324203773,3.569369851,2.866585224,1
113280,3.560296837,3.480879622,3.262619775,1
113281,2.950149236,2.771101721,3.31663985,1
113284,3.327089997,3.27802568,3.08710662,1
113287,2.906278643,2.696741603,3.525953173,1
113289,2.890693037,3.15026228,2.958547144,1
113291,3.338057645,3.297549958,3.106860425,1
113293,3.444847906,3.405170962,3.026821167,1
113297,2.437555982,2.255582417,3.427779893,1
113299,3.454083821,3.142143595,3.343840496,1
113300,2.777553084,2.786159437,3.440199525,1
113306,3.073679593,3.269598365,3.277452492,1
113307,2.862985293,2.948195344,3.040224708,1
113308,3.317276837,3.301959938,3.272579249,1
113309,3.465628714,3.593136077,2.838513336,1
113310,2.518947479,2.808015587,2.912250947,1
113317,3.232999118,3.19282236,3.095260331,1
113328,3.025768286,3.26524411,2.975495073,1
113334,2.670185578,2.956763256,2.825383746,1
113335,2.957653417,3.066547243,3.353674184,1
113336,3.009028191,3.172118429,2.774298421,1
113337,2.732528001,2.841192457,3.449641964,1
113339,3.140062728,3.017864286,3.256119031,1
113344,1.862620305,2.012275651,3.460794476,1
113346,3.133135792,3.022218541,3.254487671,1
113353,2.85259489,2.86405937,3.078692076,1
113354,2.539728286,2.869846183,2.763547961,1
113355,3.291300828,3.199733101,3.35555017,1
113356,2.557045626,2.489730586,3.505340473,1
113369,3.418294652,3.412025121,3.430053301,1
113372,3.541247764,3.320304564,3.252834704,1
113373,3.416562918,3.391124867,3.299957384,1
113377,3.138908239,3.244146676,2.950516132,1
113378,2.355587241,2.775428543,3.045969193,1
113380,3.248584723,3.373454941,3.280339397,1
113385,2.495280448,2.290416459,3.457787959,1
113386,2.027712277,1.791106232,3.558945377,1
113389,3.532011849,3.433936995,3.26542025,1
113391,3.101964581,3.309320764,3.31739611,1
113395,3.491027479,3.167903915,3.519074298,1
113396,3.039044913,2.955527022,3.344159977,1
113397,3.598972229,3.547963787,3.549284548,1
113399,3.467937693,3.514309397,3.061960993,1
113401,3.280910424,3.035534212,3.43214459,1
113407,3.43041679,3.35356545,3.083487378,1
113411,3.02865451,3.025055365,3.01759403,1
113413,2.995751564,2.72528388,3.545863632,1
113416,2.662681398,2.729020017,3.121758736,1
113419,2.684616695,2.56156251,3.297197809,1
113420,3.175851897,3.558217162,2.7478795,1
113423,3.143526196,3.023398193,3.310178462,1
113430,2.007508714,2.036435381,3.518857453,1
113434,3.046549094,2.950976444,3.029275923,1
113437,2.775244106,3.278194569,3.167626643,1
113439,2.460068524,2.905382359,2.457965898,1
113442,3.598972229,3.492762735,3.183771239,1
113444,3.376733037,3.283334973,3.328332547,1
113447,2.140852229,2.67553272,2.971590305,1
113452,3.015377882,2.897685469,3.461921148,1
113453,3.376155792,3.127732288,3.34974858,1
113459,2.862408049,2.695618533,3.201781018,1
113463,3.244544011,3.062643073,3.424345858,1
113470,3.062711944,3.044298447,3.365714915,1
113474,3.444847906,3.278446617,3.487232689,1
113476,3.01133717,3.038005824,3.386994358,1
113478,2.428320068,2.383823336,3.224010415,1
113480,3.294187051,3.211784246,3.34546028,1
113496,2.832391327,2.976399842,3.382217576,1
113502,2.629201208,2.849563189,3.060703133,1
113505,3.575305199,3.508943521,3.196846811,1
113508,3.37096059,3.361375504,3.44429413,1
113509,3.582232134,3.165881531,3.550459837,1
113519,3.223185959,2.922574766,3.382742328,1
113521,3.284373892,2.999238464,3.564439061,1
113522,2.406962015,2.504366508,3.018171256,1
113524,2.738300448,2.547122911,3.432685547,1
113529,3.007873702,2.965275444,3.452396138,1
113538,2.800065626,3.591787536,2.045275119,1
113542,2.946108524,3.439106548,2.496221823,1
113547,2.933986386,2.982018623,3.073963911,1
113549,3.557410614,3.491582225,2.979301064,1
113556,3.43041679,3.095707636,3.314926691,1
113559,3.3969366,3.247995121,3.537864259,1
113571,3.241080543,3.003200073,3.495533794,1
113574,3.17123394,3.246871193,3.182411516,1
113575,3.156225578,3.238696784,3.311525067,1
113579,2.583021635,3.320304564,2.724873008,1
113601,3.573573465,3.597068538,3.090900264,1
113603,3.375001303,3.273361937,3.313421889,1
113607,3.421180875,3.331428962,3.330488658,1
113608,3.142948951,2.879397425,3.418156105,1
113614,2.648250281,3.255158767,3.289483963,1
113618,2.019053607,2.317328997,2.905476252,1
113623,3.52219869,3.386040187,3.531655986,1
113626,3.083492752,3.172118429,2.976918075,1
113635,2.568013274,2.615864248,3.40883868,1
113638,2.746959118,2.968084835,2.960129116,1
113639,3.547597455,3.455034429,3.581149308,1
113640,3.009605436,3.069188601,2.952260931,1
113654,3.21221831,3.149250659,3.452968734,1
113657,2.630932942,2.918782903,3.339185642,1
113658,3.209909331,3.30330848,3.371325897,1
113659,2.593412039,2.598897312,3.586394508,1
113660,3.093305911,3.491694532,3.571895162,1
113661,1.956133939,1.967243959,3.063001236,1
113662,3.045394605,2.85386172,2.973235555,1
113669,2.345774082,2.823774579,2.77025552,1
113671,2.545500733,2.707445064,2.981312869,1
113672,2.509134319,2.607773855,2.831907642,1
113674,3.302268476,3.472255127,2.989678796,1
113676,3.007873702,3.042922472,2.926339752,1
113677,3.176429141,2.958336412,3.569610178,1
113680,3.154493845,3.173100902,2.88422459,1
113683,3.054053274,2.89903401,3.594178578,1
113687,3.354220495,3.392753747,3.48624415,1
113692,3.481791564,3.297858588,3.101038771,1
113694,3.22087698,3.256029789,3.061936299,1
113695,2.962848619,2.9408911,3.209024903,1
113697,3.087533464,3.386011896,3.128709378,1
113699,2.389644676,2.672329826,2.956461257,1
113702,3.440807194,3.456495278,3.054764953,1
113712,3.550483678,3.282463951,3.339858559,1
113717,3.211641065,3.008762272,3.457540245,1
113719,1.878205911,1.83950885,3.127101169,1
113730,2.215894034,2.565382664,3.54894809,1
113735,2.667299355,2.74348705,2.856195917,1
113738,2.786788999,2.625247458,3.250104453,1
113741,2.8191147,2.70182714,3.467528272,1
113760,2.789097977,3.036826171,3.015858491,1
113761,2.612461113,2.761129542,3.143438688,1
113762,3.327089997,3.145795717,3.555464268,1
113768,3.344407336,3.113742775,3.595369301,1
113772,2.5760947,2.569203675,3.32381737,1
113780,2.438133227,2.615218697,2.88877758,1
113788,3.20355964,3.309151875,3.108896924,1
113789,3.48121432,3.256422435,3.567802101,1
113791,2.599184486,2.811919757,3.0654367,1
113794,2.936872609,2.87585761,3.398802809,1
113800,3.274560733,3.29381382,3.173041615,1
113806,3.446002396,3.148858013,3.344706336,1
113809,2.345774082,2.386857341,2.825004845,1
113810,2.731373512,3.010560042,3.180382734,1
113812,2.882034367,2.874509068,3.110118514,1
113818,2.76831717,2.746689944,3.322522468,1
113821,2.900506196,2.926255179,3.133872006,1
113824,2.839318263,2.69443888,3.321515409,1
113825,3.365188144,3.306370775,3.222398348,1
113830,2.681730472,2.926985603,2.769271611,1
113837,2.792561445,2.954431385,2.756979308,1
113840,2.782748286,2.787789175,3.544104943,1
113841,3.073102348,2.759921599,3.597126447,1
113843,2.730796267,3.144475467,2.812422385,1
113848,1.877051421,2.177879664,3.525196913,1
113849,2.215894034,2.603953701,3.356900634,1
113855,3.459856267,3.268025209,3.600692442,1
113858,2.953612704,2.962774684,3.260765396,1
113860,2.587639593,2.625190876,3.233420444,1
113861,2.794870424,2.731632228,2.956283768,1
113863,2.468727194,2.54529685,3.2883843,1
113872,2.801220115,2.77784443,3.241368113,1
113873,3.4887185,3.502622607,3.379787514,1
113880,3.329398975,3.412952725,3.418372951,1
113892,2.990556362,3.282604549,3.315282442,1
113901,3.482946054,3.504364652,2.835786944,1
113903,3.011914415,3.099162578,2.850297865,1
113905,3.089842443,2.952324985,3.329340379,1
113908,3.066752657,3.177933533,2.784598983,1
113909,2.858367336,2.606650785,3.467310654,1
113911,3.088110709,3.335558603,3.565291783,1
113918,3.526816647,3.385618393,3.201953105,1
113919,3.570109997,3.591928134,3.015928716,1
113921,3.104273559,2.744414655,3.481350071,1
113928,3.570109997,3.467591385,3.399336049,1
113930,2.966312087,3.166668537,3.405057383,1
113937,3.121590899,3.205575639,2.953007158,1
113946,3.118127431,3.313365532,3.057109357,1
113950,3.20471413,3.251366047,2.842306209,1
113951,3.276869712,3.211335018,3.151474331,1
113965,3.16142078,3.071295001,2.976759878,1
113969,3.134867526,3.36966222,2.403915727,1
113991,3.257243393,3.440370216,3.222111278,1
113995,2.419084153,2.360338306,3.371061206,1
113999,3.081761018,3.253445013,2.618621642,1
114002,2.93571812,2.937436159,3.07524878,1
114010,3.08580173,3.463602342,3.300973704,1
114014,2.898197217,2.530436315,3.447025924,1
114016,2.570899498,2.593784342,3.335280102,1
114021,2.990556362,3.272688095,3.14403212,1
114024,2.871066719,2.960921189,2.988718038,1
114027,3.058093987,3.473547087,3.166741511,1
114029,2.040411659,2.656149039,2.29313375,1
114030,3.451197598,3.592405653,2.699457288,1
114041,2.948994747,2.972691995,3.510273908,1
114044,1.79623717,1.954742728,2.842356369,1
114054,3.211641065,2.987608256,3.503158896,1
114055,2.715787906,2.616341767,3.443549446,1
114061,2.803529094,2.583614982,3.447097691,1
114064,3.316122348,3.516415797,2.875384071,1
114068,3.181047099,3.125091787,3.44275383,1
114073,3.380196505,3.54127766,3.205928098,1
114075,3.532589094,3.51877596,2.797527161,1
114077,2.026557787,2.201111789,3.42585992,1
114079,3.193169236,3.111439195,3.37812683,1
114087,3.551638168,3.327523934,3.332660975,1
114092,3.05232154,3.178888572,2.66237974,1
114095,3.447156885,3.292745617,3.112597193,1
114100,3.117550187,3.022639478,3.572256315,1
114106,2.706551992,2.439557632,3.566297299,1
114114,2.763121968,2.749695657,3.285774433,1
114117,3.077720305,2.853300185,3.54243114,1
114119,2.181259355,2.167316802,2.952331926,1
114121,2.274772989,2.201616742,3.465985657,1
114123,2.861830804,2.736689474,3.367646463,1
114128,2.393685388,2.071775234,3.566059617,1
114131,2.688080163,2.560860377,3.111688139,1
114136,3.534320828,3.561925009,3.0608567,1
114137,3.362879165,3.265215819,3.414965154,1
114141,2.631510186,3.212935607,2.738903935,1
114142,3.192014747,3.299600633,3.310182321,1
114144,2.073314604,2.228135777,2.891991683,1
114145,2.127575602,2.138465896,3.256782687,1
114152,3.374424058,3.357217572,3.373698854,1
114155,2.671917312,2.813549495,3.453711103,1
114157,2.413888951,2.434894747,3.319028241,1
114158,2.518370234,2.631146578,3.44131848,1
114163,3.398668334,3.410031028,3.064450476,1
114167,3.228958405,3.279907465,3.174638249,1
114169,3.591468049,3.498043738,3.063101556,1
114171,3.0944604,3.091970641,3.172338603,1
114172,2.368863868,2.351938425,3.413929541,1
114184,3.220299735,3.042444952,3.372766648,1
114189,2.315180115,2.439277293,3.186850296,1
114191,3.228958405,3.243893771,3.138828592,1
114195,2.859521825,2.764331579,3.596865614,1
114198,3.226072182,3.113573886,3.150437175,1
114200,3.202982396,3.300106443,3.070480487,1
114202,2.764853702,2.788687632,3.47634564,1
114207,3.066175412,3.1711351,3.107546461,1
114211,3.164307004,2.997384969,3.283825907,1
114214,3.181047099,3.010138247,3.587264978,1
114216,3.141217217,3.192569455,2.931374279,1
114218,2.55877736,2.488775548,3.500297457,1
114220,2.450255365,2.551083663,3.158357063,1
114221,3.396359355,3.025954679,3.601001891,1
114223,2.987092894,3.252153053,3.53100622,1
114225,2.128730091,2.552432205,2.90596319,1
114227,2.48315831,2.327779553,3.539488673,1
114229,2.268423298,2.299714796,3.25219497,1
114230,2.98651565,3.175292175,3.363328839,1
114245,3.076565816,3.149756469,3.266830134,1
114246,3.435034747,3.456074341,2.839738785,1
114248,2.47449964,2.490657334,3.133752394,1
114249,2.293244818,2.377108918,3.040622902,1
114251,3.533743583,3.235522181,3.35722706,1
114254,3.458701778,3.314067665,3.135088967,1
114257,2.720405863,3.029606801,3.028170087,1
114263,3.007873702,2.877290168,3.402763911,1
114264,2.375213559,2.349916041,3.223618395,1
114266,2.659795175,2.548808374,3.065019214,1
114269,3.582232134,3.457394591,3.420798383,1
114280,3.118127431,2.879846653,3.298445637,1
114281,2.737145958,2.892319593,3.590930521,1
114284,3.589736315,3.528270619,3.255611256,1
114286,2.116607954,2.189059787,3.297018776,1
114291,2.808724296,2.74348705,3.019225389,1
